0.000387907028198, 0, 0.0161376953125
0.00471591949463, 0.003, -0.0031494140625
0.00886297225952, 0.006, -0.0412353515625
0.0129969120026, 0.009, -0.0221923828125
0.0171329975128, 0.012, 0.0027099609375
0.0212678909302, 0.015, -0.107885742188
0.0254209041595, 0.018, 0.0371337890625
0.0295569896698, 0.021, -0.0597900390625
0.033695936203, 0.024, -0.0307373046875
0.0378448963165, 0.027, -0.0099853515625
0.0419759750366, 0.03, -0.0195068359375
0.046110868454, 0.033, -0.0141357421875
0.0502598285675, 0.036, 0.0073486328125
0.0544109344482, 0.039, -0.0239013671875
0.0585629940033, 0.042, 0.0007568359375
0.0627229213715, 0.045, 0.0097900390625
0.0668737888336, 0.048, -0.0248779296875
0.0710189342499, 0.051, -0.0009521484375
0.0751669406891, 0.054, -0.0004638671875
0.0793178081512, 0.057, 0.0415283203125
0.0834720134735, 0.06, -0.0129150390625
0.0876138210297, 0.063, -0.0243896484375
0.0917909145355, 0.066, -0.0075439453125
0.0959467887878, 0.069, -0.0031494140625
0.100099802017, 0.072, -0.0072998046875
0.104249954224, 0.075, -0.0024169921875
0.108394861221, 0.078, -0.0146240234375
0.112550973892, 0.081, 0.0112548828125
0.11670088768, 0.084, 0.0002685546875
0.120850801468, 0.087, -0.0051025390625
0.125001907349, 0.09, 0.0046630859375
0.129148006439, 0.093, 0.0080810546875
0.133296012878, 0.096, 0.0088134765625
0.137444972992, 0.099, 0.0058837890625
0.141596794128, 0.102, -0.0051025390625
0.145741939545, 0.105, 0.0136962890625
0.14988899231, 0.108, 0.0349365234375
0.154035806656, 0.111, 0.0136962890625
0.158196926117, 0.114, -0.0011962890625
0.162350893021, 0.117, -0.0412353515625
0.166496992111, 0.12, 0.0285888671875
0.170640945435, 0.123, 0.0178466796875
0.174788951874, 0.126, 0.0085693359375
0.178939819336, 0.129, 0.0395751953125
0.183090925217, 0.132, 0.0151611328125
0.18723988533, 0.135, 0.0110107421875
0.191385984421, 0.138, 0.0315185546875
0.195561885834, 0.141, -0.0077880859375
0.199719905853, 0.144, 0.0232177734375
0.203866958618, 0.147, 0.0046630859375
0.208009958267, 0.15, 0.0390869140625
0.212205886841, 0.153, 0.0310302734375
0.216356992722, 0.156, 0.0180908203125
0.220501899719, 0.159, 0.0105224609375
0.22464299202, 0.162, 0.0412841796875
0.228788852692, 0.165, -0.0148681640625
0.232940912247, 0.168, -0.0439208984375
0.237088918686, 0.171, 0.0544677734375
0.241237878799, 0.174, 0.0478759765625
0.245381832123, 0.177, 0.0461669921875
0.249526977539, 0.18, 0.0356689453125
0.253688812256, 0.183, -0.0456298828125
0.257838964462, 0.186, 0.0822998046875
0.261991024017, 0.189, 0.0302978515625
0.266143798828, 0.192, 0.0122314453125
0.270309925079, 0.195, 0.0508056640625
0.274458885193, 0.198, -0.0031494140625
0.278605937958, 0.201, 0.0329833984375
0.282758951187, 0.204, 0.0334716796875
0.286901950836, 0.207, 0.0212646484375
0.29105091095, 0.21, 0.0447021484375
0.295226812363, 0.213, 0.0300537109375
0.299377918243, 0.216, 0.0029541015625
0.303521871567, 0.219, 0.0754638671875
0.307668924332, 0.222, 0.105981445312
0.311827898026, 0.225, -0.0119384765625
0.315979957581, 0.228, 0.0840087890625
0.320123910904, 0.231, -0.0121826171875
0.324268817902, 0.234, 0.0478759765625
0.328415870667, 0.237, 0.0193115234375
0.332567930222, 0.24, 0.0442138671875
0.336715936661, 0.243, 0.0727783203125
0.3408639431, 0.246, 0.0364013671875
0.345012903214, 0.249, 0.0378662109375
0.349157810211, 0.252, 0.0371337890625
0.353308916092, 0.255, 0.0722900390625
0.357457876205, 0.258, 0.0495849609375
0.36160993576, 0.261, 0.0425048828125
0.365763902664, 0.264, 0.0400634765625
0.369906902313, 0.267, 0.0742431640625
0.374056816101, 0.27, 0.0493408203125
0.378206014633, 0.273, 0.0307861328125
0.382365942001, 0.276, 0.0508056640625
0.38650894165, 0.279, 0.0149169921875
0.390657901764, 0.282, 0.0659423828125
0.394805908203, 0.285, 0.0376220703125
0.398983955383, 0.288, 0.0744873046875
0.403239011765, 0.291, 0.0527587890625
0.407388925552, 0.294, 0.0947509765625
0.411535978317, 0.297, 0.0857177734375
0.415682792664, 0.3, 0.0256591796875
0.419835805893, 0.303, 0.0664306640625
0.423987865448, 0.306, 0.0427490234375
0.428131818771, 0.309, 0.0930419921875
0.432279825211, 0.312, 0.0473876953125
0.436560869217, 0.315, 0.0652099609375
0.440717935562, 0.318, 0.0635009765625
0.444865942001, 0.321, 0.0630126953125
0.449014902115, 0.324, 0.0879150390625
0.453224897385, 0.327, 0.0864501953125
0.457368850708, 0.33, 0.0827880859375
0.461519002914, 0.333, 0.0815673828125
0.465667009354, 0.336, 0.0764404296875
0.469835996628, 0.339, 0.0920654296875
0.473985910416, 0.342, 0.0749755859375
0.478128910065, 0.345, 0.0737548828125
0.482283830643, 0.348, 0.0671630859375
0.486430883408, 0.351, 0.102075195312
0.490589857101, 0.354, 0.0454345703125
0.494740962982, 0.357, 0.109399414062
0.498916864395, 0.36, 0.0525146484375
0.50307393074, 0.363, 0.101586914062
0.507228851318, 0.366, 0.103784179687
0.511381864548, 0.369, 0.0866943359375
0.515525817871, 0.372, 0.0874267578125
0.519675016403, 0.375, 0.0639892578125
0.523825883865, 0.378, 0.0932861328125
0.527973890305, 0.381, 0.0879150390625
0.532121896744, 0.384, 0.0864501953125
0.536264896393, 0.387, 0.0635009765625
0.540409803391, 0.39, 0.101098632812
0.544564008713, 0.393, 0.119653320312
0.548717975616, 0.396, 0.0930419921875
0.552868843079, 0.399, 0.111840820312
0.557015895844, 0.402, 0.0791259765625
0.561160802841, 0.405, 0.112084960937
0.565315961838, 0.408, 0.0898681640625
0.5694668293, 0.411, 0.0942626953125
0.573618888855, 0.414, 0.115014648437
0.577771902084, 0.417, 0.0984130859375
0.581923961639, 0.42, 0.124291992187
0.586078882217, 0.423, 0.100854492187
0.590248823166, 0.426, 0.120629882812
0.594398021698, 0.429, 0.100854492187
0.59854888916, 0.432, 0.126977539062
0.602707862854, 0.435, 0.0788818359375
0.60685801506, 0.438, 0.108666992187
0.611011981964, 0.441, 0.121362304687
0.615161895752, 0.444, 0.0935302734375
0.619310855865, 0.447, 0.120874023437
0.623466014862, 0.45, 0.0989013671875
0.627619981766, 0.453, 0.114770507812
0.631770849228, 0.456, 0.123559570312
0.635919809341, 0.459, 0.113061523437
0.640079021454, 0.462, 0.114770507812
0.644233942032, 0.465, 0.0984130859375
0.648379802704, 0.468, 0.133325195312
0.65252995491, 0.471, 0.0930419921875
0.656675815582, 0.474, 0.141625976562
0.660832881927, 0.477, 0.0747314453125
0.664984941483, 0.48, 0.124047851562
0.669144868851, 0.483, 0.109643554687
0.673295974731, 0.486, 0.124047851562
0.677449941635, 0.489, 0.132592773437
0.681608915329, 0.492, 0.111596679687
0.685770988464, 0.495, 0.117700195312
0.689922809601, 0.498, 0.109399414062
0.694082021713, 0.501, 0.131860351562
0.698236942291, 0.504, 0.106469726562
0.702430963516, 0.507, 0.130639648437
0.706592798233, 0.51, 0.131372070312
0.710753917694, 0.513, 0.126977539062
0.714905977249, 0.516, 0.140405273437
0.719105005264, 0.519, 0.122827148437
0.723259925842, 0.522, 0.129418945312
0.727408885956, 0.525, 0.104516601562
0.731562852859, 0.528, 0.125024414062
0.73571896553, 0.531, 0.144799804687
0.73987698555, 0.534, 0.116967773437
0.744028806686, 0.537, 0.137719726562
0.748178005219, 0.54, 0.118920898437
0.752336025238, 0.543, 0.129907226562
0.756489992142, 0.546, 0.125024414062
0.760643005371, 0.549, 0.121850585937
0.764792919159, 0.552, 0.110620117187
0.768944978714, 0.555, 0.112329101562
0.773100852966, 0.558, 0.111108398437
0.777256011963, 0.561, 0.113061523437
0.781413793564, 0.564, 0.129174804687
0.785570859909, 0.567, 0.138940429687
0.789739847183, 0.57, 0.146264648437
0.793892860413, 0.573, 0.134057617187
0.798043966293, 0.576, 0.108422851562
0.802202939987, 0.579, 0.140405273437
0.806396007538, 0.582, 0.128442382812
0.810547828674, 0.585, 0.127709960937
0.81470489502, 0.588, 0.167749023437
0.818858861923, 0.591, 0.144311523437
0.823012828827, 0.594, 0.151147460937
0.827160835266, 0.597, 0.131372070312
0.831308841705, 0.6, 0.152612304687
0.835464954376, 0.603, 0.133325195312
0.839627981186, 0.606, 0.148217773437
0.843776941299, 0.609, 0.128442382812
0.847923994064, 0.612, 0.146020507812
0.852077960968, 0.615, 0.144067382812
0.856235980988, 0.618, 0.136743164062
0.86040186882, 0.621, 0.143579101562
0.864550828934, 0.624, 0.138940429687
0.868703842163, 0.627, 0.139184570312
0.872861862183, 0.63, 0.153344726562
0.877012968063, 0.633, 0.140893554687
0.881234884262, 0.636, 0.123071289062
0.885403871536, 0.639, 0.163110351562
0.889556884766, 0.642, 0.106958007812
0.893724918365, 0.645, 0.198999023437
0.897878885269, 0.648, 0.114038085937
0.902028799057, 0.651, 0.157250976562
0.906202793121, 0.654, 0.130639648437
0.910379886627, 0.657, 0.149682617187
0.914528846741, 0.66, 0.140893554687
0.918677806854, 0.663, 0.127954101562
0.922832965851, 0.666, 0.163842773437
0.926988840103, 0.669, 0.168725585937
0.931141853333, 0.672, 0.165307617187
0.935292959213, 0.675, 0.155053710937
0.939446926117, 0.678, 0.132836914062
0.943604946136, 0.681, 0.177026367187
0.947762012482, 0.684, 0.150903320312
0.951917886734, 0.687, 0.184838867187
0.956068992615, 0.69, 0.139916992187
0.960225820541, 0.693, 0.158227539062
0.964381933212, 0.696, 0.172631835937
0.968529939651, 0.699, 0.153344726562
0.97273182869, 0.702, 0.163110351562
0.97688794136, 0.705, 0.194360351562
0.981042861938, 0.708, 0.155541992187
0.985196828842, 0.711, 0.156762695312
0.989367008209, 0.714, 0.151391601562
0.993517875671, 0.717, 0.150659179687
0.997669935226, 0.72, 0.184106445312
1.00182390213, 0.723, 0.141381835937
1.0059800148, 0.726, 0.170678710937
1.01014900208, 0.729, 0.155786132812
1.01429891586, 0.732, 0.175561523437
1.01845192909, 0.735, 0.132348632812
1.02261185646, 0.738, 0.176782226562
1.02676987648, 0.741, 0.140405273437
1.03092098236, 0.744, 0.172387695312
1.0350728035, 0.747, 0.169213867187
1.03933882713, 0.75, 0.132104492187
1.043653965, 0.753, 0.200219726562
1.04781389236, 0.756, 0.161401367187
1.05197381973, 0.759, 0.166284179687
1.05611801147, 0.762, 0.170190429687
1.06026601791, 0.765, 0.163354492187
1.06442284584, 0.768, 0.167504882812
1.06857585907, 0.771, 0.177514648437
1.0727288723, 0.774, 0.181420898437
1.07687187195, 0.777, 0.180200195312
1.08101892471, 0.78, 0.185571289062
1.08517193794, 0.783, 0.172631835937
1.08932900429, 0.786, 0.176293945312
1.09348487854, 0.789, 0.179711914062
1.09763979912, 0.792, 0.181909179687
1.10180091858, 0.795, 0.179711914062
1.10595297813, 0.798, 0.175317382812
1.11015295982, 0.801, 0.177026367187
1.11430883408, 0.804, 0.180932617187
1.11846280098, 0.807, 0.161401367187
1.122620821, 0.81, 0.178002929687
1.1267747879, 0.813, 0.178247070312
1.13092684746, 0.816, 0.180444335937
1.13508081436, 0.819, 0.169702148437
1.13923978806, 0.822, 0.183618164062
1.14339780807, 0.825, 0.176782226562
1.1475520134, 0.828, 0.175317382812
1.15171384811, 0.831, 0.175073242187
1.15586996078, 0.834, 0.182397460937
1.16002678871, 0.837, 0.170190429687
1.16417694092, 0.84, 0.178491210937
1.16832995415, 0.843, 0.175561523437
1.17248892784, 0.846, 0.179711914062
1.17664480209, 0.849, 0.180444335937
1.1807949543, 0.852, 0.173852539062
1.18494486809, 0.855, 0.182397460937
1.18910694122, 0.858, 0.176538085937
1.19326591492, 0.861, 0.180932617187
1.19742488861, 0.864, 0.159936523437
1.20157599449, 0.867, 0.180200195312
1.20574498177, 0.87, 0.173852539062
1.20990300179, 0.873, 0.180932617187
1.21405386925, 0.876, 0.171899414062
1.21820092201, 0.879, 0.181176757812
1.22237181664, 0.882, 0.178491210937
1.22652697563, 0.885, 0.173852539062
1.23068094254, 0.888, 0.179467773437
1.23483300209, 0.891, 0.182153320312
1.23898792267, 0.894, 0.176782226562
1.24318480492, 0.897, 0.174340820312
1.24734187126, 0.9, 0.185327148437
1.25149893761, 0.903, 0.182153320312
1.25565481186, 0.906, 0.172387695312
1.25980496407, 0.909, 0.178491210937
1.26395702362, 0.912, 0.182397460937
1.26811289787, 0.915, 0.182885742187
1.27227497101, 0.918, 0.173364257812
1.27642393112, 0.921, 0.180932617187
1.28057384491, 0.924, 0.179223632812
1.28473091125, 0.927, 0.178491210937
1.28888583183, 0.93, 0.179711914062
1.2930419445, 0.933, 0.173852539062
1.29718995094, 0.936, 0.182397460937
1.30134487152, 0.939, 0.173608398437
1.30550098419, 0.942, 0.175805664062
1.30965900421, 0.945, 0.175073242187
1.31383395195, 0.948, 0.169213867187
1.31799387932, 0.951, 0.174584960937
1.32223296165, 0.954, 0.157495117187
1.32640600204, 0.957, 0.176782226562
1.33056282997, 0.96, 0.173852539062
1.33471488953, 0.963, 0.174340820312
1.3388698101, 0.966, 0.169702148437
1.34315991402, 0.969, 0.174340820312
1.3473110199, 0.972, 0.172631835937
1.35146689415, 0.975, 0.171655273437
1.35562086105, 0.978, 0.172631835937
1.35977888107, 0.981, 0.173120117187
1.36393380165, 0.984, 0.179223632812
1.36808180809, 0.987, 0.175317382812
1.37225794792, 0.99, 0.170678710937
1.37641596794, 0.993, 0.175317382812
1.38056588173, 0.996, 0.170678710937
1.38471794128, 0.999, 0.168481445312
1.38887381554, 1.002, 0.175561523437
1.39303278923, 1.005, 0.178247070312
1.397179842, 1.008, 0.170434570312
1.40133094788, 1.011, 0.176782226562
1.40548801422, 1.014, 0.171655273437
1.40964198112, 1.017, 0.176049804687
1.41381001472, 1.02, 0.170434570312
1.41795802116, 1.023, 0.171899414062
1.42211580276, 1.026, 0.172143554687
1.42627096176, 1.029, 0.170434570312
1.43043780327, 1.032, 0.171899414062
1.43458580971, 1.035, 0.174584960937
1.4387409687, 1.038, 0.167504882812
1.44289684296, 1.041, 0.171899414062
1.44704699516, 1.044, 0.175805664062
1.45119690895, 1.047, 0.173120117187
1.45535087585, 1.05, 0.174096679687
1.45950698853, 1.053, 0.175805664062
1.46365189552, 1.056, 0.174096679687
1.46779084206, 1.059, 0.177758789062
1.47193098068, 1.062, 0.176049804687
1.47608590126, 1.065, 0.174584960937
1.48024296761, 1.068, 0.171411132812
1.48439598083, 1.071, 0.174096679687
1.4885468483, 1.074, 0.171411132812
1.49270296097, 1.077, 0.173364257812
1.49685287476, 1.08, 0.175317382812
1.50100898743, 1.083, 0.173364257812
1.505163908, 1.086, 0.172387695312
1.5093228817, 1.089, 0.176782226562
1.51347398758, 1.092, 0.170922851562
1.51762580872, 1.095, 0.175561523437
1.52178192139, 1.098, 0.176538085937
1.52593994141, 1.101, 0.171411132812
1.5300848484, 1.104, 0.167260742187
1.534252882, 1.107, 0.176293945312
1.53840589523, 1.11, 0.173852539062
1.54255580902, 1.113, 0.169213867187
1.54670095444, 1.116, 0.157495117187
1.5508518219, 1.119, 0.172387695312
1.55500483513, 1.122, 0.174096679687
1.55916380882, 1.125, 0.174340820312
1.56330990791, 1.128, 0.175805664062
1.56745481491, 1.131, 0.175073242187
1.57160496712, 1.134, 0.174096679687
1.57575583458, 1.137, 0.175073242187
1.57991099358, 1.14, 0.185327148437
1.58405780792, 1.143, 0.170190429687
1.58820390701, 1.146, 0.178002929687
1.59235501289, 1.149, 0.178491210937
1.59651494026, 1.152, 0.178002929687
1.60071492195, 1.155, 0.156762695312
1.6048719883, 1.158, 0.175805664062
1.60901689529, 1.161, 0.173608398437
1.61320996284, 1.164, 0.169702148437
1.61738586426, 1.167, 0.171655273437
1.62153601646, 1.17, 0.169458007812
1.62567687035, 1.173, 0.155053710937
1.62981581688, 1.176, 0.173852539062
1.63395285606, 1.179, 0.176049804687
1.63809394836, 1.182, 0.174829101562
1.64226794243, 1.185, 0.166528320312
1.64643502235, 1.188, 0.174829101562
1.65058588982, 1.191, 0.159692382812
1.65473985672, 1.194, 0.168725585937
1.65889596939, 1.197, 0.174340820312
1.66304898262, 1.2, 0.178979492187
1.66719794273, 1.203, 0.170434570312
1.6713488102, 1.206, 0.175073242187
1.67550587654, 1.209, 0.167504882812
1.67966485023, 1.212, 0.171899414062
1.683811903, 1.215, 0.171899414062
1.68795990944, 1.218, 0.167993164062
1.69211483002, 1.221, 0.173364257812
1.69627094269, 1.224, 0.168237304687
1.70042490959, 1.227, 0.170678710937
1.70457482338, 1.23, 0.175073242187
1.70872879028, 1.233, 0.181420898437
1.7128868103, 1.236, 0.174096679687
1.71704483032, 1.239, 0.168237304687
1.7212228775, 1.242, 0.175561523437
1.72539281845, 1.245, 0.171655273437
1.72955179214, 1.248, 0.154321289062
1.73370099068, 1.251, 0.172875976562
1.73784780502, 1.254, 0.172387695312
1.74200391769, 1.257, 0.175073242187
1.74615693092, 1.26, 0.167504882812
1.75032281876, 1.263, 0.174829101562
1.75447201729, 1.266, 0.184594726562
1.75862884521, 1.269, 0.170922851562
1.76279401779, 1.272, 0.174096679687
1.76694393158, 1.275, 0.175317382812
1.77109479904, 1.278, 0.175073242187
1.77525091171, 1.281, 0.156030273437
1.77940797806, 1.284, 0.172631835937
1.78356289864, 1.287, 0.157495117187
1.78771090508, 1.29, 0.172631835937
1.79186487198, 1.293, 0.173852539062
1.79602098465, 1.296, 0.173120117187
1.8001768589, 1.299, 0.171166992187
1.80445599556, 1.302, 0.171899414062
1.80861401558, 1.305, 0.172143554687
1.81277680397, 1.308, 0.178979492187
1.8169298172, 1.311, 0.173608398437
1.82110881805, 1.314, 0.174829101562
1.82527399063, 1.317, 0.171166992187
1.82944202423, 1.32, 0.170190429687
1.83359098434, 1.323, 0.173364257812
1.8377559185, 1.326, 0.168725585937
1.84191298485, 1.329, 0.178247070312
1.84606695175, 1.332, 0.174584960937
1.85021901131, 1.335, 0.180444335937
1.85438585281, 1.338, 0.177026367187
1.85854291916, 1.341, 0.176049804687
1.86274385452, 1.344, 0.174829101562
1.86689996719, 1.347, 0.177514648437
1.87105584145, 1.35, 0.172387695312
1.87520980835, 1.353, 0.177026367187
1.87936282158, 1.356, 0.171166992187
1.88351988792, 1.359, 0.178735351562
1.88767790794, 1.362, 0.169946289062
1.8918299675, 1.365, 0.172875976562
1.89597988129, 1.368, 0.172631835937
1.90013980865, 1.371, 0.173364257812
1.90429782867, 1.374, 0.174096679687
1.90844893456, 1.377, 0.179223632812
1.91260099411, 1.38, 0.172631835937
1.91675782204, 1.383, 0.180444335937
1.92091488838, 1.386, 0.179711914062
1.92509579659, 1.389, 0.174584960937
1.92925286293, 1.392, 0.184106445312
1.93341779709, 1.395, 0.175073242187
1.93756985664, 1.398, 0.176782226562
1.94172000885, 1.401, 0.168969726562
1.94587182999, 1.404, 0.174829101562
1.95002985001, 1.407, 0.178979492187
1.95419692993, 1.41, 0.181420898437
1.95834898949, 1.413, 0.179223632812
1.96250295639, 1.416, 0.176293945312
1.96665787697, 1.419, 0.177758789062
1.97081279755, 1.422, 0.177758789062
1.97495985031, 1.425, 0.176293945312
1.97911381721, 1.428, 0.174340820312
1.98326802254, 1.431, 0.174584960937
1.98742198944, 1.434, 0.176049804687
1.99157500267, 1.437, 0.176782226562
1.99572181702, 1.44, 0.173852539062
1.99987697601, 1.443, 0.178491210937
2.00403189659, 1.446, 0.174340820312
2.00841498375, 1.449, 0.177514648437
2.01258897781, 1.452, 0.176293945312
2.01674985886, 1.455, 0.177514648437
2.02091479301, 1.458, 0.182885742187
2.02507400513, 1.461, 0.180932617187
2.02923583984, 1.464, 0.179956054687
2.03339982033, 1.467, 0.173364257812
2.0375649929, 1.47, 0.170678710937
2.0417239666, 1.473, 0.172631835937
2.04590392113, 1.476, 0.170434570312
2.05006694794, 1.479, 0.168237304687
2.05422401428, 1.482, 0.178735351562
2.05838489532, 1.485, 0.183129882812
2.06255102158, 1.488, 0.166528320312
2.06670999527, 1.491, 0.187768554687
2.07086992264, 1.494, 0.160424804687
2.07503390312, 1.497, 0.211938476562
2.07919692993, 1.5, 0.142602539062
2.08335185051, 1.503, 0.199487304687
2.0875108242, 1.506, 0.147485351562
2.09167599678, 1.509, 0.200952148437
2.09583592415, 1.512, 0.142602539062
2.09999299049, 1.515, 0.178979492187
2.10415697098, 1.518, 0.200952148437
2.10831880569, 1.521, 0.137475585937
2.11247587204, 1.524, 0.232690429687
2.11663484573, 1.527, 0.0959716796875
2.12079381943, 1.53, 0.210473632812
2.12495279312, 1.533, 0.128686523437
2.12911295891, 1.536, 0.125024414062
2.133289814, 1.539, 0.207055664062
2.13745498657, 1.542, 0.104760742187
2.14161300659, 1.545, 0.269067382812
2.14577388763, 1.548, 0.0700927734375
2.1499478817, 1.551, 0.240747070312
2.15410280228, 1.554, 0.132348632812
2.15827584267, 1.557, 0.262719726562
2.16244292259, 1.56, 0.0854736328125
2.16659379005, 1.563, 0.245385742187
2.17075300217, 1.566, 0.0803466796875
2.17491197586, 1.569, 0.216088867187
2.17908000946, 1.572, 0.173120117187
2.18323588371, 1.575, 0.272485351562
2.18739700317, 1.578, 0.174829101562
2.19156289101, 1.581, 0.204858398437
2.1957218647, 1.584, 0.0752197265625
2.19987392426, 1.587, 0.277368164062
2.20403695107, 1.59, 0.0788818359375
2.20819592476, 1.593, 0.281518554687
2.21235895157, 1.596, 0.149682617187
2.21651887894, 1.599, 0.219506835937
2.2206799984, 1.602, 0.188500976562
2.22484087944, 1.605, 0.118432617187
2.22899794579, 1.608, 0.354028320312
2.23321700096, 1.611, 0.0676513671875
2.23737001419, 1.614, 0.342065429687
2.24153494835, 1.617, 0.131860351562
2.24569892883, 1.62, 0.173120117187
2.24985790253, 1.623, 0.143334960937
2.25402593613, 1.626, 0.134301757812
2.25820183754, 1.629, 0.157006835937
2.26236081123, 1.632, 0.203637695312
2.26652383804, 1.635, 0.189477539062
2.27079796791, 1.638, 0.204370117187
2.27496290207, 1.641, 0.161889648437
2.27912187576, 1.644, 0.317895507812
2.2832839489, 1.647, 0.0593505859375
2.28744101524, 1.65, 0.285424804687
2.29160380363, 1.653, 0.0864501953125
2.29575586319, 1.656, 0.214379882812
2.29991889, 1.659, -0.228247070313
2.30408096313, 1.662, 0.430200195312
2.30823683739, 1.665, 0.0010009765625
2.31239390373, 1.668, 0.396020507812
2.31655883789, 1.671, -0.0756591796875
2.32071495056, 1.674, 0.320581054687
2.32487201691, 1.677, 0.0666748046875
2.32903289795, 1.68, 0.174584960937
2.33330893517, 1.683, 0.407006835937
2.33746981621, 1.686, -0.0192626953125
2.34162187576, 1.689, 0.292504882812
2.34578585625, 1.692, -0.0697998046875
2.34995794296, 1.695, 0.0735107421875
2.35410881042, 1.698, 0.299096679687
2.35828399658, 1.701, 0.0610595703125
2.3624458313, 1.704, 0.502465820312
2.36660599709, 1.707, 0.169458007812
2.37076592445, 1.71, 0.0285888671875
2.37492585182, 1.713, 0.287377929687
2.37909197807, 1.716, -0.0827392578125
2.38324284554, 1.719, 0.333520507812
2.38740682602, 1.722, 0.133081054687
2.39157390594, 1.725, -0.110083007813
2.39573097229, 1.728, 0.396508789062
2.39988994598, 1.731, -0.161840820313
2.40405488014, 1.734, 0.415307617187
2.4082159996, 1.737, 0.0862060546875
2.41237092018, 1.74, 0.113549804687
2.41653394699, 1.743, 0.539086914062
2.42070198059, 1.746, -0.295385742188
2.42485880852, 1.749, 0.655786132812
2.42902398109, 1.752, -0.0207275390625
2.43322086334, 1.755, 0.106713867187
2.43737792969, 1.758, 0.450708007812
2.44154286385, 1.761, -0.279028320313
2.44570589066, 1.764, 0.780053710937
2.44986796379, 1.767, -0.483374023438
2.45403194427, 1.77, 0.456811523437
2.45819401741, 1.773, 0.0393310546875
2.46236085892, 1.776, 0.136254882812
2.46652388573, 1.779, 0.280053710937
2.47068881989, 1.782, -0.186499023438
2.4748468399, 1.785, 0.751489257812
2.47900485992, 1.788, -0.196264648438
2.48321485519, 1.791, 0.580590820312
2.48737287521, 1.794, -0.301977539063
2.49153900146, 1.797, 0.635034179687
2.4957048893, 1.8, 0.0449462890625
2.49985790253, 1.803, 0.281762695312
2.5040140152, 1.806, -0.0990966796875
2.50817298889, 1.809, 0.0671630859375
2.512403965, 1.812, 0.427026367187
2.51658201218, 1.815, -0.0121826171875
2.52074098587, 1.818, 0.114282226562
2.52493190765, 1.821, -0.0651611328125
2.52909898758, 1.824, 0.222436523437
2.53325486183, 1.827, 0.219506835937
2.53741788864, 1.83, 0.460717773437
2.54164099693, 1.833, 0.103784179687
2.5459549427, 1.836, 0.0844970703125
2.55011487007, 1.839, -0.104223632813
2.55426692963, 1.842, 0.462182617187
2.55843496323, 1.845, 0.156518554687
2.56259489059, 1.848, 0.444604492187
2.56675291061, 1.851, -0.0278076171875
2.57091093063, 1.854, 0.162377929687
2.57506394386, 1.857, -0.0925048828125
2.57921290398, 1.86, 0.489282226562
2.58337402344, 1.863, 0.110131835937
2.5875389576, 1.866, 0.467065429687
2.59170794487, 1.869, -0.0182861328125
2.5958468914, 1.872, 0.210229492187
2.59999585152, 1.875, -0.0959228515625
2.60415387154, 1.878, 0.412133789062
2.60831785202, 1.881, 0.146508789062
2.61247801781, 1.884, 0.404077148437
2.61663579941, 1.887, 0.157006835937
2.62079882622, 1.89, 0.233666992187
2.6250038147, 1.893, -0.129614257813
2.6291718483, 1.896, 0.0862060546875
2.63333201408, 1.899, 0.0625244140625
2.63749194145, 1.902, 0.171166992187
2.6416490078, 1.905, 0.339624023437
2.64582490921, 1.908, 0.274194335937
2.64998698235, 1.911, 0.251977539062
2.65414381027, 1.914, 0.0781494140625
2.65830302238, 1.917, 0.0962158203125
2.66247200966, 1.92, -0.0204833984375
2.6666238308, 1.923, 0.205834960937
2.6707868576, 1.926, 0.0613037109375
2.67494487762, 1.929, 0.315454101562
2.67910981178, 1.932, 0.190209960937
2.68326687813, 1.935, 0.301293945312
2.68743085861, 1.938, 0.156762695312
2.69159579277, 1.941, 0.248559570312
2.69575190544, 1.944, 0.0764404296875
2.69990897179, 1.947, 0.0034423828125
2.70406699181, 1.95, 0.0669189453125
2.70822286606, 1.953, 0.135034179687
2.71238088608, 1.956, 0.170678710937
2.71653985977, 1.959, 0.0810791015625
2.72069883347, 1.962, 0.304956054687
2.72485685349, 1.965, 0.169458007812
2.72914791107, 1.968, 0.307397460937
2.73333692551, 1.971, 0.186303710937
2.7374958992, 1.974, 0.269311523437
2.74165391922, 1.977, 0.158471679687
2.74581694603, 1.98, 0.0996337890625
2.74998497963, 1.983, 0.141137695312
2.75414180756, 1.986, 0.0722900390625
2.75831079483, 1.989, 0.206079101562
2.76247501373, 1.992, 0.0193115234375
2.76662993431, 1.995, 0.141625976562
2.77078986168, 1.998, 0.110131835937
2.77495384216, 2.001, 0.280297851562
2.7791159153, 2.004, 0.175805664062
2.78327298164, 2.007, 0.181665039062
2.78743386269, 2.01, 0.260766601562
2.79159998894, 2.013, 0.179711914062
2.79575681686, 2.016, 0.231713867187
2.79991793633, 2.019, 0.0967041015625
2.80407691002, 2.022, 0.201684570312
2.80823493004, 2.025, 0.118188476562
2.81239295006, 2.028, 0.146264648437
2.81655693054, 2.031, 0.113061523437
2.82072401047, 2.034, 0.146020507812
2.82487988472, 2.037, 0.152124023437
2.82903981209, 2.04, 0.119409179687
2.8332529068, 2.043, 0.0603271484375
2.83740997314, 2.046, 0.0647216796875
2.84156894684, 2.049, 0.211206054687
2.84572982788, 2.052, 0.105981445312
2.84988594055, 2.055, 0.216333007812
2.85404491425, 2.058, 0.178247070312
2.85820794106, 2.061, 0.155786132812
2.86238098145, 2.064, 0.227807617187
2.86653995514, 2.067, 0.163842773437
2.87070393562, 2.07, 0.286401367187
2.87486481667, 2.073, 0.192163085937
2.87902283669, 2.076, 0.151391601562
2.88323783875, 2.079, 0.240747070312
2.88739490509, 2.082, 0.140649414062
2.89155697823, 2.085, 0.292749023437
2.89572191238, 2.088, 0.112573242187
2.89988088608, 2.091, 0.0837646484375
2.90403580666, 2.094, 0.174584960937
2.90820002556, 2.097, 0.155053710937
2.91236591339, 2.1, 0.243920898437
2.91651988029, 2.103, 0.0749755859375
2.92067480087, 2.106, 0.0234619140625
2.92483091354, 2.109, 0.112329101562
2.92898988724, 2.112, 0.153344726562
2.93320083618, 2.115, 0.195825195312
2.93736600876, 2.118, 0.0603271484375
2.94151902199, 2.121, -0.0019287109375
2.94567894936, 2.124, 0.106713867187
2.94985580444, 2.127, 0.168237304687
2.95401287079, 2.13, 0.117944335937
2.95817184448, 2.133, 0.0827880859375
2.96233201027, 2.136, 0.0171142578125
2.96649980545, 2.139, 0.109399414062
2.9706568718, 2.142, 0.170922851562
2.97482180595, 2.145, 0.0954833984375
2.97898101807, 2.148, 0.0886474609375
2.98318696022, 2.151, 0.0493408203125
2.98734688759, 2.154, 0.121606445312
2.9915099144, 2.157, 0.193139648437
2.99566483498, 2.16, 0.141625976562
2.99983000755, 2.163, 0.349877929687
3.00399398804, 2.166, 0.0852294921875
3.00814580917, 2.169, 0.139916992187
3.01230978966, 2.172, 0.225854492187
3.01647400856, 2.175, 0.180932617187
3.02062988281, 2.178, 0.392114257812
3.02478599548, 2.181, 0.183618164062
3.02894997597, 2.184, 0.166284179687
3.03311896324, 2.187, 0.218530273437
3.03727579117, 2.19, 0.223901367187
3.04144001007, 2.193, 0.359643554687
3.04560494423, 2.196, 0.210229492187
3.04976201057, 2.199, 0.261987304687
3.05393600464, 2.202, 0.271508789062
3.05809688568, 2.205, 0.188745117187
3.06226086617, 2.208, 0.415307617187
3.06641697884, 2.211, 0.188012695312
3.07058191299, 2.214, 0.262231445312
3.07474279404, 2.217, 0.255639648437
3.07889795303, 2.22, 0.218774414062
3.08306384087, 2.223, 0.394067382812
3.08722901344, 2.226, 0.195825195312
3.09138989449, 2.229, 0.278833007812
3.09555101395, 2.232, 0.292016601562
3.09971499443, 2.235, 0.171655273437
3.1038749218, 2.238, 0.396752929687
3.10802984238, 2.241, 0.170434570312
3.11223983765, 2.244, 0.312280273437
3.11639499664, 2.247, 0.224145507812
3.1205599308, 2.25, 0.290551757812
3.12472295761, 2.253, 0.365258789062
3.12888002396, 2.256, 0.189477539062
3.13303899765, 2.259, 0.290063476562
3.13720202446, 2.262, 0.278588867187
3.1413769722, 2.265, 0.316918945312
3.14553499222, 2.268, 0.333520507812
3.1496989727, 2.271, 0.133569335937
3.15386390686, 2.274, 0.303002929687
3.15802884102, 2.277, 0.290551757812
3.16224598885, 2.28, 0.292993164062
3.16640591621, 2.283, 0.374780273437
3.17057085037, 2.286, 0.170678710937
3.17473697662, 2.289, 0.297387695312
3.17889285088, 2.292, 0.283227539062
3.18305301666, 2.295, 0.294702148437
3.18729496002, 2.298, 0.379418945312
3.19146680832, 2.301, 0.201684570312
3.19562697411, 2.304, 0.203393554687
3.19978690147, 2.307, 0.303491210937
3.20394992828, 2.31, 0.263452148437
3.20811891556, 2.313, 0.388940429687
3.21227693558, 2.316, 0.181420898437
3.21643590927, 2.319, 0.343041992187
3.22059988976, 2.322, 0.248071289062
3.22475886345, 2.325, 0.198754882812
3.22894191742, 2.328, 0.385766601562
3.23311281204, 2.331, 0.146752929687
3.23726987839, 2.334, 0.321557617187
3.24142694473, 2.337, 0.243676757812
3.24559092522, 2.34, 0.125268554687
3.24975585938, 2.343, 0.356225585937
3.25391983986, 2.346, 0.0815673828125
3.25807785988, 2.349, 0.265161132812
3.26224780083, 2.352, 0.297631835937
3.26640701294, 2.355, 0.285668945312
3.2705719471, 2.358, 0.277124023437
3.27473688126, 2.361, 0.0088134765625
3.27888798714, 2.364, 0.167504882812
3.28304600716, 2.367, 0.247583007812
3.28720879555, 2.37, 0.193139648437
3.29137301445, 2.373, 0.396997070312
3.29552984238, 2.376, -0.0893310546875
3.29968595505, 2.379, 0.0693603515625
3.30383181572, 2.382, 0.179223632812
3.30798196793, 2.385, 0.105737304687
3.3121368885, 2.388, 0.323022460937
3.31632995605, 2.391, 0.0476318359375
3.32049489021, 2.394, 0.0141845703125
3.32465195656, 2.397, 0.113549804687
3.32881379128, 2.4, 0.0337158203125
3.33297395706, 2.403, 0.234155273437
3.33713698387, 2.406, -0.0734619140625
3.3412899971, 2.409, 0.123071289062
3.34545493126, 2.412, 0.125268554687
3.34962081909, 2.415, -0.0099853515625
3.35377597809, 2.418, 0.115991210937
3.35793185234, 2.421, -0.123754882813
3.36209487915, 2.424, 0.0434814453125
3.36625099182, 2.427, 0.181176757812
3.37041401863, 2.43, -0.0385498046875
3.37457299232, 2.433, 0.0974365234375
3.37873101234, 2.436, -0.132299804688
3.38289284706, 2.439, -0.0019287109375
3.38704395294, 2.442, 0.0881591796875
3.39120292664, 2.445, 0.0012451171875
3.39536094666, 2.448, 0.138696289062
3.3995218277, 2.451, -0.0351318359375
3.40367293358, 2.454, 0.0085693359375
3.40783190727, 2.457, 0.126733398437
3.41199588776, 2.46, 0.0197998046875
3.41614580154, 2.463, 0.0635009765625
3.4202978611, 2.466, 0.178247070312
3.42446088791, 2.469, 0.0764404296875
3.42862081528, 2.472, 0.247827148437
3.4327788353, 2.475, 0.0608154296875
3.43693780899, 2.478, 0.128198242187
3.44110393524, 2.481, -0.0329345703125
3.44525790215, 2.484, 0.223413085937
3.44941687584, 2.487, 0.328393554687
3.45358085632, 2.49, 0.219018554687
3.45774483681, 2.493, 0.232202148437
3.46191501617, 2.496, 0.156274414062
3.46607780457, 2.499, 0.104760742187
3.47024583817, 2.502, 0.375024414062
3.47441792488, 2.505, 0.355737304687
3.47857999802, 2.508, 0.255883789062
3.4827439785, 2.511, 0.341333007812
3.48690485954, 2.514, 0.234399414062
3.49106287956, 2.517, 0.327661132812
3.49522686005, 2.52, 0.342309570312
3.49939393997, 2.523, 0.194848632812
3.50355195999, 2.526, 0.344995117187
3.5077149868, 2.529, 0.252709960937
3.5118830204, 2.532, 0.337670898437
3.51603984833, 2.535, 0.339135742187
3.52020192146, 2.538, 0.0215087890625
3.52435779572, 2.541, 0.251000976562
3.52851700783, 2.544, 0.207299804687
3.53273391724, 2.547, 0.221215820312
3.53689289093, 2.55, 0.342065429687
3.54105186462, 2.553, -0.138647460938
3.54520392418, 2.556, 0.116723632812
3.54936790466, 2.559, 0.150659179687
3.55353593826, 2.562, 0.0981689453125
3.55769395828, 2.565, 0.289086914062
3.56185698509, 2.568, -0.0478271484375
3.5660238266, 2.571, -0.0060791015625
3.57017683983, 2.574, 0.0866943359375
3.5743458271, 2.577, 0.0549560546875
3.57850384712, 2.58, 0.211450195312
3.58271098137, 2.583, -0.218969726563
3.58687782288, 2.586, 0.111352539062
3.59103679657, 2.589, 0.116723632812
3.59519886971, 2.592, 0.0481201171875
3.59935998917, 2.595, 0.0954833984375
3.60351395607, 2.598, -0.134985351563
3.60767292976, 2.601, -0.0109619140625
3.61183094978, 2.604, 0.0749755859375
3.61598992348, 2.607, 0.128442382812
3.62015080452, 2.61, 0.170678710937
3.62430691719, 2.613, 0.0503173828125
3.62846279144, 2.616, 0.0322509765625
3.63266301155, 2.619, 0.173364257812
3.63682389259, 2.622, 0.0310302734375
3.64098286629, 2.625, 0.196069335937
3.64524388313, 2.628, 0.287866210937
3.64940786362, 2.631, 0.176538085937
3.65356588364, 2.634, 0.297875976562
3.65772891045, 2.637, 0.143334960937
3.66190290451, 2.64, 0.196069335937
3.66605901718, 2.643, 0.371362304687
3.67022490501, 2.646, 0.262963867187
3.67440295219, 2.649, 0.332299804687
3.67856001854, 2.652, 0.307641601562
3.68273186684, 2.655, 0.233666992187
3.68689799309, 2.658, 0.270288085937
3.69105792046, 2.661, 0.230981445312
3.69522094727, 2.664, 0.242211914062
3.69938778877, 2.667, 0.387231445312
3.70354890823, 2.67, 0.100122070312
3.70770788193, 2.673, 0.341821289062
3.71187496185, 2.676, 0.107934570312
3.71603298187, 2.679, 0.173120117187
3.72019100189, 2.682, 0.285180664062
3.72435379028, 2.685, -0.0458740234375
3.72851395607, 2.688, 0.197778320312
3.73272490501, 2.691, 0.108422851562
3.7368888855, 2.694, 0.0661865234375
3.74104881287, 2.697, 0.184838867187
3.74520993233, 2.7, -0.178930664063
3.74938797951, 2.703, 0.0583740234375
3.75354290009, 2.706, 0.121118164062
3.75769901276, 2.709, 0.0100341796875
3.76185798645, 2.712, 0.139184570312
3.76603388786, 2.715, -0.126196289063
3.77019190788, 2.718, -0.0204833984375
3.77436280251, 2.721, 0.130395507812
3.77852582932, 2.724, 0.0144287109375
3.78272986412, 2.727, 0.233911132812
3.78689289093, 2.73, 0.0937744140625
3.79104495049, 2.733, 0.0964599609375
3.79519486427, 2.736, 0.204125976562
3.79935884476, 2.739, 0.0881591796875
3.80351781845, 2.742, 0.133081054687
3.80767393112, 2.745, 0.323510742187
3.81183481216, 2.748, 0.213403320312
3.8159968853, 2.751, 0.360375976562
3.82015991211, 2.754, 0.199731445312
3.82431483269, 2.757, 0.247338867187
3.82847690582, 2.76, 0.228540039062
3.83272194862, 2.763, 0.255151367187
3.83689188957, 2.766, 0.321801757812
3.84105300903, 2.769, 0.337182617187
3.84521985054, 2.772, 0.211206054687
3.84938597679, 2.775, 0.346215820312
3.85355186462, 2.778, 0.187524414062
3.85771298409, 2.781, 0.203393554687
3.86189079285, 2.784, 0.337670898437
3.86604690552, 2.787, 0.0349365234375
3.87020087242, 2.79, 0.267114257812
3.87436294556, 2.793, 0.157250976562
3.87853479385, 2.796, 0.112084960937
3.8827419281, 2.799, 0.198266601562
3.88690686226, 2.802, -0.0978759765625
3.89105987549, 2.805, 0.0793701171875
3.89521598816, 2.808, 0.146508789062
3.89937901497, 2.811, 0.148950195312
3.90353989601, 2.814, 0.129174804687
3.90769600868, 2.817, -0.168432617188
3.91186189651, 2.82, -0.0031494140625
3.91601991653, 2.823, 0.0827880859375
3.92017698288, 2.826, 0.0368896484375
3.92433094978, 2.829, 0.165795898437
3.92849588394, 2.832, 0.0493408203125
3.93269896507, 2.835, 0.0188232421875
3.93685793877, 2.838, 0.189721679687
3.9410238266, 2.841, 0.0278564453125
3.9451789856, 2.844, 0.126977539062
3.94933986664, 2.847, -0.0588134765625
3.95349597931, 2.85, 0.217553710937
3.95766091347, 2.853, 0.329614257812
3.96181893349, 2.856, 0.162622070312
3.9659948349, 2.859, 0.219018554687
3.97015786171, 2.862, 0.211450195312
3.97431778908, 2.865, 0.136743164062
3.97847890854, 2.868, 0.369897460937
3.98268580437, 2.871, 0.293725585937
3.9868478775, 2.874, 0.238793945312
3.99101400375, 2.877, 0.332299804687
3.99517297745, 2.88, 0.287622070312
3.99933195114, 2.883, 0.217553710937
