0.000280857086182, 0, 0.09568359375
0.0045919418335, 0.003, 0.028544921875
0.00874495506287, 0.006, 0.04001953125
0.0128889083862, 0.009, 0.052470703125
0.0170350074768, 0.012, 0.092265625
0.0212118625641, 0.015, 0.065654296875
0.0253598690033, 0.018, 0.098125
0.0295059680939, 0.021, 0.05955078125
0.0336489677429, 0.024, 0.11375
0.0377898216248, 0.027, 0.048564453125
0.0419399738312, 0.03, 0.077861328125
0.0460817813873, 0.033, 0.025615234375
0.0502269268036, 0.036, 0.11375
0.0543739795685, 0.039, 0.072490234375
0.0585188865662, 0.042, 0.0737109375
0.0626628398895, 0.045, 0.0815234375
0.0668058395386, 0.048, 0.05759765625
0.0709497928619, 0.051, 0.126201171875
0.075092792511, 0.054, 0.076396484375
0.0792338848114, 0.057, 0.158671875
0.0833778381348, 0.06, 0.098857421875
0.0875198841095, 0.063, 0.107158203125
0.0916638374329, 0.066, 0.056376953125
0.0958049297333, 0.069, 0.12205078125
0.0999479293823, 0.072, 0.066142578125
0.104089975357, 0.075, 0.1420703125
0.108230829239, 0.078, 0.10349609375
0.112437963486, 0.081, 0.04490234375
0.116581916809, 0.084, 0.102275390625
0.120725870132, 0.087, 0.072978515625
0.124866008759, 0.09, 0.1127734375
0.129010915756, 0.093, 0.12009765625
0.133157968521, 0.096, 0.058330078125
0.13730096817, 0.099, 0.183330078125
0.141446828842, 0.102, 0.0912890625
0.145590782166, 0.105, 0.18357421875
0.149734973907, 0.108, 0.1342578125
0.153877973557, 0.111, 0.08640625
0.15801692009, 0.114, 0.177958984375
0.162161827087, 0.117, 0.095927734375
0.166302919388, 0.12, 0.127666015625
0.170445919037, 0.123, 0.141826171875
0.174586772919, 0.126, 0.080791015625
0.178732872009, 0.129, 0.14255859375
0.18287396431, 0.132, 0.087626953125
0.187015771866, 0.135, 0.135966796875
0.191157817841, 0.138, 0.13474609375
0.195299863815, 0.141, 0.124248046875
0.199444770813, 0.144, 0.140849609375
0.203588008881, 0.147, 0.111552734375
0.207726955414, 0.15, 0.1088671875
0.211920976639, 0.153, 0.134501953125
0.216063976288, 0.156, 0.146708984375
0.220207929611, 0.159, 0.12302734375
0.224373817444, 0.162, 0.12302734375
0.228524923325, 0.165, 0.11033203125
0.232667922974, 0.168, 0.12693359375
0.236808776855, 0.171, 0.113994140625
0.240953922272, 0.174, 0.12595703125
0.245095968246, 0.177, 0.116923828125
0.249240875244, 0.18, 0.1264453125
0.253382921219, 0.183, 0.1127734375
0.257523775101, 0.186, 0.123759765625
0.261665821075, 0.189, 0.11765625
0.265806913376, 0.192, 0.122294921875
0.269949913025, 0.195, 0.10984375
0.274092912674, 0.198, 0.1205859375
0.278235912323, 0.201, 0.122783203125
0.282427787781, 0.204, 0.11814453125
0.286568880081, 0.207, 0.114482421875
0.29071187973, 0.21, 0.120341796875
0.294854879379, 0.213, 0.114970703125
0.29900097847, 0.216, 0.1147265625
0.303140878677, 0.219, 0.127666015625
0.307283878326, 0.222, 0.115947265625
0.311429977417, 0.225, 0.113505859375
0.315574884415, 0.228, 0.113994140625
0.319717884064, 0.231, 0.104228515625
0.323858976364, 0.234, 0.110087890625
0.328027963638, 0.237, 0.1147265625
0.332171916962, 0.24, 0.115703125
0.336314916611, 0.243, 0.1147265625
0.340459823608, 0.246, 0.109599609375
0.344602823257, 0.249, 0.109599609375
0.348745822906, 0.252, 0.112041015625
0.352888822556, 0.255, 0.114970703125
0.357031822205, 0.258, 0.1108203125
0.361175775528, 0.261, 0.109111328125
0.365317821503, 0.264, 0.112041015625
0.369462966919, 0.267, 0.11912109375
0.373605966568, 0.27, 0.115947265625
0.37774682045, 0.273, 0.11521484375
0.381944894791, 0.276, 0.11130859375
0.38608789444, 0.279, 0.11033203125
0.39023399353, 0.282, 0.11912109375
0.394375801086, 0.285, 0.11423828125
0.398518800735, 0.288, 0.104228515625
0.40266084671, 0.291, 0.124736328125
0.406802892685, 0.294, 0.10740234375
0.410945892334, 0.297, 0.11423828125
0.415086984634, 0.3, 0.115947265625
0.419231891632, 0.303, 0.107646484375
0.423373937607, 0.306, 0.11814453125
0.427539825439, 0.309, 0.11326171875
0.431689977646, 0.312, 0.12302734375
0.435832977295, 0.315, 0.110087890625
0.439975976944, 0.318, 0.11814453125
0.444116830826, 0.321, 0.122294921875
0.448301792145, 0.324, 0.110087890625
0.452446937561, 0.327, 0.120830078125
0.456588983536, 0.33, 0.116923828125
0.460860967636, 0.333, 0.129375
0.46500992775, 0.336, 0.114970703125
0.469154834747, 0.339, 0.1205859375
0.473298788071, 0.342, 0.12888671875
0.47744178772, 0.345, 0.104716796875
0.481586933136, 0.348, 0.139140625
0.485727787018, 0.351, 0.0951953125
0.489870786667, 0.354, 0.122783203125
0.494014978409, 0.357, 0.119365234375
0.498157978058, 0.36, 0.117900390625
0.502306938171, 0.363, 0.11326171875
0.506448984146, 0.366, 0.115947265625
0.510592937469, 0.369, 0.123271484375
0.514735937119, 0.372, 0.10935546875
0.518879890442, 0.375, 0.1225390625
0.523022890091, 0.378, 0.126201171875
0.52716588974, 0.381, 0.127666015625
0.531369924545, 0.384, 0.11326171875
0.535517930984, 0.387, 0.12546875
0.539660930634, 0.39, 0.1059375
0.543802976608, 0.393, 0.126689453125
0.547942876816, 0.396, 0.127421875
0.552087783813, 0.399, 0.12986328125
0.55622792244, 0.402, 0.129619140625
0.560371875763, 0.405, 0.1069140625
0.564521789551, 0.408, 0.12498046875
0.5686647892, 0.411, 0.1147265625
0.572806835175, 0.414, 0.12595703125
0.576949834824, 0.417, 0.12595703125
0.58109498024, 0.42, 0.12400390625
0.585234880447, 0.423, 0.121318359375
0.589376926422, 0.426, 0.105205078125
0.593523979187, 0.429, 0.127177734375
0.597665786743, 0.432, 0.122294921875
0.601810932159, 0.435, 0.116435546875
0.605955839157, 0.438, 0.120830078125
0.61009979248, 0.441, 0.11814453125
0.614241838455, 0.444, 0.117412109375
0.61838889122, 0.447, 0.12400390625
0.622530937195, 0.45, 0.113505859375
0.62667298317, 0.453, 0.126201171875
0.630839824677, 0.456, 0.129375
0.634985923767, 0.459, 0.12546875
0.639130830765, 0.462, 0.127666015625
0.64327287674, 0.465, 0.119609375
0.64741396904, 0.468, 0.119609375
0.651557922363, 0.471, 0.103984375
0.655698776245, 0.474, 0.10740234375
0.659841775894, 0.477, 0.1244921875
0.663985967636, 0.48, 0.1205859375
0.668128967285, 0.483, 0.12009765625
0.672276973724, 0.486, 0.124736328125
0.676417827606, 0.489, 0.13181640625
0.68056178093, 0.492, 0.127666015625
0.68470287323, 0.495, 0.125224609375
0.688845872879, 0.498, 0.130107421875
0.692988872528, 0.501, 0.119609375
0.697129964828, 0.504, 0.118388671875
0.701277971268, 0.507, 0.1342578125
0.705420970917, 0.51, 0.11619140625
0.709563970566, 0.513, 0.12693359375
0.713704824448, 0.516, 0.122294921875
0.717844963074, 0.519, 0.122294921875
0.721992969513, 0.522, 0.1186328125
0.726135969162, 0.525, 0.12595703125
0.730279922485, 0.528, 0.12400390625
0.734447002411, 0.531, 0.12205078125
0.738593816757, 0.534, 0.12107421875
0.742735862732, 0.537, 0.12986328125
0.746876955032, 0.54, 0.120341796875
0.751020908356, 0.543, 0.125224609375
0.75516295433, 0.546, 0.12107421875
0.759305000305, 0.549, 0.125712890625
0.763446807861, 0.552, 0.123515625
0.767586946487, 0.555, 0.12693359375
0.771730899811, 0.558, 0.12595703125
0.775872945786, 0.561, 0.12205078125
0.780016899109, 0.564, 0.126689453125
0.784157991409, 0.567, 0.134501953125
0.788305997849, 0.57, 0.1244921875
0.792449951172, 0.573, 0.119609375
0.796591997147, 0.576, 0.131083984375
0.80073595047, 0.579, 0.12986328125
0.804876804352, 0.582, 0.131328125
0.809020996094, 0.585, 0.130595703125
0.81316280365, 0.588, 0.1283984375
0.81730389595, 0.591, 0.122783203125
0.821448802948, 0.594, 0.14060546875
0.825589895248, 0.597, 0.131328125
0.829733848572, 0.6, 0.129619140625
0.833901882172, 0.603, 0.137919921875
0.838046789169, 0.606, 0.131572265625
0.842191934586, 0.609, 0.1440234375
0.846331834793, 0.612, 0.127666015625
0.850473880768, 0.615, 0.13279296875
0.854616880417, 0.618, 0.12986328125
0.858761787415, 0.621, 0.13376953125
0.862909793854, 0.624, 0.12791015625
0.867051839828, 0.627, 0.13962890625
0.871195793152, 0.63, 0.138896484375
0.875337839127, 0.633, 0.147197265625
0.87948179245, 0.636, 0.12888671875
0.883625984192, 0.639, 0.1323046875
0.887768983841, 0.642, 0.13328125
0.891914844513, 0.645, 0.135234375
0.896056890488, 0.648, 0.131572265625
0.900199890137, 0.651, 0.147197265625
0.904342889786, 0.654, 0.125712890625
0.908485889435, 0.657, 0.13474609375
0.912625789642, 0.66, 0.123515625
0.916767835617, 0.663, 0.129130859375
0.920913934708, 0.666, 0.12302734375
0.925126791, 0.669, 0.1459765625
0.92927479744, 0.672, 0.14744140625
0.933418989182, 0.675, 0.120830078125
0.937558889389, 0.678, 0.136455078125
0.941702842712, 0.681, 0.111796875
0.945845842361, 0.684, 0.150126953125
0.949987888336, 0.687, 0.117412109375
0.954130887985, 0.69, 0.136943359375
0.958273887634, 0.693, 0.117900390625
0.962422847748, 0.696, 0.137431640625
0.966567993164, 0.699, 0.114482421875
0.970711946487, 0.702, 0.133037109375
0.974852800369, 0.705, 0.13474609375
0.978997945786, 0.708, 0.128642578125
0.983138799667, 0.711, 0.1323046875
0.987279891968, 0.714, 0.123515625
0.991424798965, 0.717, 0.12791015625
0.995564937592, 0.72, 0.12205078125
0.999707937241, 0.723, 0.127421875
1.00384879112, 0.726, 0.131572265625
1.0079908371, 0.729, 0.13181640625
1.01213383675, 0.732, 0.127666015625
1.01627588272, 0.735, 0.128154296875
1.02041888237, 0.738, 0.12546875
1.02455997467, 0.741, 0.121318359375
1.02870082855, 0.744, 0.12498046875
1.03284478188, 0.747, 0.126201171875
1.0370118618, 0.75, 0.120830078125
1.04115891457, 0.753, 0.125224609375
1.04530096054, 0.756, 0.131572265625
1.04944586754, 0.759, 0.12400390625
1.05358886719, 0.762, 0.127421875
1.05773186684, 0.765, 0.126689453125
1.06193089485, 0.768, 0.128154296875
1.06607484818, 0.771, 0.131572265625
1.07021999359, 0.774, 0.125712890625
1.07436180115, 0.777, 0.13328125
1.0785048008, 0.78, 0.1303515625
1.08264899254, 0.783, 0.125224609375
1.08679080009, 0.786, 0.129130859375
1.09093499184, 0.789, 0.124248046875
1.09507799149, 0.792, 0.129375
1.09922194481, 0.795, 0.130595703125
1.10336494446, 0.798, 0.12888671875
1.10750579834, 0.801, 0.131083984375
1.11164999008, 0.804, 0.127177734375
1.11579179764, 0.807, 0.127177734375
1.11993479729, 0.81, 0.130595703125
1.1240799427, 0.813, 0.135234375
1.12822294235, 0.816, 0.12791015625
1.13242197037, 0.819, 0.134013671875
1.13656592369, 0.822, 0.1303515625
1.14073681831, 0.825, 0.12986328125
1.1448829174, 0.828, 0.14841796875
1.14902687073, 0.831, 0.1303515625
1.15317082405, 0.834, 0.132060546875
1.15731287003, 0.837, 0.130595703125
1.161454916, 0.84, 0.147197265625
1.1655960083, 0.843, 0.12986328125
1.16973900795, 0.846, 0.121806640625
1.1738820076, 0.849, 0.131328125
1.17802500725, 0.852, 0.129130859375
1.18217182159, 0.855, 0.12595703125
1.18631291389, 0.858, 0.129130859375
1.19045686722, 0.861, 0.1283984375
1.19459891319, 0.864, 0.131083984375
1.19874382019, 0.867, 0.142802734375
1.20288491249, 0.87, 0.1303515625
1.20702600479, 0.873, 0.13181640625
1.21117186546, 0.876, 0.1283984375
1.21531295776, 0.879, 0.12546875
1.21945595741, 0.882, 0.125224609375
1.22359800339, 0.885, 0.120830078125
1.22773885727, 0.888, 0.132548828125
1.2319278717, 0.891, 0.131572265625
1.23606991768, 0.894, 0.1342578125
1.24023580551, 0.897, 0.128642578125
1.24438285828, 0.9, 0.12888671875
1.2485268116, 0.903, 0.131572265625
1.25267100334, 0.906, 0.14451171875
1.25681495667, 0.909, 0.131328125
1.26095890999, 0.912, 0.127421875
1.26510190964, 0.915, 0.13181640625
1.26924490929, 0.918, 0.121806640625
1.27338790894, 0.921, 0.12546875
1.27752995491, 0.924, 0.133037109375
1.28167700768, 0.927, 0.1283984375
1.28582191467, 0.93, 0.126201171875
1.28996682167, 0.933, 0.124736328125
1.29410791397, 0.936, 0.132060546875
1.29824900627, 0.939, 0.129375
1.30244088173, 0.942, 0.119853515625
1.3065829277, 0.945, 0.127666015625
1.3107278347, 0.948, 0.128642578125
1.31486988068, 0.951, 0.132548828125
1.31901478767, 0.954, 0.127666015625
1.32315683365, 0.957, 0.12595703125
1.32729792595, 0.96, 0.126689453125
1.33144187927, 0.963, 0.127177734375
1.33558297157, 0.966, 0.127177734375
1.33972597122, 0.969, 0.128154296875
1.3438668251, 0.972, 0.127421875
1.34800696373, 0.975, 0.124736328125
1.35215187073, 0.978, 0.1264453125
1.35629296303, 0.981, 0.13328125
1.36043477058, 0.984, 0.131083984375
1.36457395554, 0.987, 0.128154296875
1.36871600151, 0.99, 0.12791015625
1.37285685539, 0.993, 0.13376953125
1.37699890137, 0.996, 0.1362109375
1.38113880157, 0.999, 0.145244140625
1.3852789402, 1.002, 0.128154296875
1.38942098618, 1.005, 0.1283984375
1.39356088638, 1.008, 0.12791015625
1.39781594276, 1.011, 0.13474609375
1.40219187737, 1.014, 0.127177734375
1.40635895729, 1.017, 0.12986328125
1.41050291061, 1.02, 0.15037109375
1.41464185715, 1.023, 0.130595703125
1.41878294945, 1.026, 0.134013671875
1.42292881012, 1.029, 0.131328125
1.42706990242, 1.032, 0.129619140625
1.43121385574, 1.035, 0.1244921875
1.43535685539, 1.038, 0.14646484375
1.43949890137, 1.041, 0.131083984375
1.44367980957, 1.044, 0.1303515625
1.44782400131, 1.047, 0.127421875
1.45196795464, 1.05, 0.129130859375
1.45610785484, 1.053, 0.131083984375
1.46024894714, 1.056, 0.1283984375
1.46438980103, 1.059, 0.1283984375
1.46853089333, 1.062, 0.1303515625
1.47266983986, 1.065, 0.122783203125
1.47680783272, 1.068, 0.134501953125
1.48094987869, 1.071, 0.130595703125
1.48508882523, 1.074, 0.132548828125
1.48923182487, 1.077, 0.125712890625
1.4933719635, 1.08, 0.129619140625
1.49750995636, 1.083, 0.129375
1.50165200233, 1.086, 0.13181640625
1.50579285622, 1.089, 0.132548828125
1.50993299484, 1.092, 0.13474609375
1.51407289505, 1.095, 0.127666015625
1.51821398735, 1.098, 0.128154296875
1.52241683006, 1.101, 0.132060546875
1.52655887604, 1.104, 0.129619140625
1.53070187569, 1.107, 0.127177734375
1.53484177589, 1.11, 0.133525390625
1.53898596764, 1.113, 0.12302734375
1.54312491417, 1.116, 0.129130859375
1.54726481438, 1.119, 0.127666015625
1.55140995979, 1.122, 0.12546875
1.55556082726, 1.125, 0.12693359375
1.55970191956, 1.128, 0.135234375
1.5638449192, 1.131, 0.12400390625
1.56798481941, 1.134, 0.1362109375
1.57212877274, 1.137, 0.12498046875
1.57626986504, 1.14, 0.133525390625
1.58041286469, 1.143, 0.129619140625
1.58455085754, 1.146, 0.134013671875
1.58869194984, 1.149, 0.13376953125
1.59283494949, 1.152, 0.12400390625
1.59697699547, 1.155, 0.12546875
1.60111880302, 1.158, 0.12791015625
1.60525989532, 1.161, 0.127666015625
1.6094019413, 1.164, 0.12888671875
1.61354279518, 1.167, 0.12888671875
1.61768579483, 1.17, 0.127421875
1.62187886238, 1.173, 0.127177734375
1.6260228157, 1.176, 0.124736328125
1.63016700745, 1.179, 0.12693359375
1.63431382179, 1.182, 0.132060546875
1.63845682144, 1.185, 0.1283984375
1.64259886742, 1.188, 0.1283984375
1.6467628479, 1.191, 0.1283984375
1.65091180801, 1.194, 0.12791015625
1.65505599976, 1.197, 0.130107421875
1.65919780731, 1.2, 0.1283984375
1.66333985329, 1.203, 0.127421875
1.66748189926, 1.206, 0.12693359375
1.67162394524, 1.209, 0.13376953125
1.67576289177, 1.212, 0.12791015625
1.67990493774, 1.215, 0.129130859375
1.68404483795, 1.218, 0.129375
1.68818688393, 1.221, 0.130595703125
1.69238185883, 1.224, 0.13376953125
1.6965239048, 1.227, 0.12888671875
1.70066595078, 1.23, 0.126689453125
1.70480680466, 1.233, 0.134501953125
1.70894980431, 1.236, 0.146953125
1.71309089661, 1.239, 0.132548828125
1.71723294258, 1.242, 0.129130859375
1.72141599655, 1.245, 0.135478515625
1.7255589962, 1.248, 0.12693359375
1.72970080376, 1.251, 0.128154296875
1.73384189606, 1.254, 0.12791015625
1.73798394203, 1.257, 0.12791015625
1.74212789536, 1.26, 0.127666015625
1.74626898766, 1.263, 0.13376953125
1.75043582916, 1.266, 0.127177734375
1.75457978249, 1.269, 0.1283984375
1.75872278214, 1.272, 0.133525390625
1.76286482811, 1.275, 0.128642578125
1.76700377464, 1.278, 0.128642578125
1.77114677429, 1.281, 0.12546875
1.77528691292, 1.284, 0.128154296875
1.77943086624, 1.287, 0.12791015625
1.78357291222, 1.29, 0.123759765625
1.78771495819, 1.293, 0.12986328125
1.79191184044, 1.296, 0.12693359375
1.79605388641, 1.299, 0.127666015625
1.80019593239, 1.302, 0.125712890625
1.80433893204, 1.305, 0.12986328125
1.80848097801, 1.308, 0.126689453125
1.81262087822, 1.311, 0.126201171875
1.81675982475, 1.314, 0.131083984375
1.8209028244, 1.317, 0.129375
1.82504487038, 1.32, 0.125224609375
1.82918977737, 1.323, 0.127666015625
1.83333086967, 1.326, 0.126689453125
1.83747196198, 1.329, 0.12546875
1.84161400795, 1.332, 0.128154296875
1.84575486183, 1.335, 0.12546875
1.84992098808, 1.338, 0.132548828125
1.85406589508, 1.341, 0.1283984375
1.85820794106, 1.344, 0.131572265625
1.86239385605, 1.347, 0.12888671875
1.86653494835, 1.35, 0.129619140625
1.87080693245, 1.353, 0.129619140625
1.87495088577, 1.356, 0.132060546875
1.87909388542, 1.359, 0.127666015625
1.8832359314, 1.362, 0.133037109375
1.88737893105, 1.365, 0.12400390625
1.89152193069, 1.368, 0.12693359375
1.89566397667, 1.371, 0.127421875
1.89980697632, 1.374, 0.127666015625
1.9039478302, 1.377, 0.132060546875
1.90808987617, 1.38, 0.12498046875
1.91223192215, 1.383, 0.127666015625
1.91637277603, 1.386, 0.1323046875
1.92051577568, 1.389, 0.129130859375
1.92465782166, 1.392, 0.12888671875
1.9288008213, 1.395, 0.1283984375
1.93294286728, 1.398, 0.12400390625
1.93708395958, 1.401, 0.12888671875
1.94122695923, 1.404, 0.12205078125
1.94536781311, 1.407, 0.13083984375
1.94951200485, 1.41, 0.129619140625
1.95365190506, 1.413, 0.132060546875
1.95779299736, 1.416, 0.13083984375
1.96194195747, 1.419, 0.1381640625
1.96608281136, 1.422, 0.133037109375
1.97022390366, 1.425, 0.13328125
1.97436594963, 1.428, 0.132548828125
1.97850680351, 1.431, 0.12595703125
1.98264884949, 1.434, 0.13474609375
1.98678994179, 1.437, 0.12986328125
1.99093389511, 1.44, 0.127666015625
1.99507594109, 1.443, 0.134013671875
1.99921584129, 1.446, 0.12595703125
2.00335979462, 1.449, 0.12888671875
2.00773596764, 1.452, 0.124736328125
2.0119638443, 1.455, 0.13279296875
2.01611495018, 1.458, 0.119853515625
2.02026796341, 1.461, 0.132548828125
2.02441883087, 1.464, 0.1323046875
2.02856898308, 1.467, 0.15037109375
2.03271579742, 1.47, 0.127421875
2.03686594963, 1.473, 0.131083984375
2.04101991653, 1.476, 0.1323046875
2.04516983032, 1.479, 0.1342578125
2.04931998253, 1.482, 0.12791015625
2.05346989632, 1.485, 0.139140625
2.05762195587, 1.488, 0.118876953125
2.06177687645, 1.491, 0.152080078125
2.065928936, 1.494, 0.101298828125
2.07007884979, 1.497, 0.14451171875
2.07422780991, 1.5, 0.131083984375
2.07837891579, 1.503, 0.1225390625
2.08252882957, 1.506, 0.144267578125
2.08667778969, 1.509, 0.10740234375
2.09083080292, 1.512, 0.12546875
2.09497880936, 1.515, 0.156962890625
2.09912800789, 1.518, 0.0971484375
2.10328578949, 1.521, 0.17283203125
2.10743379593, 1.524, 0.07615234375
2.11158585548, 1.527, 0.1752734375
2.11574578285, 1.53, 0.119853515625
2.11989998817, 1.533, 0.111064453125
2.12404799461, 1.536, 0.157939453125
2.12819600105, 1.539, 0.074443359375
2.13240385056, 1.542, 0.152568359375
2.13655281067, 1.545, 0.096171875
2.14070296288, 1.548, 0.146708984375
2.14485692978, 1.551, 0.10837890625
2.14900779724, 1.554, 0.169169921875
2.15316295624, 1.557, 0.0932421875
2.15731692314, 1.56, 0.134501953125
2.16147398949, 1.563, 0.129375
2.16562700272, 1.566, 0.10251953125
2.16977977753, 1.569, 0.150615234375
2.17392683029, 1.572, 0.166484375
2.17807579041, 1.575, 0.102763671875
2.18223500252, 1.578, 0.080791015625
2.18638586998, 1.581, 0.105205078125
2.19053578377, 1.584, 0.115458984375
2.19469189644, 1.587, 0.190166015625
2.19884991646, 1.59, 0.047099609375
2.2029979229, 1.593, 0.186015625
2.20714592934, 1.596, 0.087138671875
2.21129393578, 1.599, 0.204326171875
2.21544981003, 1.602, 0.058330078125
2.21959900856, 1.605, 0.22556640625
2.2237508297, 1.608, 0.088359375
2.22789883614, 1.611, 0.204814453125
2.23204779625, 1.614, 0.000712890625
2.2361998558, 1.617, 0.207744140625
2.24035000801, 1.62, -0.15578125
2.24449682236, 1.623, 0.455791015625
2.24864888191, 1.626, -0.179462890625
2.25279784203, 1.629, 0.392802734375
2.25694799423, 1.632, -0.2270703125
2.26109981537, 1.635, 0.477275390625
2.2652528286, 1.638, 0.04685546875
2.26940083504, 1.641, 0.220439453125
2.27354884148, 1.644, 0.1244921875
2.27769589424, 1.647, -0.039814453125
2.28189396858, 1.65, 0.36423828125
2.28604078293, 1.653, 0.010234375
2.29019498825, 1.656, 0.255107421875
2.29434680939, 1.659, 0.149150390625
2.29849600792, 1.662, 0.101787109375
2.30264592171, 1.665, 0.103984375
2.30679392815, 1.668, 0.151591796875
2.31094384193, 1.671, 0.07078125
2.31509590149, 1.674, 0.256328125
2.31924700737, 1.677, -0.114033203125
2.32339382172, 1.68, 0.25095703125
2.3275449276, 1.683, 0.141826171875
2.33169484138, 1.686, -0.0200390625
2.33584189415, 1.689, 0.312236328125
2.33999180794, 1.692, 0.147685546875
2.34430980682, 1.695, 0.1674609375
2.34849190712, 1.698, 0.2826953125
2.35264992714, 1.701, -0.094501953125
2.3568007946, 1.704, 0.359111328125
2.36095285416, 1.707, -0.17482421875
2.3651008606, 1.71, 0.430888671875
2.36925077438, 1.713, 0.00583984375
2.37340378761, 1.716, 0.08640625
2.37755179405, 1.719, 0.215556640625
2.38170099258, 1.722, -0.04982421875
2.38585877419, 1.725, 0.588359375
2.39004778862, 1.728, -0.184345703125
2.39421081543, 1.731, 0.388408203125
2.39836597443, 1.734, -0.17287109375
2.40251398087, 1.737, 0.50876953125
2.40666389465, 1.74, -0.027607421875
2.41081380844, 1.743, -0.026630859375
2.41496181488, 1.746, 0.124248046875
2.41911387444, 1.749, 0.09568359375
2.42326998711, 1.752, 0.1987109375
2.42741799355, 1.755, 0.208232421875
2.4315738678, 1.758, -0.0200390625
2.43572878838, 1.761, 0.078837890625
2.43987989426, 1.764, 0.054423828125
2.44402980804, 1.767, 0.2436328125
2.44817996025, 1.77, 0.0825
2.4523859024, 1.773, 0.2826953125
2.45653581619, 1.776, -0.023212890625
2.46068882942, 1.779, 0.0248828125
2.46483683586, 1.782, 0.014384765625
2.46899294853, 1.785, 0.20408203125
2.47314381599, 1.788, 0.06345703125
2.47729492188, 1.791, 0.34763671875
2.48146796227, 1.794, 0.028056640625
2.48561692238, 1.797, 0.262919921875
2.48977279663, 1.8, -0.097919921875
2.49392294884, 1.803, 0.25779296875
2.49807286263, 1.806, -0.030048828125
2.50222396851, 1.809, 0.2475390625
2.50637388229, 1.812, 0.00046875
2.51052689552, 1.815, 0.234599609375
2.51467585564, 1.818, 0.081767578125
2.51882696152, 1.821, 0.216533203125
2.52297878265, 1.824, 0.18796875
2.52713084221, 1.827, 0.163798828125
2.53128194809, 1.83, 0.172099609375
2.53543400764, 1.833, 0.04587890625
2.53958678246, 1.836, 0.17234375
2.54374480247, 1.839, 0.044169921875
2.54789495468, 1.842, 0.217021484375
2.55204582214, 1.845, -0.007587890625
2.55619597435, 1.848, 0.0903125
2.56035280228, 1.851, 0.033671875
2.56450295448, 1.854, 0.195537109375
2.5686519146, 1.857, 0.143779296875
2.57280278206, 1.86, 0.098125
2.57695794106, 1.863, 0.14451171875
2.5811150074, 1.866, 0.0873828125
2.585272789, 1.869, 0.144267578125
2.58943986893, 1.872, 0.113017578125
2.59359097481, 1.875, 0.19919921875
2.5977408886, 1.878, 0.15232421875
2.60197687149, 1.881, 0.062724609375
2.60612678528, 1.884, 0.207255859375
2.61027884483, 1.887, 0.09763671875
2.61442780495, 1.89, 0.238994140625
2.61858582497, 1.893, 0.093974609375
2.62273287773, 1.896, 0.099345703125
2.62687897682, 1.899, 0.226787109375
2.63102793694, 1.902, 0.100322265625
2.63518977165, 1.905, 0.2573046875
2.63934898376, 1.908, 0.087626953125
2.64350199699, 1.911, 0.15037109375
2.64765095711, 1.914, 0.221171875
2.65181088448, 1.917, 0.141337890625
2.65596485138, 1.92, 0.27439453125
2.66011691093, 1.923, 0.1225390625
2.66426587105, 1.926, 0.1733203125
2.66841697693, 1.929, 0.109111328125
2.67256689072, 1.932, 0.175517578125
2.6767179966, 1.935, 0.33884765625
2.68086600304, 1.938, 0.10837890625
2.68501591682, 1.941, 0.23923828125
2.68917298317, 1.944, 0.121318359375
2.69332695007, 1.947, 0.224345703125
2.69748091698, 1.95, 0.233134765625
2.70163178444, 1.953, 0.042216796875
2.70578193665, 1.956, 0.284404296875
2.70993685722, 1.959, 0.184306640625
2.71408581734, 1.962, 0.2104296875
2.71823883057, 1.965, 0.3530078125
2.72244596481, 1.968, 0.099833984375
2.72659492493, 1.971, 0.19822265625
2.73074579239, 1.974, 0.11912109375
2.73489379883, 1.977, 0.14158203125
2.73904299736, 1.98, 0.318583984375
2.74319195747, 1.983, -0.011982421875
2.74733996391, 1.986, 0.244365234375
2.75148892403, 1.989, 0.1049609375
2.75566482544, 1.992, -0.007587890625
2.75982689857, 1.995, 0.1733203125
2.76398682594, 1.998, -0.223896484375
2.76813793182, 2.001, 0.095439453125
2.77228999138, 2.004, 0.08640625
2.77644085884, 2.007, 0.041240234375
2.78059196472, 2.01, 0.221171875
2.78474378586, 2.013, -0.087177734375
2.78889393806, 2.016, 0.029521484375
2.79304480553, 2.019, 0.123759765625
2.79719400406, 2.022, 0.110087890625
2.8013958931, 2.025, 0.197490234375
2.80554580688, 2.028, 0.171611328125
2.80969882011, 2.031, 0.170146484375
2.81385087967, 2.034, 0.261943359375
2.81812095642, 2.037, 0.260966796875
2.82228088379, 2.04, 0.1596484375
2.82643294334, 2.043, 0.0912890625
2.83058285713, 2.046, 0.15623046875
2.83473181725, 2.049, 0.149638671875
2.8388838768, 2.052, 0.136455078125
2.84303283691, 2.055, -0.149677734375
2.84718394279, 2.058, 0.052470703125
2.85133290291, 2.061, 0.14255859375
2.85548496246, 2.064, 0.207744140625
2.85964083672, 2.067, 0.179912109375
2.86378979683, 2.07, 0.015361328125
2.86794090271, 2.073, 0.148662109375
2.87209391594, 2.076, 0.222880859375
2.87624382973, 2.079, 0.244365234375
2.88039398193, 2.082, -0.024677734375
2.88454294205, 2.085, 0.005595703125
2.88869380951, 2.088, 0.201396484375
2.89284396172, 2.091, 0.180400390625
2.89699792862, 2.094, 0.1459765625
2.90119385719, 2.097, -0.064716796875
2.90548181534, 2.1, 0.07419921875
2.90963792801, 2.103, 0.234599609375
2.9137878418, 2.106, 0.25291015625
2.91794586182, 2.109, 0.127177734375
2.92209887505, 2.112, 0.01365234375
2.92624878883, 2.115, 0.16892578125
2.93040084839, 2.118, 0.18748046875
2.93455195427, 2.121, 0.1752734375
2.9387049675, 2.124, -0.07375
2.94285392761, 2.127, -0.051533203125
2.9470038414, 2.13, 0.209208984375
2.9511590004, 2.133, 0.173076171875
2.95530986786, 2.136, 0.207255859375
2.95946478844, 2.139, -0.001240234375
2.96362090111, 2.142, 0.0405078125
2.96777200699, 2.145, 0.268779296875
2.97193193436, 2.148, 0.3002734375
2.97607898712, 2.151, 0.03416015625
2.98022890091, 2.154, -0.009296875
2.9843788147, 2.157, 0.080546875
2.98853397369, 2.16, 0.093974609375
2.99268484116, 2.163, -0.016865234375
2.99683499336, 2.166, 0.0502734375
3.00098490715, 2.169, -0.181904296875
3.00513482094, 2.172, 0.31345703125
3.00928688049, 2.175, 0.255595703125
3.01343584061, 2.178, 0.27830078125
3.01758694649, 2.181, -0.084248046875
3.02173686028, 2.184, 0.04587890625
3.02588582039, 2.187, 0.42771484375
3.03003978729, 2.19, 0.107158203125
3.03419399261, 2.193, 0.135478515625
3.03834700584, 2.196, -0.208271484375
3.04250478745, 2.199, 0.365947265625
3.046656847, 2.202, 0.19138671875
3.05081295967, 2.205, 0.2846484375
3.0549659729, 2.208, -0.116962890625
3.05911779404, 2.211, 0.07029296875
3.06327080727, 2.214, 0.429423828125
3.06742095947, 2.217, 0.16013671875
3.07157182693, 2.22, 0.242412109375
3.07572078705, 2.223, -0.3266796875
3.07987093925, 2.226, 0.257548828125
3.08401799202, 2.229, 0.123271484375
3.08816981316, 2.232, 0.366923828125
3.09238290787, 2.235, -0.12013671875
3.09653496742, 2.238, 0.109599609375
3.10068893433, 2.241, 0.221171875
3.1048438549, 2.244, 0.179912109375
3.10899496078, 2.247, 0.15330078125
3.11315083504, 2.25, -0.24904296875
3.11730384827, 2.253, 0.16453125
3.12145996094, 2.256, 0.11765625
3.12560987473, 2.259, 0.268046875
3.12976098061, 2.262, 0.021708984375
3.13391184807, 2.265, 0.1528125
3.13805890083, 2.268, 0.2436328125
3.14221286774, 2.271, 0.217265625
3.14636588097, 2.274, 0.317119140625
3.15051794052, 2.277, -0.244892578125
3.15466690063, 2.28, 0.20212890625
3.15881800652, 2.283, 0.138408203125
3.16297197342, 2.286, 0.31052734375
3.16712188721, 2.289, -0.1001171875
3.17127585411, 2.292, 0.041728515625
3.17543292046, 2.295, 0.2768359375
3.17958498001, 2.298, 0.200419921875
3.18373179436, 2.301, 0.287578125
3.18788099289, 2.304, -0.272236328125
3.192029953, 2.307, 0.170634765625
3.19617891312, 2.31, 0.111796875
3.2003288269, 2.313, 0.24314453125
3.20447897911, 2.316, -0.104267578125
3.2086288929, 2.319, 0.11375
3.21278095245, 2.322, 0.1479296875
3.21692991257, 2.325, 0.21580078125
3.22108197212, 2.328, 0.27634765625
3.22523283958, 2.331, -0.17677734375
3.22938489914, 2.334, 0.00681640625
3.23353481293, 2.337, 0.162822265625
3.23769378662, 2.34, 0.195537109375
3.24189996719, 2.343, -0.1040234375
3.24604988098, 2.346, 0.104228515625
3.25020194054, 2.349, 0.10251953125
3.254352808, 2.352, 0.28513671875
3.25850486755, 2.355, 0.218486328125
3.26265478134, 2.358, -0.1284375
3.26681184769, 2.361, -0.006123046875
3.27096199989, 2.364, 0.272197265625
3.27511191368, 2.367, 0.24119140625
3.27926588058, 2.37, -0.0825390625
3.28341293335, 2.373, 0.123759765625
3.28769278526, 2.376, 0.206767578125
3.29189896584, 2.379, 0.139140625
3.2960498333, 2.382, 0.126689453125
3.30021286011, 2.385, -0.0786328125
3.30436396599, 2.388, 0.00583984375
3.30852293968, 2.391, 0.28513671875
3.31267380714, 2.394, 0.27
3.31682085991, 2.397, -0.05470703125
3.3209707737, 2.4, 0.118876953125
3.32511997223, 2.403, 0.212138671875
3.32927489281, 2.406, 0.17283203125
3.33342885971, 2.409, 0.14158203125
3.3375787735, 2.412, 0.09275390625
3.34173178673, 2.415, 0.039775390625
3.34587883949, 2.418, 0.299541015625
3.35003089905, 2.421, 0.293193359375
3.35417890549, 2.424, -0.07423828125
3.35833382607, 2.427, 0.160380859375
3.36248397827, 2.43, 0.1655078125
3.36663389206, 2.433, 0.1616015625
3.37078499794, 2.436, -0.041279296875
3.37493491173, 2.439, 0.150126953125
3.37909197807, 2.442, 0.08396484375
3.38324284554, 2.445, 0.247294921875
3.38739395142, 2.448, 0.37498046875
3.39154791832, 2.451, -0.1567578125
3.39570379257, 2.454, 0.100322265625
3.39985394478, 2.457, 0.111552734375
3.40400600433, 2.46, 0.164775390625
3.40815591812, 2.463, -0.00197265625
3.41230797768, 2.466, 0.143291015625
3.41645789146, 2.469, 0.127666015625
3.42061281204, 2.472, 0.160625
3.42476797104, 2.475, 0.28416015625
3.42892289162, 2.478, -0.15138671875
3.43307185173, 2.481, 0.0776171875
3.43722200394, 2.484, 0.1987109375
3.44142580032, 2.487, 0.290263671875
3.4455769062, 2.49, -0.0532421875
3.44973087311, 2.493, 0.186748046875
3.45388293266, 2.496, 0.1215625
3.45803189278, 2.499, 0.17087890625
3.46218585968, 2.502, 0.158916015625
3.46634078026, 2.505, -0.053486328125
3.47049188614, 2.508, -0.024189453125
3.47463989258, 2.511, 0.30759765625
3.47879099846, 2.514, 0.27537109375
3.48294782639, 2.517, -0.06154296875
3.48709583282, 2.52, 0.196025390625
3.49124979973, 2.523, 0.086650390625
3.49539899826, 2.526, 0.2338671875
3.49955296516, 2.529, 0.033427734375
3.5037047863, 2.532, 0.148662109375
3.50785589218, 2.535, 0.02341796875
3.51200890541, 2.538, 0.31150390625
3.5161588192, 2.541, 0.290751953125
3.52031588554, 2.544, -0.07033203125
3.52446484566, 2.547, -0.022236328125
3.52861881256, 2.55, 0.280009765625
3.53277182579, 2.553, 0.165751953125
3.53692293167, 2.556, 0.045146484375
3.54107499123, 2.559, 0.11912109375
3.54522490501, 2.562, 0.062236328125
3.54937577248, 2.565, 0.1557421875
3.55353093147, 2.568, 0.146708984375
3.55768680573, 2.571, -0.050068359375
3.5618929863, 2.574, -0.0376171875
3.56604886055, 2.577, 0.302958984375
3.57020378113, 2.58, 0.190654296875
3.57435393333, 2.583, -0.04982421875
3.57850193977, 2.586, 0.11521484375
3.58265089989, 2.589, 0.146953125
3.58680081367, 2.592, 0.136943359375
3.59095191956, 2.595, 0.14255859375
3.59510278702, 2.598, 0.0014453125
3.59926199913, 2.601, 0.023173828125
3.60341286659, 2.604, 0.32078125
3.60757493973, 2.607, 0.26755859375
3.61172890663, 2.61, -0.061298828125
3.61587882042, 2.613, 0.060771484375
3.62002897263, 2.616, 0.17771484375
3.62417888641, 2.619, 0.197490234375
3.62833285332, 2.622, -0.00392578125
3.63248181343, 2.625, 0.167705078125
3.63663077354, 2.628, 0.068828125
3.64078879356, 2.631, 0.2514453125
3.64493894577, 2.634, 0.2885546875
3.64908981323, 2.637, -0.10646484375
3.6532459259, 2.64, -0.01955078125
3.65739297867, 2.643, 0.2934375
3.66157698631, 2.646, 0.213359375
3.66573596001, 2.649, -0.050068359375
3.66988897324, 2.652, 0.1381640625
3.67404484749, 2.655, 0.111796875
3.67819499969, 2.658, 0.157451171875
3.68240690231, 2.661, 0.128154296875
3.68655896187, 2.664, 0.043681640625
3.69071578979, 2.667, -0.029072265625
3.69487190247, 2.67, 0.336650390625
3.69902777672, 2.673, 0.248759765625
3.70318484306, 2.676, -0.083271484375
3.70733380318, 2.679, 0.04490234375
3.71148681641, 2.682, 0.189677734375
3.71563482285, 2.685, 0.196025390625
3.71978783607, 2.688, 0.083232421875
3.72393679619, 2.691, 0.137919921875
3.72809195518, 2.694, 0.109599609375
3.73224186897, 2.697, 0.203837890625
3.73639178276, 2.7, 0.217021484375
3.74054479599, 2.703, -0.06935546875
3.74469399452, 2.706, -0.013447265625
3.74884700775, 2.709, 0.237529296875
3.75299596786, 2.712, 0.266337890625
3.75714588165, 2.715, -0.0425
3.76142477989, 2.718, 0.1635546875
3.76558589935, 2.721, 0.115947265625
3.76973795891, 2.724, 0.152568359375
3.77388691902, 2.727, 0.147197265625
3.77803683281, 2.73, 0.14109375
3.78219294548, 2.733, -0.025654296875
3.78634595871, 2.736, 0.29978515625
3.79050087929, 2.739, 0.28708984375
3.7946498394, 2.742, -0.03224609375
3.7988038063, 2.745, 0.118388671875
3.80296278, 2.748, 0.252421875
3.80711293221, 2.751, 0.193583984375
3.81126189232, 2.754, -0.00392578125
3.81541180611, 2.757, 0.180888671875
3.81956791878, 2.76, 0.025615234375
3.82372093201, 2.763, 0.266826171875
3.82786989212, 2.766, 0.1752734375
3.83202195168, 2.769, -0.03810546875
3.83617186546, 2.772, -0.028583984375
3.84032392502, 2.775, 0.29294921875
3.84447383881, 2.778, 0.191142578125
3.84863185883, 2.781, -0.032490234375
3.85278582573, 2.784, 0.1528125
3.85693478584, 2.787, 0.17234375
3.86108899117, 2.79, 0.140849609375
3.86523795128, 2.793, 0.12107421875
3.86939883232, 2.796, 0.06296875
3.8735499382, 2.799, -0.040791015625
3.87770485878, 2.802, 0.32712890625
3.8819038868, 2.805, 0.25486328125
3.88605594635, 2.808, -0.06447265625
3.89020681381, 2.811, 0.0444140625
3.89436292648, 2.814, 0.158671875
3.89851379395, 2.817, 0.167216796875
3.90266489983, 2.82, 0.08103515625
3.90681481361, 2.823, 0.178935546875
3.91096782684, 2.826, 0.087138671875
3.91511797905, 2.829, 0.171123046875
3.91926789284, 2.832, 0.19333984375
3.92342185974, 2.835, -0.057880859375
3.92757487297, 2.838, 0.006083984375
3.93173480034, 2.841, 0.293681640625
3.93588590622, 2.844, 0.280986328125
3.94004178047, 2.847, -0.0659375
3.944190979, 2.85, 0.162333984375
3.94834780693, 2.853, 0.1059375
3.95250177383, 2.856, 0.1440234375
3.95665192604, 2.859, 0.028544921875
3.96081495285, 2.862, 0.155498046875
3.96496391296, 2.865, 0.003642578125
3.96911692619, 2.868, 0.311015625
3.9732708931, 2.871, 0.285869140625
3.97741794586, 2.874, -0.041767578125
3.98157000542, 2.877, 0.099345703125
3.9857199192, 2.88, 0.295390625
3.98987293243, 2.883, 0.203837890625
3.99402189255, 2.886, -0.018818359375
3.99817085266, 2.889, 0.185283203125
