0.00581002235413, 0, -0.0901416015625
0.0103559494019, 0.003, -0.376518554688
0.0145449638367, 0.006, 0.0031201171875
0.0187749862671, 0.009, -0.0916064453125
0.022922039032, 0.012, 0.0185009765625
0.0270729064941, 0.015, 3.43402832031
0.0312240123749, 0.018, -0.112114257813
0.0353810787201, 0.021, 3.15155761719
0.0395259857178, 0.024, 0.330512695312
0.0436730384827, 0.027, 0.604926757812
0.0478301048279, 0.03, 3.20624511719
0.05198097229, 0.033, 0.0922314453125
0.0561289787292, 0.036, -0.0686572265625
0.0602741241455, 0.039, -0.318657226563
0.0644280910492, 0.042, -0.0737841796875
0.0685799121857, 0.045, -0.183403320313
0.0727400779724, 0.048, -0.176323242188
0.0768959522247, 0.051, 0.0163037109375
0.0810439586639, 0.054, -0.372612304688
0.0852019786835, 0.057, -0.114799804688
0.0893590450287, 0.06, -0.334770507813
0.0935111045837, 0.063, 0.0631787109375
0.0976569652557, 0.066, 0.120551757812
0.101841926575, 0.069, -0.325249023438
0.106000900269, 0.072, -0.0779345703125
0.110143899918, 0.075, -0.0618212890625
0.11429309845, 0.078, -0.185844726563
0.118457078934, 0.081, -0.112114257813
0.122623920441, 0.084, -0.147270507813
0.12677192688, 0.087, -0.156303710938
0.130928993225, 0.09, -0.0835498046875
0.135076999664, 0.093, -0.157768554688
0.139230966568, 0.096, -0.170219726563
0.143379926682, 0.099, -0.123588867188
0.147533893585, 0.102, -0.158745117188
0.151689052582, 0.105, -0.102104492188
0.155844926834, 0.108, -0.128471679688
0.159996032715, 0.111, -0.198051757813
0.16414809227, 0.114, -0.0112841796875
0.168307065964, 0.117, -0.191948242188
0.172462940216, 0.12, -0.0769580078125
0.176608085632, 0.123, -0.163627929688
0.180757045746, 0.126, -0.166069335938
0.184915065765, 0.129, -0.0918505859375
0.189064979553, 0.132, -0.130180664063
0.193228960037, 0.135, -0.124565429688
0.197474002838, 0.138, -0.128715820313
0.201627969742, 0.141, -0.151665039063
0.205814123154, 0.144, -0.0967333984375
0.209963083267, 0.147, -0.115532226563
0.214113950729, 0.15, -0.152641601563
0.218326091766, 0.153, -0.120415039063
0.222507953644, 0.156, -0.138481445313
0.2267100811, 0.159, -0.0950244140625
0.23090004921, 0.162, -0.120170898438
0.235057115555, 0.165, -0.152397460938
0.239210128784, 0.168, -0.122856445313
0.24335694313, 0.171, -0.136528320313
0.247508049011, 0.174, -0.121147460938
0.251665115356, 0.177, -0.124565429688
0.255822896957, 0.18, -0.165336914063
0.25997209549, 0.183, -0.125297851563
0.264123916626, 0.186, -0.146049804688
0.268444061279, 0.189, -0.110649414063
0.272594928741, 0.192, -0.131401367188
0.276818990707, 0.195, -0.131401367188
0.28110408783, 0.198, -0.135307617188
0.285264968872, 0.201, -0.131157226563
0.289422035217, 0.204, -0.127250976563
0.293572902679, 0.207, -0.136528320313
0.297781944275, 0.21, -0.129936523438
0.30193901062, 0.213, -0.125541992188
0.306093931198, 0.216, -0.131645507813
0.310246944427, 0.219, -0.128715820313
0.314402103424, 0.222, -0.151420898438
0.318572044373, 0.225, -0.126518554688
0.322721004486, 0.228, -0.136284179688
0.326878070831, 0.231, -0.139458007813
0.331032037735, 0.234, -0.133354492188
0.33518409729, 0.237, -0.144829101563
0.339329957962, 0.24, -0.129204101563
0.343481063843, 0.243, -0.136528320313
0.34764289856, 0.246, -0.109428710938
0.351798057556, 0.249, -0.125297851563
0.355948925018, 0.252, -0.133842773438
0.360105037689, 0.255, -0.123344726563
0.364259004593, 0.258, -0.123100585938
0.368417024612, 0.261, -0.133110351563
0.3725669384, 0.264, -0.127250976563
0.376717090607, 0.267, -0.130913085938
0.380873918533, 0.27, -0.123344726563
0.385030031204, 0.273, -0.123100585938
0.389178037643, 0.276, -0.141899414063
0.393321990967, 0.279, -0.133354492188
0.397475004196, 0.282, -0.148735351563
0.40163898468, 0.285, -0.119682617188
0.405822992325, 0.288, -0.128471679688
0.409995079041, 0.291, -0.155327148438
0.41415309906, 0.294, -0.128715820313
0.418308019638, 0.297, -0.136284179688
0.422459125519, 0.3, -0.138969726563
0.426630020142, 0.303, -0.115532226563
0.430783987045, 0.306, -0.144829101563
0.434935092926, 0.309, -0.133598632813
0.439086914062, 0.312, -0.125297851563
0.443248033524, 0.315, -0.134575195313
0.447537899017, 0.318, -0.139702148438
0.451693058014, 0.321, -0.132622070313
0.455851078033, 0.324, -0.127006835938
0.460006952286, 0.327, -0.121391601563
0.464158058167, 0.33, -0.132866210938
0.468420982361, 0.333, -0.129204101563
0.47257900238, 0.336, -0.137260742188
0.476737976074, 0.339, -0.132377929688
0.480894088745, 0.342, -0.134819335938
0.485044956207, 0.345, -0.131889648438
0.489223003387, 0.348, -0.137749023438
0.493417978287, 0.351, -0.137016601563
0.497572898865, 0.354, -0.134819335938
0.501728057861, 0.357, -0.123344726563
0.505911111832, 0.36, -0.155815429688
0.5100710392, 0.363, -0.0938037109375
0.514220952988, 0.366, -0.103325195313
0.518393039703, 0.369, -0.0984423828125
0.522537946701, 0.372, -0.110161132813
0.526694059372, 0.375, -0.143364257813
0.53085398674, 0.378, -0.150444335938
0.535005092621, 0.381, -0.145073242188
0.539154052734, 0.384, -0.186577148438
0.543307065964, 0.387, -0.166801757813
0.54746389389, 0.39, -0.192680664063
0.551619052887, 0.393, -0.112846679688
0.555773019791, 0.396, -0.129204101563
0.55993103981, 0.399, -0.109428710938
0.56409406662, 0.402, -0.123100585938
0.568310022354, 0.405, -0.0967333984375
0.572463035583, 0.408, -0.139213867188
0.576627969742, 0.411, -0.117485351563
0.580816030502, 0.414, -0.137016601563
0.584995985031, 0.417, -0.152885742188
0.589154958725, 0.42, -0.109916992188
0.593322992325, 0.423, -0.109672851563
0.597903966904, 0.426, -0.139946289063
0.602399110794, 0.429, -0.131157226563
0.606596946716, 0.432, -0.124077148438
0.61233496666, 0.435, -0.131157226563
0.617948055267, 0.438, -0.130668945313
0.62210392952, 0.441, -0.126518554688
0.626244068146, 0.444, -0.136040039063
0.63038611412, 0.447, -0.128715820313
0.634541034698, 0.45, -0.133110351563
0.638685941696, 0.453, -0.122856445313
0.64282989502, 0.456, -0.129448242188
0.646970033646, 0.459, -0.133842773438
0.651106119156, 0.462, -0.131401367188
0.655246019363, 0.465, -0.125786132813
0.659399986267, 0.468, -0.142631835938
0.663556098938, 0.471, -0.126274414063
0.667712926865, 0.474, -0.133598632813
0.671865940094, 0.477, -0.115288085938
0.676023006439, 0.48, -0.126762695313
0.68017911911, 0.483, -0.133842773438
0.684334993362, 0.486, -0.131157226563
0.688482999802, 0.489, -0.126762695313
0.692620038986, 0.492, -0.130913085938
0.696760892868, 0.495, -0.131645507813
0.70091509819, 0.498, -0.131401367188
0.705724000931, 0.501, -0.135063476563
0.709963083267, 0.504, -0.125541992188
0.714109897614, 0.507, -0.126274414063
0.718342065811, 0.51, -0.132377929688
0.722479104996, 0.513, -0.138481445313
0.726613998413, 0.516, -0.137016601563
0.730755090714, 0.519, -0.126762695313
0.734899044037, 0.522, -0.134575195313
0.739046096802, 0.525, -0.138725585938
0.743189096451, 0.528, -0.133842773438
0.747334003448, 0.531, -0.130668945313
0.751485109329, 0.534, -0.130180664063
0.755638122559, 0.537, -0.122856445313
0.759792089462, 0.54, -0.134086914063
0.763943910599, 0.543, -0.128471679688
0.768095016479, 0.546, -0.130668945313
0.772244930267, 0.549, -0.129448242188
0.776401042938, 0.552, -0.121879882813
0.780556917191, 0.555, -0.126762695313
0.784711122513, 0.558, -0.123344726563
0.788857936859, 0.561, -0.127983398438
0.79301404953, 0.564, -0.119682617188
0.797169923782, 0.567, -0.117973632813
0.801319122314, 0.57, -0.137749023438
0.805469036102, 0.573, -0.127495117188
0.809649944305, 0.576, -0.125786132813
0.813811063766, 0.579, -0.127739257813
0.81796503067, 0.582, -0.130668945313
0.822117090225, 0.585, -0.135551757813
0.826272010803, 0.588, -0.124565429688
0.830436944962, 0.591, -0.124565429688
0.834584951401, 0.594, -0.132377929688
0.838788986206, 0.597, -0.126518554688
0.842936038971, 0.6, -0.132866210938
0.847084999084, 0.603, -0.127250976563
0.85123705864, 0.606, -0.129692382813
0.855394124985, 0.609, -0.129936523438
0.859545946121, 0.612, -0.135551757813
0.86369395256, 0.615, -0.130668945313
0.867844104767, 0.618, -0.128471679688
0.871999979019, 0.621, -0.132622070313
0.876157999039, 0.624, -0.133110351563
0.880305051804, 0.627, -0.132377929688
0.884450912476, 0.63, -0.129692382813
0.888714075089, 0.633, -0.127739257813
0.892873048782, 0.636, -0.133110351563
0.897027015686, 0.639, -0.136284179688
0.901173114777, 0.642, -0.130913085938
0.905321121216, 0.645, -0.128959960938
0.909472942352, 0.648, -0.130668945313
0.913655996323, 0.651, -0.136284179688
0.917810916901, 0.654, -0.132622070313
0.921977996826, 0.657, -0.129936523438
0.926134109497, 0.66, -0.136528320313
0.930285930634, 0.663, -0.131157226563
0.934442043304, 0.666, -0.132377929688
0.938596963882, 0.669, -0.131889648438
0.942749977112, 0.672, -0.134575195313
0.946903944016, 0.675, -0.129692382813
0.951050043106, 0.678, -0.130668945313
0.955200910568, 0.681, -0.131889648438
0.959353923798, 0.684, -0.129448242188
0.963509082794, 0.687, -0.135063476563
0.967658996582, 0.69, -0.126518554688
0.971806049347, 0.693, -0.130668945313
0.975960016251, 0.696, -0.129204101563
0.980113983154, 0.699, -0.129204101563
0.984265089035, 0.702, -0.130180664063
0.988418102264, 0.705, -0.132133789063
0.992568969727, 0.708, -0.129448242188
0.996725082397, 0.711, -0.126762695313
1.0008790493, 0.714, -0.126274414063
1.00502705574, 0.717, -0.128715820313
1.00917196274, 0.72, -0.123344726563
1.01334905624, 0.723, -0.154594726563
1.01751804352, 0.726, -0.114799804688
1.02166604996, 0.729, -0.138725585938
1.02583599091, 0.732, -0.125053710938
1.02999305725, 0.735, -0.129692382813
1.03414201736, 0.738, -0.140434570313
1.03829503059, 0.741, -0.138725585938
1.04246497154, 0.744, -0.127983398438
1.046626091, 0.747, -0.130668945313
1.05077600479, 0.75, -0.133110351563
1.05492711067, 0.753, -0.130424804688
1.05908107758, 0.756, -0.129936523438
1.06323599815, 0.759, -0.121879882813
1.06738495827, 0.762, -0.132622070313
1.07153010368, 0.765, -0.139458007813
1.07568192482, 0.768, -0.132866210938
1.07983613014, 0.771, -0.132622070313
1.08398795128, 0.774, -0.127983398438
1.08813810349, 0.777, -0.132377929688
1.09228897095, 0.78, -0.127250976563
1.09644603729, 0.783, -0.130180664063
1.10060191154, 0.786, -0.132866210938
1.1047539711, 0.789, -0.130668945313
1.10890007019, 0.792, -0.135307617188
1.11305403709, 0.795, -0.130180664063
1.11723589897, 0.798, -0.133110351563
1.12138295174, 0.801, -0.130180664063
1.12553501129, 0.804, -0.122856445313
1.12968707085, 0.807, -0.133110351563
1.13384008408, 0.81, -0.129204101563
1.13800001144, 0.813, -0.130668945313
1.14224100113, 0.816, -0.130424804688
1.14640498161, 0.819, -0.128227539063
1.15055990219, 0.822, -0.136040039063
1.15472102165, 0.825, -0.127250976563
1.15886998177, 0.828, -0.128715820313
1.16301608086, 0.831, -0.133110351563
1.16717195511, 0.834, -0.131401367188
1.17132496834, 0.837, -0.130668945313
1.17547607422, 0.84, -0.131157226563
1.17962408066, 0.843, -0.129692382813
1.1837720871, 0.846, -0.131889648438
1.18792700768, 0.849, -0.132377929688
1.1920800209, 0.852, -0.132377929688
1.19622707367, 0.855, -0.130668945313
1.20037293434, 0.858, -0.129692382813
1.20452404022, 0.861, -0.127983398438
1.20867991447, 0.864, -0.133842773438
1.21283197403, 0.867, -0.131889648438
1.21700692177, 0.87, -0.130180664063
1.22116589546, 0.873, -0.133842773438
1.22533106804, 0.876, -0.134331054688
1.2294781208, 0.879, -0.141899414063
1.23362398148, 0.882, -0.136528320313
1.23782706261, 0.885, -0.134819335938
1.24198007584, 0.888, -0.133598632813
1.24612998962, 0.891, -0.135307617188
1.25029492378, 0.894, -0.135551757813
1.25444698334, 0.897, -0.131889648438
1.25859689713, 0.9, -0.136040039063
1.26274394989, 0.903, -0.134819335938
1.26689910889, 0.906, -0.131645507813
1.27105093002, 0.909, -0.133354492188
1.2752020359, 0.912, -0.135307617188
1.27934789658, 0.915, -0.129448242188
1.28349709511, 0.918, -0.126518554688
1.28765296936, 0.921, -0.129448242188
1.29180693626, 0.924, -0.134575195313
1.29595398903, 0.927, -0.137993164063
1.30009889603, 0.93, -0.130668945313
1.30424690247, 0.933, -0.126274414063
1.30839896202, 0.936, -0.129204101563
1.31255292892, 0.939, -0.126274414063
1.31670689583, 0.942, -0.138237304688
1.32089090347, 0.945, -0.134575195313
1.32504796982, 0.948, -0.135063476563
1.32919502258, 0.951, -0.134819335938
1.33334112167, 0.954, -0.127250976563
1.33758711815, 0.957, -0.130180664063
1.34174609184, 0.96, -0.139702148438
1.34591603279, 0.963, -0.133354492188
1.35006308556, 0.966, -0.129204101563
1.3542098999, 0.969, -0.130180664063
1.35836291313, 0.972, -0.127739257813
1.36251592636, 0.975, -0.128715820313
1.36666893959, 0.978, -0.129692382813
1.37081503868, 0.981, -0.132866210938
1.37496399879, 0.984, -0.135063476563
1.3791179657, 0.987, -0.126762695313
1.38326907158, 0.99, -0.130180664063
1.38742303848, 0.993, -0.128471679688
1.39156889915, 0.996, -0.136040039063
1.39572191238, 0.999, -0.135795898438
1.39987611771, 1.002, -0.128715820313
1.40403008461, 1.005, -0.129936523438
1.40818095207, 1.008, -0.130913085938
1.41232800484, 1.011, -0.131401367188
1.41648006439, 1.014, -0.130913085938
1.42063093185, 1.017, -0.129204101563
1.42478299141, 1.02, -0.133598632813
1.42893099785, 1.023, -0.129204101563
1.43308091164, 1.026, -0.126274414063
1.43723607063, 1.029, -0.126518554688
1.44140005112, 1.032, -0.127983398438
1.44554805756, 1.035, -0.131645507813
1.44969391823, 1.038, -0.126762695313
1.45384597778, 1.041, -0.128715820313
1.45800089836, 1.044, -0.129936523438
1.46216511726, 1.047, -0.128959960938
1.4663131237, 1.05, -0.125297851563
1.47046709061, 1.053, -0.132866210938
1.47461795807, 1.056, -0.130668945313
1.47887206078, 1.059, -0.133598632813
1.48302292824, 1.062, -0.132133789063
1.48717093468, 1.065, -0.132622070313
1.49132108688, 1.068, -0.135551757813
1.49547696114, 1.071, -0.133598632813
1.49963092804, 1.074, -0.135063476563
1.5037779808, 1.077, -0.133110351563
1.50792789459, 1.08, -0.127250976563
1.51208209991, 1.083, -0.128715820313
1.51623797417, 1.086, -0.132133789063
1.52041506767, 1.089, -0.131157226563
1.52456998825, 1.092, -0.133110351563
1.5287771225, 1.095, -0.132377929688
1.5329220295, 1.098, -0.132133789063
1.53707790375, 1.101, -0.132866210938
1.54122900963, 1.104, -0.129204101563
1.545388937, 1.107, -0.132622070313
1.54953694344, 1.11, -0.129692382813
1.55370092392, 1.113, -0.131645507813
1.55786108971, 1.116, -0.131157226563
1.56201100349, 1.119, -0.135307617188
1.56615805626, 1.122, -0.134331054688
1.57032608986, 1.125, -0.129204101563
1.57448005676, 1.128, -0.138969726563
1.57862901688, 1.131, -0.132377929688
1.58277201653, 1.134, -0.130424804688
1.58692598343, 1.137, -0.135063476563
1.59107804298, 1.14, -0.137260742188
1.59523391724, 1.143, -0.135795898438
1.59938907623, 1.146, -0.135307617188
1.6035399437, 1.149, -0.127495117188
1.60769701004, 1.152, -0.128715820313
1.61185097694, 1.155, -0.133598632813
1.61599898338, 1.158, -0.133598632813
1.62014698982, 1.161, -0.130668945313
1.624325037, 1.164, -0.130180664063
1.62848091125, 1.167, -0.110649414063
1.63262796402, 1.17, -0.137993164063
1.63678002357, 1.173, -0.131645507813
1.64093494415, 1.176, -0.130668945313
1.6450920105, 1.179, -0.127006835938
1.64924812317, 1.182, -0.134086914063
1.65339303017, 1.185, -0.130668945313
1.65754795074, 1.188, -0.129204101563
1.66169905663, 1.191, -0.128715820313
1.66586208344, 1.194, -0.134575195313
1.67001008987, 1.197, -0.127739257813
1.67417693138, 1.2, -0.126518554688
1.67833900452, 1.203, -0.113334960938
1.68248796463, 1.206, -0.128959960938
1.68663597107, 1.209, -0.133354492188
1.6907889843, 1.212, -0.133110351563
1.69494390488, 1.215, -0.126762695313
1.69909405708, 1.218, -0.129448242188
1.70323991776, 1.221, -0.135795898438
1.70739293098, 1.224, -0.130424804688
1.71154308319, 1.227, -0.133842773438
1.71569895744, 1.23, -0.127739257813
1.71985411644, 1.233, -0.132133789063
1.72402405739, 1.236, -0.129448242188
1.72818398476, 1.239, -0.131645507813
1.73233509064, 1.242, -0.128471679688
1.73648405075, 1.245, -0.129204101563
1.74064302444, 1.248, -0.131889648438
1.74480009079, 1.251, -0.133110351563
1.74895906448, 1.254, -0.131645507813
1.75310611725, 1.257, -0.133354492188
1.75725793839, 1.26, -0.129204101563
1.76141095161, 1.263, -0.132866210938
1.76556611061, 1.266, -0.130180664063
1.76972007751, 1.269, -0.134575195313
1.774766922, 1.272, -0.130180664063
1.77915000916, 1.275, -0.128227539063
1.78339600563, 1.278, -0.132622070313
1.7876739502, 1.281, -0.129692382813
1.79182100296, 1.284, -0.132622070313
1.79595804214, 1.287, -0.132133789063
1.800096035, 1.29, -0.131401367188
1.80423808098, 1.293, -0.130424804688
1.80839896202, 1.296, -0.130913085938
1.81255602837, 1.299, -0.134086914063
1.81671094894, 1.302, -0.129204101563
1.8208630085, 1.305, -0.137260742188
1.82506608963, 1.308, -0.134331054688
1.82921910286, 1.311, -0.130424804688
1.83337402344, 1.314, -0.125297851563
1.83753204346, 1.317, -0.134086914063
1.8416929245, 1.32, -0.131401367188
1.84584403038, 1.323, -0.130668945313
1.84999990463, 1.326, -0.131889648438
1.85415410995, 1.329, -0.132622070313
1.85832095146, 1.332, -0.137504882813
1.8624689579, 1.335, -0.128959960938
1.86662793159, 1.338, -0.128959960938
1.87078595161, 1.341, -0.134819335938
1.8749370575, 1.344, -0.131645507813
1.87908506393, 1.347, -0.135307617188
1.88323998451, 1.35, -0.134086914063
1.88739705086, 1.353, -0.127250976563
1.89154791832, 1.356, -0.132133789063
1.8956990242, 1.359, -0.132133789063
1.8998529911, 1.362, -0.129936523438
1.90400791168, 1.365, -0.127495117188
1.908162117, 1.368, -0.133842773438
1.91230797768, 1.371, -0.131645507813
1.91645693779, 1.374, -0.135063476563
1.92061209679, 1.377, -0.132622070313
1.92477202415, 1.38, -0.136528320313
1.92895007133, 1.383, -0.130424804688
1.93310594559, 1.386, -0.132622070313
1.93727707863, 1.389, -0.132866210938
1.9414229393, 1.392, -0.132133789063
1.94557189941, 1.395, -0.132866210938
1.94972705841, 1.398, -0.126274414063
1.95388102531, 1.401, -0.133598632813
1.95804905891, 1.404, -0.132866210938
1.96221590042, 1.407, -0.131889648438
1.96637201309, 1.41, -0.134819335938
1.97052192688, 1.413, -0.139946289063
1.97467398643, 1.416, -0.132866210938
1.97882604599, 1.419, -0.132866210938
1.98297905922, 1.422, -0.131401367188
1.98713707924, 1.425, -0.129692382813
1.99128699303, 1.428, -0.132622070313
1.99544095993, 1.431, -0.132133789063
1.99959611893, 1.434, -0.133354492188
2.00375199318, 1.437, -0.130668945313
2.00814008713, 1.44, -0.132133789063
2.01231503487, 1.443, -0.115043945313
2.01647806168, 1.446, -0.0532763671875
2.02063107491, 1.449, -0.0852587890625
2.02478098869, 1.452, -0.127495117188
2.02893996239, 1.455, -0.115776367188
2.03311800957, 1.458, -0.118950195313
2.03727602959, 1.461, -0.118706054688
2.04143095016, 1.464, -0.110649414063
2.04559397697, 1.467, -0.116020507813
2.04976511002, 1.47, -0.101616210938
2.05392003059, 1.473, -0.0950244140625
2.05809092522, 1.476, -0.0994189453125
2.06224608421, 1.479, -0.111870117188
2.06640195847, 1.482, -0.0996630859375
2.07055401802, 1.485, -0.0979541015625
2.07471704483, 1.488, -0.101127929688
2.0788769722, 1.491, -0.140190429688
2.08303308487, 1.494, -0.0928271484375
2.08719205856, 1.497, -0.154838867188
2.09135508537, 1.5, -0.126518554688
2.09551501274, 1.503, -0.155571289063
2.09967494011, 1.506, -0.155815429688
2.10383796692, 1.509, -0.154106445313
2.10801506042, 1.512, -0.207817382813
2.11218905449, 1.515, -0.152641601563
2.11635398865, 1.518, -0.157036132813
2.12051391602, 1.521, -0.109916992188
2.12467908859, 1.524, -0.162163085938
2.1288421154, 1.527, -0.0823291015625
2.13300490379, 1.53, -0.145805664063
2.13716411591, 1.533, -0.0532763671875
2.14131903648, 1.536, -0.148002929688
2.14547991753, 1.539, -0.0859912109375
2.14963006973, 1.542, -0.174614257813
2.15379309654, 1.545, -0.0459521484375
2.15795111656, 1.548, -0.152641601563
2.16212010384, 1.551, -0.0168994140625
2.16627192497, 1.554, -0.205864257813
2.17043495178, 1.557, -0.122856445313
2.17459607124, 1.56, -0.247124023438
2.17881798744, 1.563, -0.211723632813
2.18297505379, 1.566, -0.322563476563
2.18713307381, 1.569, -0.0566943359375
2.19128990173, 1.572, -0.257622070313
2.19545507431, 1.575, 0.0123974609375
2.1996049881, 1.578, -0.400200195313
2.20375800133, 1.581, -0.0649951171875
2.20791602135, 1.584, -0.283012695313
2.21208000183, 1.587, -0.100883789063
2.21624112129, 1.59, -0.290336914063
2.22040295601, 1.593, -0.154106445313
2.22456812859, 1.596, -0.201225585938
2.22878193855, 1.599, -0.0430224609375
2.23294091225, 1.602, -0.134086914063
2.23710298538, 1.605, -0.0037158203125
2.24136900902, 1.608, -0.147026367188
2.24553704262, 1.611, -0.132133789063
2.24971008301, 1.614, -0.213432617188
2.25386309624, 1.617, -0.0237353515625
2.25803399086, 1.62, -0.249565429688
2.26219701767, 1.623, -0.0098193359375
2.26634907722, 1.626, -0.117241210938
2.27050805092, 1.629, -0.144829101563
2.27467608452, 1.632, -0.121635742188
2.27883505821, 1.635, -0.0501025390625
2.282984972, 1.638, -0.274467773438
2.28714990616, 1.641, 0.136665039062
2.29131197929, 1.644, -0.186577148438
2.29546999931, 1.647, -0.399956054688
2.29963207245, 1.65, -0.0952685546875
2.3037879467, 1.653, -0.114555664063
2.30795192719, 1.656, -0.198540039063
2.31210589409, 1.659, -0.229057617188
2.31627202034, 1.662, 0.0548779296875
2.32042908669, 1.665, 0.216499023437
2.32458496094, 1.668, -0.207817382813
2.32879710197, 1.671, -0.212700195313
2.33295297623, 1.674, 0.0936962890625
2.33710694313, 1.677, -0.0591357421875
2.3412630558, 1.68, 0.0653759765625
2.34542298317, 1.683, -0.180473632813
2.34958195686, 1.686, -0.224907226563
2.35374593735, 1.689, 0.0890576171875
2.35790395737, 1.692, 0.0026318359375
2.36206793785, 1.695, -0.284233398438
2.36622595787, 1.698, -0.257377929688
2.37038803101, 1.701, -0.370170898438
2.37455201149, 1.704, -0.346977539063
2.37876296043, 1.707, -0.179252929688
2.3829240799, 1.71, 0.116157226562
2.38708209991, 1.713, -0.204887695313
2.39124512672, 1.716, -0.0725634765625
2.39540410042, 1.719, 3.49408691406
2.39955401421, 1.722, -0.375541992188
2.40370893478, 1.725, -0.476372070313
2.40787291527, 1.728, -0.0337451171875
2.41203093529, 1.731, 0.343452148437
2.41619205475, 1.734, 0.0404736328125
2.420347929, 1.737, 0.333198242187
2.42451000214, 1.74, -0.453666992188
2.4286711216, 1.743, 0.0976025390625
2.43282198906, 1.746, 3.12982910156
2.43698096275, 1.749, -0.271293945313
2.44115400314, 1.752, 3.22577636719
2.44530797005, 1.755, -0.322319335938
2.44948291779, 1.758, -0.153129882813
2.45364499092, 1.761, 3.50019042969
2.45779895782, 1.764, 0.802192382812
2.46195602417, 1.767, -0.404594726563
2.46613001823, 1.77, 1.02753417969
2.47028112411, 1.773, -0.371635742188
2.47443604469, 1.776, 1.11420410156
2.47859501839, 1.779, 3.22553222656
2.48275089264, 1.782, 0.718452148437
2.48690891266, 1.785, 3.07562988281
2.49106097221, 1.788, 0.957954101562
2.49522399902, 1.791, 2.91278808594
2.49938201904, 1.794, 0.230170898437
2.50353503227, 1.797, 3.07392089844
2.50768494606, 1.8, 0.0507275390625
2.51184201241, 1.803, 3.18598144531
2.51600193977, 1.806, 0.542670898437
2.52016091347, 1.809, 2.75287597656
2.52431797981, 1.812, 0.221870117187
2.52851009369, 1.815, 3.16645019531
2.53266501427, 1.818, 0.419135742187
2.53682994843, 1.821, 3.19940917969
2.54099011421, 1.824, 1.05463378906
2.54515004158, 1.827, 2.62934082031
2.54930305481, 1.83, 0.834418945312
2.5534799099, 1.833, 3.02851074219
2.55763411522, 1.836, 1.18762939453
2.56178498268, 1.839, 3.20087402344
2.56593894958, 1.842, 1.51575439453
2.57011008263, 1.845, 2.57904785156
2.57425808907, 1.848, 1.36640136719
2.5784099102, 1.851, 2.36615722656
2.58256602287, 1.854, 1.51215332031
2.58672499657, 1.857, 2.97113769531
2.59087610245, 1.86, 1.50287597656
2.59502696991, 1.863, 2.54511230469
2.59918308258, 1.866, 1.04706542969
2.60333895683, 1.869, 1.88861816406
2.60749602318, 1.872, 0.600776367187
2.61165189743, 1.875, 2.28241699219
2.61580991745, 1.878, -0.0745166015625
2.61996603012, 1.881, -0.0073779296875
2.62412905693, 1.884, 0.0539013671875
2.62828707695, 1.887, 0.562202148437
2.63244891167, 1.89, -0.100395507813
2.63661599159, 1.893, 0.422004394531
2.64076709747, 1.896, 2.33612792969
2.64492702484, 1.899, 1.09467285156
2.64909791946, 1.902, 1.86664550781
2.6532459259, 1.905, 0.777778320312
2.6574048996, 1.908, 2.37128417969
2.66156196594, 1.911, 1.49311035156
2.66571998596, 1.914, -0.294731445313
2.66987895966, 1.917, 0.222846679687
2.67405605316, 1.92, 0.411323242187
2.6782720089, 1.923, 0.0914990234375
2.68243002892, 1.926, 0.587104492187
2.68659210205, 1.929, 2.96112792969
2.69074296951, 1.932, 1.03974121094
2.69489812851, 1.935, 2.77997558594
2.69913697243, 1.938, 0.386909179687
2.70330405235, 1.941, 2.98676269531
2.7074611187, 1.944, 0.0023876953125
2.71161103249, 1.947, 0.0033642578125
2.71576595306, 1.95, 2.46479003906
2.71992111206, 1.953, 0.0712353515625
2.72407793999, 1.956, 3.02338378906
2.72828912735, 1.959, 1.20844238281
2.73244810104, 1.962, -0.422905273438
2.73660612106, 1.965, -0.110161132813
2.74076700211, 1.968, 0.606879882812
2.74494409561, 1.971, -0.166069335938
2.74909901619, 1.974, 1.15302246094
2.75324892998, 1.977, 2.97309082031
2.75740504265, 1.98, 0.527778320312
2.76157903671, 1.983, 0.248725585937
2.76573491096, 1.986, 0.0507275390625
2.76989293098, 1.989, 0.243354492187
2.77404093742, 1.992, 2.79608886719
2.77820205688, 1.995, -0.0100634765625
2.78235507011, 1.998, 2.53852050781
2.78651499748, 2.001, -0.134331054688
2.79067897797, 2.004, -0.450004882813
2.79483795166, 2.007, 3.15424316406
2.79899311066, 2.01, -0.0815966796875
2.80314993858, 2.013, 2.82611816406
2.80731010437, 2.016, 0.247993164062
2.81146597862, 2.019, 3.20966308594
2.8156208992, 2.022, -0.0696337890625
2.81977701187, 2.025, -0.0430224609375
2.82393193245, 2.028, 3.46430175781
2.82808303833, 2.031, 0.536811523437
2.83223891258, 2.034, -0.229790039063
2.83640503883, 2.037, 0.516547851562
2.84056401253, 2.04, 0.331000976562
2.84472107887, 2.043, -0.0764697265625
2.84889006615, 2.046, 0.717719726562
2.85305404663, 2.049, -0.284233398438
2.85721111298, 2.052, 1.17255371094
2.86136698723, 2.055, 0.653999023437
2.86554503441, 2.058, -0.0874560546875
2.8696949482, 2.061, 0.636909179687
2.87386989594, 2.064, 3.39667480469
2.8780310154, 2.067, 1.08588378906
2.88218307495, 2.07, 3.20453613281
2.88633394241, 2.073, -0.110893554688
2.89049696922, 2.076, 0.558051757812
2.89466500282, 2.079, 3.37958496094
2.89881396294, 2.082, 1.15692871094
2.90296792984, 2.085, 3.37543457031
2.90712308884, 2.088, -0.0833056640625
2.91127896309, 2.091, 0.503608398437
2.91543292999, 2.094, 3.48187988281
2.9195868969, 2.097, 1.06269042969
2.92374205589, 2.1, 3.31098144531
2.92790007591, 2.103, -0.383110351563
2.93205809593, 2.106, 0.168647460937
2.93622708321, 2.109, 3.40155761719
2.94038391113, 2.112, 0.858100585937
2.9445400238, 2.115, 3.38153808594
2.94869494438, 2.118, 3.35565917969
2.95286512375, 2.121, 0.222846679687
2.95703411102, 2.124, -0.383842773438
2.96118998528, 2.127, 1.11322753906
2.96534800529, 2.13, -0.236625976563
2.96952295303, 2.133, 3.44281738281
2.97367191315, 2.136, 0.264594726562
2.97785210609, 2.139, 3.37567871094
2.98201107979, 2.142, 0.318305664062
2.98617196083, 2.145, 0.196967773437
2.99033594131, 2.148, 3.47992675781
2.99449300766, 2.151, 0.474799804687
2.99865603447, 2.154, 3.44525878906
3.00280809402, 2.157, 0.571235351562
3.00697112083, 2.16, 3.04999511719
3.01112890244, 2.163, 3.50238769531
3.01528406143, 2.166, 0.437934570312
3.01944303513, 2.169, -0.460014648438
3.02360391617, 2.172, 0.983833007812
3.02781009674, 2.175, -0.432915039063
3.03200292587, 2.178, -0.425346679688
3.03616189957, 2.181, 0.402045898437
3.04031991959, 2.184, -0.397270507813
3.04447889328, 2.187, 1.07611816406
3.04863500595, 2.19, 0.174506835937
3.05279111862, 2.193, -0.141411132813
3.05696892738, 2.196, 0.735297851562
3.06113100052, 2.199, 0.163032226562
3.06528711319, 2.202, 1.06537597656
3.06944394112, 2.205, 0.799995117187
3.07360696793, 2.208, 3.46454589844
3.07780408859, 2.211, 0.509467773437
3.08198094368, 2.214, -0.0698779296875
3.08613300323, 2.217, 0.436225585937
3.09028792381, 2.22, 0.827338867187
3.0944519043, 2.223, -0.392875976563
3.0986161232, 2.226, 0.789008789062
3.10277199745, 2.229, 0.0773388671875
3.10692811012, 2.232, -0.0322802734375
3.11108398438, 2.235, 0.792426757812
3.1152510643, 2.238, 3.40937011719
3.11939907074, 2.241, 0.351997070312
3.12356090546, 2.244, 0.182075195312
3.12776994705, 2.247, 0.302192382812
3.13193798065, 2.25, -0.108208007813
3.1361041069, 2.253, 2.95014160156
3.14025712013, 2.256, 0.0302197265625
3.14441108704, 2.259, 0.105903320312
3.14857506752, 2.262, 0.0309521484375
3.15272903442, 2.265, 0.896674804687
3.15688610077, 2.268, 3.26776855469
3.16112709045, 2.271, -0.463188476563
3.16529893875, 2.274, -0.277153320313
3.16947412491, 2.277, 2.72016113281
3.1736240387, 2.28, -0.373344726563
3.17779898643, 2.283, -0.132133789063
3.18196392059, 2.286, 3.09711425781
3.18612098694, 2.289, 0.0287548828125
3.19027400017, 2.292, 2.46552246094
3.19442892075, 2.295, 3.36737792969
3.19858789444, 2.298, 3.45673339844
3.20273709297, 2.301, -0.420952148438
3.20689296722, 2.304, 0.448920898437
3.21105408669, 2.307, 3.16645019531
3.21520996094, 2.31, 3.30756347656
3.21936106682, 2.313, -0.0029833984375
3.22351503372, 2.316, 3.41596191406
3.22767210007, 2.319, 0.759467773437
3.23183298111, 2.322, 0.0329052734375
3.23598599434, 2.325, -0.424125976563
3.24014997482, 2.328, 0.197456054687
3.24431490898, 2.331, 0.0853955078125
3.24846792221, 2.334, 0.407172851562
3.25262212753, 2.337, 1.26117675781
3.25678992271, 2.34, 3.35883300781
3.26094794273, 2.343, 0.583686523437
3.26510596275, 2.346, 0.335151367187
3.26926612854, 2.349, 0.859809570312
3.2734439373, 2.352, 1.15009277344
3.27766609192, 2.355, 3.08368652344
3.28206396103, 2.358, 0.312446289062
3.28623604774, 2.361, 0.464790039062
3.2904009819, 2.364, 0.502387695312
3.29456305504, 2.367, 0.137885742187
3.29884791374, 2.37, 3.14423339844
3.30300211906, 2.373, -0.338676757813
3.30716395378, 2.376, -0.106987304688
3.31132006645, 2.379, 2.96698730469
3.31546998024, 2.382, 0.547797851562
3.31962490082, 2.385, 3.48627441406
3.32378792763, 2.388, 3.31854980469
3.32794308662, 2.391, -0.183403320313
3.33209705353, 2.394, 2.65546386719
3.33625292778, 2.397, 3.34809082031
3.34040999413, 2.4, 3.43109863281
3.34455990791, 2.403, 3.43915527344
3.34876608849, 2.406, 0.342231445312
3.35293912888, 2.409, 3.10980957031
3.35708904266, 2.412, 2.99750488281
3.3612549305, 2.415, 0.0775830078125
3.36541390419, 2.418, -0.0288623046875
3.36956810951, 2.421, 0.747993164062
3.3737180233, 2.424, 0.112739257812
3.37789702415, 2.427, 3.42279785156
3.38204693794, 2.43, 0.250190429687
3.38620305061, 2.433, 0.0111767578125
3.39035606384, 2.436, 0.480415039062
3.39451909065, 2.439, 1.10761230469
3.3986749649, 2.442, 3.34296386719
3.40282392502, 2.445, 0.712592773437
3.40698599815, 2.448, 0.687690429687
3.41114997864, 2.451, 0.357368164062
3.41530394554, 2.454, 0.852485351562
3.41946005821, 2.457, 3.15155761719
3.42361593246, 2.46, 0.399116210937
3.42782306671, 2.463, 0.164252929687
3.43198609352, 2.466, -0.359184570313
3.43615102768, 2.469, 0.606635742187
3.44030809402, 2.472, 3.13080566406
3.44446110725, 2.475, 3.34931152344
3.44861912727, 2.478, -0.245659179688
3.45277690887, 2.481, 2.90229003906
3.4569311142, 2.484, 0.118842773437
3.46109294891, 2.487, 3.09174316406
3.46526312828, 2.49, 3.45990722656
3.4694108963, 2.493, -0.168999023438
3.47356510162, 2.496, 2.75312011719
3.47778010368, 2.499, 3.24896972656
3.48193311691, 2.502, -0.367973632813
3.48609495163, 2.505, 3.20893066406
3.49024891853, 2.508, 0.586372070312
3.49440407753, 2.511, 0.231879882812
3.49855995178, 2.514, 3.25897949219
3.50271606445, 2.517, 0.473090820312
3.50687789917, 2.52, 3.49237792969
3.51102495193, 2.523, 0.189887695312
3.51517701149, 2.526, 0.687202148437
3.51933693886, 2.529, 3.39716308594
3.52348804474, 2.532, 0.505561523437
3.52764701843, 2.535, 0.371284179687
3.53180003166, 2.538, 0.664497070312
3.53596305847, 2.541, 0.872749023437
3.54012799263, 2.544, 3.17841308594
3.54427599907, 2.547, 0.530708007812
3.54857897758, 2.55, 0.537055664062
3.55275893211, 2.553, -0.119438476563
3.55691409111, 2.556, 1.25165527344
3.56107091904, 2.559, 3.22821777344
3.56522798538, 2.562, -0.472954101563
3.56939911842, 2.565, 0.0131298828125
3.57354712486, 2.568, 2.88202636719
3.57776808739, 2.571, -0.194145507813
3.5819299221, 2.574, 3.08588378906
3.58609199524, 2.577, 3.02558105469
3.59024596214, 2.58, -0.183159179688
3.59439897537, 2.583, 2.60590332031
3.59855389595, 2.586, 3.41547363281
3.60270690918, 2.589, 3.30951660156
3.60686206818, 2.592, 3.38251464844
3.61101007462, 2.595, 0.220161132812
3.61516499519, 2.598, -0.297172851563
3.61932396889, 2.601, 3.13275878906
3.62348008156, 2.604, -0.0620654296875
3.62781000137, 2.607, -0.335991210938
3.631980896, 2.61, 0.558784179687
3.63613700867, 2.613, 1.38983886719
3.64030003548, 2.616, 3.44745605469
3.64445590973, 2.619, 0.700874023437
3.64861798286, 2.622, 0.308051757812
3.65277194977, 2.625, 0.655219726562
3.65693497658, 2.628, 0.951118164062
3.66109490395, 2.631, 3.18158691406
3.66525506973, 2.634, 0.143256835937
3.66941189766, 2.637, 0.548286132812
3.67357397079, 2.64, 0.165473632812
3.6777780056, 2.643, 1.33100097656
3.68193602562, 2.646, 3.12592285156
3.68609189987, 2.649, -0.271293945313
3.69024801254, 2.652, -0.122368164063
3.69440412521, 2.655, 2.82587402344
3.69855999947, 2.658, 0.304877929687
3.70271706581, 2.661, 3.25629394531
3.70686912537, 2.664, 3.30951660156
3.71102404594, 2.667, -0.112846679688
3.71518707275, 2.67, 2.91376464844
3.71933889389, 2.673, 3.01508300781
3.72348809242, 2.676, -0.270073242188
3.72764801979, 2.679, 3.15839355469
3.73180508614, 2.682, 0.181586914062
3.73599505424, 2.685, -0.439262695313
3.7401599884, 2.688, 3.32367675781
3.74432110786, 2.691, 0.104682617187
3.74848008156, 2.694, -0.228325195313
3.7526409626, 2.697, 0.353706054687
3.75680208206, 2.7, 1.17987792969
3.76095795631, 2.703, 3.47846191406
3.76510810852, 2.706, 0.444770507812
3.76928091049, 2.709, 0.277045898437
3.77344202995, 2.712, 0.691840820312
3.777602911, 2.715, 1.08759277344
3.78175902367, 2.718, -0.441459960938
3.78592205048, 2.721, 0.336860351562
3.79008197784, 2.724, 0.974311523437
3.79423308372, 2.727, 0.365424804687
3.79839897156, 2.73, 0.939155273437
3.80256199837, 2.733, 3.32221191406
3.80671191216, 2.736, -0.374321289063
3.81087303162, 2.739, -0.150200195313
3.81507992744, 2.742, 2.70941894531
3.81929802895, 2.745, 0.100532226562
3.82345700264, 2.748, 3.20355957031
3.82760596275, 2.751, 3.32172363281
3.83176112175, 2.754, -0.367729492188
3.83592295647, 2.757, 3.08759277344
3.84007906914, 2.76, 3.01117675781
3.84423398972, 2.763, -0.314506835938
3.8483979702, 2.766, 3.33466308594
3.85255002975, 2.769, 0.232612304687
3.8567109108, 2.772, 0.236762695312
3.86087393761, 2.775, 2.84809082031
3.86503195763, 2.778, 0.486762695312
3.86919498444, 2.781, -0.424370117188
3.87334799767, 2.784, 0.469672851562
3.8775100708, 2.787, 1.23944824219
3.88167691231, 2.79, 3.50580566406
3.88582706451, 2.793, 0.666450195312
3.88998603821, 2.796, 0.496040039062
3.89414906502, 2.799, 0.836860351562
3.89831209183, 2.802, 0.884956054687
3.90246605873, 2.805, 3.39276855469
3.90662503242, 2.808, 0.208442382812
3.91078591347, 2.811, 0.0722119140625
3.91493701935, 2.814, 3.47113769531
3.91909098625, 2.817, 0.940864257812
3.92325091362, 2.82, 3.23505371094
3.92740702629, 2.823, 3.50165527344
3.9315559864, 2.826, 3.46259277344
3.93570709229, 2.829, 2.48310058594
3.93986606598, 2.832, -0.362114257813
3.94403100014, 2.835, 3.17401855469
3.94818091393, 2.838, -0.304497070313
3.95233893394, 2.841, 0.534370117187
3.95650100708, 2.844, -0.332573242188
3.9606730938, 2.847, 3.18524902344
3.96482491493, 2.85, 0.0060498046875
3.96898198128, 2.853, 3.10248535156
3.9731400013, 2.856, -0.208549804688
3.97730612755, 2.859, 0.245063476562
3.98146700859, 2.862, 3.50141113281
3.98563694954, 2.865, 0.455756835937
3.98979091644, 2.868, 0.469916992187
3.99394392967, 2.871, 0.704047851562
3.9981110096, 2.874, 0.532905273437
