time (sec), y-accel
0.000446081161499,-0.00098876953125, -0.02592
0.00261306762695,-0.00086669921875, 0.00208
0.00468993186951,0.00267333984375, 0.01008
0.00675201416016,0.00364990234375, 0.02208
0.00882005691528,0.00499267578125, 0.01408
0.0109541416168,0.00340576171875, 0.01008
0.0130021572113,0.00059814453125, 0.02208
0.0150539875031,0.00242919921875, 0.00208
0.0170941352844,0.00377197265625, -0.00192
0.019159078598,0.00035400390625, 0.00608
0.0212199687958,-0.00037841796875, 0.00208
0.0232961177826,0.00267333984375, 0.01408
0.025356054306,0.00181884765625, 0.04208
0.0274269580841,0.00194091796875, 0.03408
0.0294880867004,-0.00074462890625, 0.02608
0.0315489768982,0.00340576171875, 0.04208
0.033595085144,0.00072021484375, 0.02208
0.0356619358063,-0.00123291015625, -0.00192
0.0377111434937,-0.00196533203125, -0.00192
0.0397591590881,0.00010986328125, -0.01792
0.0418310165405,-0.00062255859375, -0.01792
0.04390001297,0.00035400390625, 0.00608
0.0459871292114,0.00120849609375, -0.00192
0.0480561256409,0.00242919921875, -0.00192
0.0501689910889,0.00120849609375, -0.00592
0.052227973938,-0.00123291015625, 0.01008
0.0542960166931,0.00023193359375, 0.01808
0.0563530921936,0.00096435546875, -0.00992
0.058424949646,-0.00233154296875, -0.00992
0.0604910850525,-0.00050048828125, -0.00992
0.0625600814819,-0.00159912109375, -0.02192
0.0646159648895,0.00157470703125, -0.01792
0.0666949748993,-0.00050048828125, 0.01008
0.0687561035156,0.00157470703125, -0.01392
0.0708210468292,-0.00086669921875, -0.02192
0.0728800296783,-0.00025634765625, 0.03008
0.0749471187592,-0.00159912109375, 0.01408
0.0770089626312,0.00145263671875, -0.00592
0.0790750980377,0.00157470703125, 0.03008
0.0811419487,-0.00050048828125, 0.01808
0.0832180976868,-0.00159912109375, -0.02992
0.0852861404419,-0.00355224609375, -0.02192
0.0873439311981,-0.00257568359375, 0.01808
0.0894100666046,0.00206298828125, 0.01808
0.0914781093597,-0.00147705078125, 0.06208
0.0935471057892,-0.00111083984375, 0.05408
0.0956020355225,-0.00123291015625, 0.00608
0.0976841449738,0.00133056640625, -0.02192
0.0997490882874,0.00023193359375, -0.00592
0.10181593895,-0.00135498046875, 0.01008
0.103873968124,-0.00037841796875, -0.00592
0.105941057205,0.00108642578125, -0.00592
0.108003139496,-0.00062255859375, -0.01792
0.110069990158,0.00047607421875, -0.02992
0.112133026123,-0.00025634765625, -0.01792
0.114211082458,-0.00355224609375, -0.00192
0.116279125214,-0.00465087890625, 0.03808
0.118335962296,-0.00367431640625, 0.01408
0.120458126068,-0.00306396484375, -0.00192
0.122540950775,0.00133056640625, -0.00592
0.12459897995,0.00316162109375, -0.02592
0.126667022705,0.00084228515625, -0.02592
0.128721952438,0.00010986328125, -0.00192
0.130794048309,-0.00013427734375, 0.03408
0.132852077484,0.00084228515625, 0.05408
0.134918928146,0.00133056640625, 0.04208
0.136974096298,-0.00111083984375, 0.01808
0.139054059982,-0.00098876953125, -0.00592
0.141111135483,-0.00123291015625, 0.00608
0.143175125122,-0.00086669921875, -0.00992
0.145235061646,0.00072021484375, 0.00208
0.147302150726,-0.00074462890625, 0.01808
0.14936208725,0.00096435546875, -0.02192
0.151462078094,-0.00159912109375, -0.01792
0.153538942337,-0.00416259765625, 0.00208
0.155596017838,-0.00379638671875, 0.02608
0.157662153244,0.00010986328125, 0.03808
0.159718990326,0.00169677734375, -0.00592
0.161791086197,-0.00037841796875, -0.00192
0.163845062256,0.00328369140625, -0.00192
0.165910005569,0.00352783203125, -0.05392
0.167968988419,0.00059814453125, 0.02608
0.170047044754,0.00059814453125, -0.00192
0.172105073929,-0.00086669921875, 0.03008
0.174206972122,-0.00343017578125, 0.05008
0.176337003708,-0.00245361328125, -0.00992
0.178411006927,0.00108642578125, -0.00192
0.180474042892,0.00218505859375, -0.00192
0.182538032532,-0.00208740234375, 0.00608
0.184594154358,-0.00343017578125, -0.02192
0.186672925949,-0.00050048828125, -0.01392
0.188728094101,0.00242919921875, 0.04608
0.19079709053,0.00096435546875, -0.00592
0.192855119705,-0.00025634765625, 0.01408
0.194922924042,-0.00159912109375, 0.04208
0.196983098984,-0.00159912109375, 0.01808
0.199047088623,0.00267333984375, -0.02192
0.201250076294,0.00352783203125, -0.02192
0.203320980072,0.00352783203125, -0.00592
0.205378055573,0.00096435546875, -0.00992
0.207445144653,0.00084228515625, 0.02208
0.209501981735,-0.00147705078125, 0.03808
0.211578130722,0.00145263671875, 0.04208
0.213637113571,0.00255126953125, 0.00608
0.215703010559,0.00108642578125, -0.03792
0.217767953873,0.00328369140625, -0.00592
0.219830989838,0.00609130859375, -0.02592
0.22197508812,0.00120849609375, -0.02192
0.224045038223,0.00328369140625, -0.02192
0.226099967957,0.00169677734375, -0.01392
0.228165149689,0.00059814453125, 0.00208
0.230219125748,-0.00208740234375, 0.01408
0.232284069061,-0.00294189453125, 0.04208
0.234341144562,-1.220703125e-05, 0.03008
0.236413955688,0.00169677734375, 0.01008
0.23846912384,-0.00086669921875, -0.00592
0.240535020828,-0.00062255859375, -0.00192
0.242603063583,0.00108642578125, 0.00608
0.244668960571,0.00230712890625, -0.01792
0.246721982956,0.00340576171875, 0.00208
0.24878692627,0.00157470703125, -0.01392
0.250949144363,-0.00257568359375, -0.02192
0.253009080887,-0.00355224609375, 0.01808
0.255072116852,-0.00269775390625, 0.01008
0.257130146027,-0.00025634765625, 0.02208
0.259206056595,0.00169677734375, 0.03008
0.26127409935,0.00218505859375, 0.02608
0.263329982758,0.00242919921875, 0.04208
0.2653901577,0.00035400390625, -0.02192
0.267452955246,0.00181884765625, -0.02992
0.269516944885,-0.00184326171875, -0.03392
0.271578073502,-0.00050048828125, -0.02592
0.273641109467,-0.00135498046875, 0.01008
0.275712966919,-0.00269775390625, 0.01008
0.277778148651,-0.00123291015625, 0.03408
0.279833078384,-0.00404052734375, 0.01408
0.28195309639,-0.00501708984375, -0.00592
0.284013986588,-0.00281982421875, -0.01792
0.286077022552,-1.220703125e-05, -0.01392
0.288138151169,-0.00025634765625, -0.00992
0.290212154388,-0.00111083984375, -0.05792
0.292281150818,-0.00123291015625, 0.01008
0.294335126877,0.00072021484375, 0.01408
0.29640007019,0.00047607421875, -0.00592
0.298455953598,-0.00111083984375, -0.00192
0.300524950027,0.00181884765625, 0.02208
0.302582025528,-0.00050048828125, 0.03408
0.304641008377,0.00499267578125, 0.00608
0.306710958481,0.00450439453125, 0.01408
0.308778047562,0.00560302734375, 0.01808
0.310837030411,0.00523681640625, -0.00992
0.312901973724,0.00255126953125, 0.00208
0.314958095551,-0.00245361328125, -0.06192
0.317026138306,-0.00513916015625, -0.03792
0.319083929062,-0.00172119140625, 0.00208
0.321152925491,-0.00233154296875, -0.01392
0.323223114014,-1.220703125e-05, -0.00592
0.325292110443,0.00059814453125, -0.00592
0.327345132828,-0.00147705078125, 0.03008
0.329410076141,-0.00172119140625, 0.01008
0.331475973129,0.00157470703125, -0.00992
0.333541154861,-0.00062255859375, 0.00208
0.335592985153,-0.00062255859375, 0.00608
0.337671041489,0.00072021484375, -0.02192
0.339736938477,0.00084228515625, -0.02192
0.341805934906,-0.00074462890625, -0.02592
0.343860149384,0.00108642578125, -0.01792
0.345925092697,-0.00208740234375, -0.03392
0.347983121872,0.00108642578125, -0.00592
0.350048065186,0.00108642578125, -0.01392
0.352144956589,0.00389404296875, 0.01408
0.354218006134,0.00560302734375, 0.00208
0.356285095215,0.00401611328125, 0.00608
0.358341932297,0.00145263671875, 0.03808
0.360502958298,-0.00086669921875, 0.01408
0.362585067749,0.00096435546875, 0.03408
0.364650011063,0.00364990234375, 0.03408
0.366708040237,0.00230712890625, 0.02608
0.368775129318,0.00267333984375, 0.01808
0.370837926865,0.00120849609375, -0.00592
0.372904062271,-0.00196533203125, -0.03392
0.37495803833,-0.00062255859375, 0.02208
0.377018928528,-0.00184326171875, 0.02208
0.379091024399,-0.00062255859375, -0.00992
0.381159067154,0.00181884765625, 0.03008
0.383217096329,0.00084228515625, 0.04608
0.385283946991,0.00255126953125, 0.03008
0.38734292984,0.00316162109375, 0.00208
0.389407157898,0.00328369140625, -0.02992
0.391469955444,0.00328369140625, -0.02592
0.393551111221,0.00499267578125, -0.00192
0.395607948303,-0.00013427734375, -0.00192
0.397673130035,-1.220703125e-05, -0.03792
0.399737119675,0.00023193359375, 0.01408
0.401804924011,0.00047607421875, 0.01008
0.40394115448,0.00303955078125, -0.00992
0.406006097794,0.00389404296875, 0.01408
0.408069133759,-0.00196533203125, 0.03408
0.410146951675,0.00120849609375, 0.05008
0.412208080292,0.00157470703125, 0.00608
0.414268016815,-0.00037841796875, -0.01792
0.416326999664,0.00010986328125, 0.01008
0.418390989304,0.00072021484375, -0.00992
0.420454978943,0.00206298828125, -0.01392
0.422693014145,0.00035400390625, 0.02208
0.424754142761,-0.00172119140625, 0.00608
0.426816940308,-0.00257568359375, 0.00208
0.428874969482,-0.00416259765625, 0.01808
0.430945158005,-0.00233154296875, -0.02992
0.433006048203,-0.00184326171875, -0.00992
0.435081005096,-0.00037841796875, 0.02608
0.437150001526,-0.00013427734375, 0.01408
0.439207077026,-0.00159912109375, 0.02208
0.441276073456,-0.00123291015625, -0.00592
0.443331956863,-0.00098876953125, -0.00992
0.44539809227,0.00035400390625, 0.01408
0.447454929352,-0.00245361328125, -0.00192
0.449517965317,-0.00062255859375, 0.02208
0.451621055603,-0.00013427734375, -0.01792
0.453691005707,0.00194091796875, -0.03392
0.455749034882,0.00389404296875, 0.01408
0.457813978195,0.00084228515625, -0.01792
0.45987200737,0.00328369140625, -0.01392
0.46198797226,0.00181884765625, -0.02192
0.46405005455,0.00072021484375, -0.01792
0.466109037399,0.00023193359375, 0.00608
0.468178987503,0.00035400390625, 0.02608
0.470232009888,-0.00172119140625, 0.05008
0.472300052643,0.00120849609375, 0.05808
0.474354982376,0.00169677734375, 0.07008
0.47641992569,-0.00025634765625, 0.06208
0.478476047516,0.00377197265625, 0.05408
0.480544090271,0.00291748046875, 0.04208
0.4826130867,0.00145263671875, 0.00208
0.48468208313,-1.220703125e-05, 0.03008
0.486746072769,0.00120849609375, 0.02208
0.488811016083,0.00291748046875, 0.06208
0.490926027298,0.00023193359375, 0.02208
0.492983102798,-0.00050048828125, 0.02608
0.495048999786,-0.00208740234375, 0.01808
0.497100114822,-0.00037841796875, 0.01008
0.499181985855,0.00120849609375, -0.04992
0.501237154007,-0.00062255859375, -0.04592
0.503304004669,-0.00111083984375, -0.01792
0.505357980728,-0.00013427734375, 0.04608
0.507424116135,-0.00025634765625, 0.00208
0.509483098984,-0.00086669921875, 0.00208
0.511548995972,0.00145263671875, -0.03392
0.513602018356,0.00096435546875, -0.01792
0.515684127808,0.00255126953125, 0.03008
0.517738103867,0.00120849609375, 0.01808
0.519804954529,0.00072021484375, 0.01808
0.521863937378,-0.00135498046875, -0.01392
0.523930072784,-0.00184326171875, -0.00192
0.525983095169,-0.00257568359375, 0.00208
0.528047084808,0.00047607421875, -0.00992
0.530105113983,-0.00111083984375, -0.01792
0.532170057297,0.00218505859375, -0.02592
0.534222126007,-0.00245361328125, -0.02192
0.536287069321,-0.00147705078125, 0.00208
0.538342952728,-0.00416259765625, 0.03008
0.540452003479,-0.00013427734375, 0.05808
0.542516946793,0.00206298828125, 0.02608
0.544575929642,-0.00050048828125, 0.00208
0.546658992767,-0.00159912109375, 0.01008
0.548713922501,-0.00281982421875, 0.02608
0.550783157349,-0.00343017578125, -0.00592
0.552870035172,0.00206298828125, -0.02992
0.554939985275,0.00072021484375, -0.00992
0.556999921799,-0.00086669921875, -0.01392
0.559065103531,-0.00233154296875, -0.02192
0.561130046844,-0.00343017578125, -0.01792
0.563205957413,-0.00184326171875, 0.00208
0.565271139145,-0.00233154296875, -0.00992
0.567328929901,-0.00367431640625, -0.01792
0.569391965866,-1.220703125e-05, 0.03408
0.571465969086,-0.00172119140625, 0.01408
0.573532104492,-0.00135498046875, -0.02592
0.575591087341,-0.00111083984375, -0.04992
0.577667951584,-0.00025634765625, -0.03392
0.579723119736,-0.00111083984375, 0.02608
0.581789970398,-0.00086669921875, -0.02592
0.58384513855,0.00157470703125, -0.00192
0.585914134979,-0.00050048828125, 0.03408
0.587970972061,-0.00123291015625, 0.03008
0.5900349617,0.00169677734375, -0.02992
0.592096090317,0.00108642578125, -0.04192
0.594175100327,0.00206298828125, -0.05792
0.59623003006,0.00377197265625, -0.02592
0.598294973373,0.00230712890625, 0.03008
0.600347995758,-0.00025634765625, 0.01808
0.602466106415,-0.00050048828125, 0.00208
0.604531049728,0.00291748046875, 0.01008
0.606667041779,0.00279541015625, -0.00992
0.608732938766,0.00157470703125, 0.00608
0.610800981522,0.00059814453125, 0.03008
0.612856149673,-0.00050048828125, 0.02208
0.614920139313,0.00242919921875, 0.03808
0.616977930069,0.00120849609375, 0.01008
0.619055986404,0.00072021484375, 0.03808
0.621112108231,-0.00086669921875, -0.01392
0.623178958893,0.00023193359375, -0.04592
0.625232934952,0.00133056640625, -0.03792
0.627300024033,-0.00233154296875, -0.01792
0.629354000092,0.00047607421875, -0.00592
0.631477117538,0.00364990234375, 0.00608
0.633556127548,-0.00098876953125, 0.01008
0.635612010956,-0.00098876953125, -0.01792
0.637676000595,-0.00062255859375, 0.02608
0.639730930328,0.00194091796875, -0.03392
0.641798973083,-0.00025634765625, 0.00608
0.643854141235,0.00059814453125, 0.01408
0.645919084549,-0.00245361328125, 0.01408
0.647969961166,-0.00050048828125, 0.01808
0.650047063828,0.00059814453125, 0.00608
0.652105093002,-0.00013427734375, -0.03792
0.654200077057,0.00145263671875, -0.00592
0.656260967255,0.00133056640625, -0.03392
0.658323049545,-0.00013427734375, -0.03392
0.66043305397,0.00267333984375, -0.01392
0.66249704361,-0.00074462890625, -0.02192
0.664561033249,-0.00233154296875, -0.04192
0.666635036469,-0.00233154296875, 0.01008
0.668698072433,-0.00037841796875, 0.02608
0.670763015747,0.00267333984375, 0.01008
0.672824144363,-0.00123291015625, -0.02992
0.674885988235,-0.00440673828125, 0.01808
0.676944971085,-0.00159912109375, -0.00992
0.679002046585,0.00242919921875, 0.00608
0.681064128876,-0.00159912109375, -0.00192
0.683124065399,-1.220703125e-05, 0.00208
0.685194969177,-0.00147705078125, -0.01792
0.687252998352,-0.00147705078125, -0.02592
0.689311981201,-0.00013427734375, 0.00608
0.691426038742,0.00108642578125, 0.01408
0.693480014801,0.00169677734375, -0.02192
0.69554400444,-0.00147705078125, -0.00992
0.697603940964,0.00035400390625, -0.00592
0.699684143066,0.00047607421875, -0.02592
0.70174908638,-0.00086669921875, -0.02592
0.703814029694,-0.00159912109375, 0.00608
0.705873012543,-0.00159912109375, 0.05808
0.707939147949,0.00059814453125, 0.05008
0.709998130798,0.00047607421875, 0.01408
0.712063074112,0.00023193359375, 0.03808
0.714132070541,-0.00050048828125, 0.00208
0.716197967529,-0.00062255859375, 0.01008
0.71826004982,-0.00098876953125, -0.00992
0.720323085785,-0.00574951171875, 0.01008
0.722440004349,-0.00269775390625, 0.02608
0.724498033524,0.00047607421875, -0.04192
0.726562976837,-0.00062255859375, -0.00192
0.728620052338,0.00120849609375, 0.01408
0.730718135834,-0.00111083984375, 0.02208
0.732784032822,-0.00330810546875, 0.05008
0.734838962555,-0.00111083984375, 0.01408
0.736904144287,0.00035400390625, 0.04208
0.738964080811,-0.00025634765625, 0.03808
0.741032123566,0.00084228515625, 0.00608
0.743088006973,0.00133056640625, 0.00608
0.745152950287,-0.00404052734375, 0.03008
0.747223138809,-0.00452880859375, -0.00992
0.749287128448,-0.00098876953125, 0.02208
0.75134396553,-0.00172119140625, 0.01408
0.753409147263,-0.00013427734375, 0.01008
0.755468130112,0.00072021484375, 0.01408
0.7575340271,-0.00196533203125, -0.00192
0.759588956833,-0.00013427734375, -0.02992
0.761667966843,-0.00025634765625, 0.03008
0.763726949692,-0.00281982421875, 0.05008
0.765790939331,0.00084228515625, -0.01792
0.767845153809,0.00267333984375, 0.00208
0.769912958145,0.00328369140625, 0.00608
0.771973133087,0.00389404296875, -0.01392
0.774039030075,0.00255126953125, -0.00592
0.776093006134,0.00267333984375, 0.02208
0.778177022934,0.00438232421875, 0.04208
0.780234098434,0.00499267578125, -0.00992
0.782299995422,0.00194091796875, -0.03792
0.784352064133,-0.00147705078125, -0.00592
0.786421060562,0.00059814453125, -0.02192
0.78848195076,-0.00233154296875, -0.00992
0.790549039841,-0.00379638671875, 0.00608
0.792601108551,0.00059814453125, -0.00992
0.794680118561,-0.00037841796875, -0.02192
0.796735048294,0.00035400390625, -0.02992
0.798798084259,0.00059814453125, 0.00208
0.800908088684,0.00169677734375, 0.01808
0.802966117859,-0.00062255859375, 0.01408
0.805032968521,-0.00086669921875, 0.01008
0.807150125504,0.00035400390625, 0.01408
0.809216976166,0.00035400390625, 0.02608
0.811290979385,0.00096435546875, 0.00208
0.813348054886,0.00072021484375, -0.02592
0.815415143967,0.00096435546875, -0.00992
0.817469120026,-0.00281982421875, -0.00992
0.819545984268,-0.00111083984375, -0.02192
0.82160115242,0.00059814453125, -0.00192
0.823662996292,-0.00269775390625, 0.01808
0.825722932816,0.00194091796875, 0.00608
0.827789068222,0.00230712890625, 0.00208
0.829843044281,0.00230712890625, -0.00192
0.831962108612,0.00303955078125, -0.02992
0.834039926529,0.00267333984375, 0.01008
0.836092948914,0.00096435546875, 0.01008
0.83815908432,0.00108642578125, -0.03392
0.840217113495,-0.00159912109375, -0.03392
0.842289924622,-0.00037841796875, 0.01008
0.844347000122,-1.220703125e-05, 0.02208
0.846416950226,0.00230712890625, 0.00208
0.84846997261,0.00230712890625, 0.02208
0.850552082062,0.00096435546875, 0.00608
0.852607011795,0.00328369140625, -0.00192
0.85467004776,-1.220703125e-05, -0.00192
0.856734037399,-0.00123291015625, -0.00192
0.85880112648,0.00059814453125, 0.01008
0.860908031464,0.00072021484375, -0.00992
0.86296415329,0.00010986328125, -0.02192
0.865028142929,0.00181884765625, -0.00992
0.867094993591,0.00157470703125, 0.00208
0.869158983231,-0.00623779296875, -0.02992
0.871219158173,-0.00025634765625, -0.02192
0.873285055161,-0.00184326171875, -0.02592
0.875342130661,-0.00159912109375, -0.01792
0.877407073975,0.00096435546875, -0.01392
0.879462957382,-0.00196533203125, 0.04208
0.881540060043,0.00035400390625, 0.01808
0.883599042892,0.00084228515625, 0.06608
0.885666131973,0.00181884765625, 0.06208
0.887720108032,0.00426025390625, -0.00192
0.889783143997,0.00450439453125, -0.01792
0.891839981079,0.00242919921875, -0.04192
0.893904924393,-0.00086669921875, -0.01792
0.89596414566,-0.00098876953125, -0.00192
0.898040056229,-0.00098876953125, -0.02992
0.900094032288,0.00242919921875, -0.01792
0.902167081833,0.00279541015625, 0.03808
0.904219150543,0.00035400390625, 0.03408
0.906286001205,-0.00184326171875, -0.01392
0.908339977264,0.00035400390625, -0.01792
0.910464048386,-0.00050048828125, 0.00608
0.912534952164,-0.00123291015625, -0.01792
0.914602041245,0.00157470703125, -0.01792
0.916669130325,0.00145263671875, -0.01392
0.918733119965,0.00523681640625, 0.00208
0.920802116394,0.00157470703125, -0.00592
0.922857999802,0.00230712890625, 0.00608
0.924921035767,0.00413818359375, -0.00192
0.926978111267,0.00328369140625, 0.01808
0.929042100906,0.00145263671875, 0.05008
0.931111097336,-1.220703125e-05, 0.06208
0.933184146881,0.00059814453125, 0.00608
0.935241937637,-0.00147705078125, -0.06192
0.937305927277,-0.00147705078125, -0.02592
0.939362049103,-0.00330810546875, 0.02208
0.941473960876,0.00462646484375, 0.01408
0.943540096283,0.00426025390625, 0.04208
0.945593118668,0.00035400390625, 0.05408
0.947674036026,-0.00196533203125, 0.05008
0.949728965759,-0.00367431640625, 0.02608
0.951797008514,-0.00318603515625, 0.01008
0.953855991364,0.00059814453125, 0.03408
0.955946922302,-0.00062255859375, 0.05408
0.958007097244,-0.00526123046875, -0.00192
0.960067033768,-0.00233154296875, -0.02592
0.962137937546,0.00169677734375, -0.00592
0.964200019836,0.00133056640625, -0.00192
0.96625995636,0.00206298828125, -0.00992
0.968322038651,0.00096435546875, -0.02592
0.97043800354,-0.00220947265625, 0.01008
0.972501039505,-0.00245361328125, 0.01408
0.974560976028,-0.00159912109375, 0.03408
0.976617097855,0.00181884765625, 0.00208
0.978693008423,0.00023193359375, -0.00992
0.980757951736,-0.00135498046875, 0.00208
0.982821941376,0.00010986328125, -0.03392
0.984883069992,0.00267333984375, -0.01392
0.986947059631,0.00035400390625, 0.00608
0.989011049271,-0.00062255859375, -0.00192
0.99107503891,-0.00343017578125, -0.02192
0.993138074875,0.00023193359375, 0.01008
0.995218038559,0.00194091796875, -0.02192
0.997283935547,0.00157470703125, -0.02592
0.999338150024,0.00072021484375, -0.02992
1.00145101547,-0.00037841796875, -0.00992
1.00352811813,0.00023193359375, 0.00208
1.00558710098,0.00120849609375, 0.02608
1.00765609741,0.00010986328125, 0.02208
1.00971794128,-0.00355224609375, 0.00208
1.01184511185,-0.00294189453125, -0.01792
1.01391911507,-0.00123291015625, -0.02192
1.01597595215,0.00010986328125, 0.04608
1.01805305481,0.00255126953125, 0.05408
1.02011013031,0.00511474609375, -0.00992
1.0221760273,0.00084228515625, -0.01392
1.02423214912,-0.00135498046875, -0.00592
1.02630209923,0.00181884765625, -0.00992
1.02835893631,0.00084228515625, -0.01792
1.03047513962,-0.00025634765625, -0.00992
1.03254294395,0.00096435546875, 0.01008
1.0346300602,0.00401611328125, 0.00208
1.03669500351,0.00242919921875, 0.00608
1.03875613213,-0.00050048828125, 0.01808
1.04082012177,-0.00123291015625, 0.00208
1.04288005829,0.00035400390625, 0.01808
1.04493904114,-0.00037841796875, -0.01392
1.04699397087,-0.00086669921875, -0.02992
1.04905796051,-0.00330810546875, -0.02592
1.05112314224,-0.00269775390625, 0.01008
1.05318593979,0.00133056640625, -0.03792
1.05524396896,-0.00025634765625, -0.04592
1.05733704567,-0.00172119140625, -0.02192
1.05940508842,-0.00025634765625, -0.00592
1.06146812439,-0.00135498046875, 0.00608
1.0635330677,-0.00233154296875, -0.00192
1.06559205055,-0.00159912109375, -0.00992
1.06767201424,-1.220703125e-05, -0.00592
1.06973004341,0.00230712890625, 0.03408
1.07179808617,0.00499267578125, 0.05808
1.07385492325,0.00145263671875, 0.03008
1.07592010498,-0.00086669921875, 0.01808
1.07797908783,-0.00013427734375, -0.00992
1.08004307747,-0.00135498046875, -0.01792
1.08210706711,-0.00269775390625, 0.01808
1.08417510986,-0.00294189453125, 0.02608
1.08623099327,0.00108642578125, 0.01008
1.08829808235,0.00096435546875, 0.04608
1.09035301208,0.00035400390625, 0.08208
1.09246611595,0.00157470703125, 0.02208
1.09453296661,0.00303955078125, 0.02208
1.09658694267,0.00328369140625, 0.03008
1.09866404533,0.00047607421875, 0.02208
1.10072112083,-0.00086669921875, -0.00592
1.1027879715,-0.00025634765625, 0.01008
1.10484910011,-0.00123291015625, 0.00208
1.1069149971,-0.00159912109375, -0.00592
1.10897898674,0.00157470703125, 0.00208
1.11104607582,0.00194091796875, 0.02208
1.11309695244,0.00096435546875, -0.00592
1.1151740551,0.00059814453125, -0.01392
1.11722803116,0.00145263671875, 0.00608
1.11929392815,0.00157470703125, -0.02192
1.12140703201,0.00206298828125, -0.01392
1.12346196175,0.00023193359375, 0.01008
1.12552595139,-0.00391845703125, -0.04992
1.12758398056,0.00133056640625, -0.02592
1.12966394424,0.00487060546875, 0.02208
1.13172292709,0.00499267578125, -0.00592
1.1337890625,0.00181884765625, 0.01808
1.135846138,0.00267333984375, 0.03008
1.13791298866,0.00426025390625, 0.01408
1.13996815681,0.00377197265625, 0.02608
1.14203810692,-0.00037841796875, -0.02992
1.1440911293,0.00108642578125, -0.00192
1.14616894722,0.00169677734375, 0.04208
1.14822912216,0.00145263671875, 0.00608
1.1502969265,-0.00111083984375, -0.06192
1.15235805511,-1.220703125e-05, -0.03392
1.15442705154,-0.00062255859375, 0.00208
1.15650701523,0.00145263671875, 0.01408
1.15856909752,-0.00159912109375, -0.01792
1.16063308716,-0.00233154296875, 0.02608
1.16271114349,0.00010986328125, 0.04608
1.16477608681,-0.00111083984375, 0.04608
1.16683506966,0.00108642578125, 0.01808
1.16890096664,0.00230712890625, 0.03008
1.17096614838,-0.00037841796875, -0.00192
1.17303299904,-0.00062255859375, -0.00592
1.17508792877,-0.00013427734375, -0.00992
1.17715406418,-0.00050048828125, -0.00592
1.17922210693,-0.00062255859375, -0.00592
1.18129110336,0.00047607421875, -0.00992
1.18334794044,0.00194091796875, -0.01392
1.18541097641,0.00413818359375, 0.01408
1.18746805191,-0.00074462890625, -0.00592
1.18953204155,0.00194091796875, 0.01008
1.19158601761,0.00377197265625, 0.01808
1.19366502762,0.00291748046875, 0.03408
1.19572496414,0.00364990234375, 0.03008
1.19779205322,0.00413818359375, 0.01408
1.19985103607,-0.00062255859375, 0.01008
1.20197415352,0.00120849609375, 0.04608
1.20404314995,0.00303955078125, 0.02208
1.2061021328,0.00328369140625, 0.02608
1.20816802979,0.00303955078125, 0.03808
1.21022295952,0.00157470703125, 0.01408
1.21229314804,-0.00123291015625, 0.01008
1.21434998512,-0.00074462890625, 0.00208
1.21642804146,0.00169677734375, -0.00592
1.21855592728,-1.220703125e-05, -0.04192
1.22062802315,-0.00147705078125, -0.01392
1.22269105911,-0.00233154296875, -0.02192
1.22474813461,-0.00355224609375, -0.02592
1.22681212425,-0.00257568359375, -0.02592
1.22887611389,-1.220703125e-05, -0.00992
1.230946064,0.00084228515625, 0.03408
1.23301100731,-0.00013427734375, -0.00992
1.23508501053,0.00255126953125, -0.04592
1.23715305328,0.00438232421875, -0.04192
1.23921012878,0.00328369140625, -0.00992
1.24128198624,-0.00074462890625, -0.00592
1.24334311485,0.00291748046875, -0.02192
1.24540805817,0.00377197265625, -0.02192
1.2474629879,0.00084228515625, -0.02592
1.24953699112,0.00047607421875, -0.02192
1.25159597397,0.00194091796875, 0.01008
1.25366210938,0.00096435546875, 0.01408
1.25572609901,-0.00086669921875, 0.01808
1.257791996,0.00548095703125, 0.00208
1.2598490715,0.00230712890625, 0.03408
1.26196599007,-1.220703125e-05, 0.05408
1.26403307915,-0.00025634765625, 0.06608
1.26677298546,0.00035400390625, -0.02592
1.26882004738,0.00218505859375, 0.00608
1.27095508575,0.00267333984375, 0.01008
1.27300405502,-1.220703125e-05, 0.02208
1.27507710457,-0.00135498046875, 0.02608
1.27713012695,0.00218505859375, -0.00992
1.27917909622,0.00072021484375, 0.00208
1.28122210503,0.00072021484375, -0.03392
1.28327393532,0.00084228515625, -0.01392
1.28531503677,-1.220703125e-05, -0.01392
1.28736114502,-0.00159912109375, -0.02992
1.28941106796,-0.00098876953125, -0.02992
1.29150295258,0.00084228515625, 0.01408
1.29355311394,-0.00050048828125, 0.07808
1.29558801651,0.00133056640625, 0.07808
1.29763293266,0.00218505859375, 0.07008
1.29968714714,0.00047607421875, 0.03408
1.30175209045,-0.00281982421875, -0.00592
1.30381894112,0.00096435546875, 0.02608
1.3058860302,-0.00050048828125, 0.04608
1.30794906616,0.00157470703125, 0.04208
1.31001210213,0.00364990234375, -0.02192
1.31207609177,0.00279541015625, 0.01408
1.31415915489,0.00194091796875, 0.00608
1.31621599197,-0.00037841796875, -0.01392
1.31828403473,-0.00025634765625, 0.01808
1.32034015656,0.00023193359375, 0.03008
1.32246208191,0.00352783203125, 0.02608
1.32453203201,0.00218505859375, 0.03408
1.32658815384,0.00084228515625, 0.03408
1.32865595818,-0.00147705078125, 0.00608
1.33072495461,-0.00037841796875, -0.01792
1.33279013634,-0.00196533203125, 0.04208
1.33484911919,-0.00098876953125, 0.03008
1.33692002296,-0.00062255859375, -0.00592
1.33897900581,0.00206298828125, -0.01392
1.34104800224,0.00157470703125, 0.00208
1.3431019783,0.00047607421875, 0.00608
1.34516811371,-0.00050048828125, 0.01008
1.34723305702,-0.00050048828125, 0.00208
1.34929704666,0.00096435546875, 0.01808
1.35141205788,0.00242919921875, 0.02608
1.3534719944,0.00181884765625, 0.06608
1.35555195808,-0.00037841796875, 0.01008
1.35764503479,-0.00147705078125, 0.00608
1.35970401764,0.00010986328125, 0.04208
1.36177897453,0.00072021484375, -0.01792
1.36383700371,-0.00135498046875, -0.01792
1.36590600014,-0.00135498046875, 0.01408
1.36796307564,-0.00135498046875, -0.01392
1.37004208565,0.00914306640625, 0.00208
1.37209892273,-0.00147705078125, -0.00992
1.37416410446,0.00291748046875, 0.03408
1.37621998787,0.00242919921875, 0.06208
1.37828993797,0.00377197265625, 0.03008
1.38035106659,-0.00086669921875, -0.00592
1.38246297836,-0.00074462890625, 0.00608
1.38453292847,0.00169677734375, 0.03408
1.38660001755,-0.00184326171875, 0.02208
1.38866615295,-0.00098876953125, 0.02208
1.39073014259,-0.00306396484375, 0.01808
1.39279699326,0.00096435546875, 0.04608
1.39485502243,0.00328369140625, 0.03808
1.39692306519,0.00120849609375, -0.01392
1.39898109436,0.00145263671875, 0.01408
1.40104913712,0.00218505859375, -0.02192
1.40311813354,0.00133056640625, -0.04992
1.40518307686,0.00206298828125, -0.02592
1.40724015236,0.00096435546875, 0.02208
1.40930294991,0.00023193359375, 0.03808
1.41142010689,-0.00111083984375, 0.02608
1.41347694397,0.00267333984375, 0.00608
1.41554808617,0.00230712890625, 0.02208
1.41760396957,0.00120849609375, 0.00608
1.41968512535,-0.00037841796875, 0.00208
1.42174911499,0.00072021484375, 0.01408
1.42381501198,0.00206298828125, 0.00608
1.42587709427,0.00120849609375, 0.03008
1.42807197571,0.00218505859375, -0.01792
1.43015003204,0.00059814453125, -0.01792
1.43221092224,0.00084228515625, -0.02192
1.43428111076,0.00230712890625, -0.00192
1.43633794785,0.00340576171875, 0.00208
1.43840503693,0.00072021484375, -0.03792
1.44046711922,0.00157470703125, -0.00992
1.44255113602,-1.220703125e-05, 0.00608
1.444617033,0.00133056640625, 0.02608
1.44668507576,0.00133056640625, 0.04208
1.44874596596,0.00010986328125, 0.01008
1.45081305504,0.00218505859375, 0.03008
1.45287203789,0.00169677734375, 0.01808
1.45493507385,-0.00172119140625, 0.01408
1.4569940567,-0.00050048828125, 0.01408
1.4590959549,-0.00404052734375, 0.00608
1.46116995811,-0.00159912109375, -0.01792
1.46322607994,0.00267333984375, -0.02192
1.46529197693,0.00059814453125, -0.00592
1.4673500061,0.00035400390625, 0.00608
1.46941804886,0.00120849609375, 0.03008
1.47147798538,-0.00208740234375, 0.05408
1.47355699539,-0.00404052734375, 0.03008
1.47561907768,-0.00269775390625, -0.00592
1.47768998146,-0.00220947265625, 0.01408
1.47975301743,-0.00220947265625, -0.00592
1.48182106018,-0.00147705078125, -0.01792
1.48388910294,0.00145263671875, 0.04608
1.48594903946,0.00133056640625, 0.04208
1.48801493645,0.00096435546875, 0.05408
1.49008393288,-0.00025634765625, 0.02608
1.4921579361,-0.00025634765625, -0.01392
1.4942150116,-0.00196533203125, -0.02592
1.49628400803,0.00072021484375, 0.01808
1.49834108353,0.00072021484375, 0.02208
1.50046205521,0.00291748046875, 0.02208
1.50253295898,0.00084228515625, 0.02608
1.50458812714,0.00096435546875, 0.03808
1.50666999817,0.00255126953125, -0.02992
1.50872802734,0.00303955078125, 0.01408
1.51079797745,0.00072021484375, 0.01808
1.51285505295,0.00230712890625, 0.01408
1.51492500305,0.00120849609375, 0.02208
1.51698207855,0.00108642578125, 0.00208
1.51904702187,0.00023193359375, -0.02192
1.52110695839,0.00169677734375, -0.04992
1.52318906784,0.00328369140625, -0.03792
1.52524995804,0.00096435546875, 0.00208
1.52731800079,0.00059814453125, 0.03408
1.52938199043,-0.00013427734375, -0.03392
1.53144907951,0.00523681640625, -0.00592
1.53349804878,0.00230712890625, 0.02608
1.53554701805,0.00035400390625, 0.00208
1.53758907318,0.00169677734375, 0.01408
1.53965806961,0.00426025390625, 0.01008
1.54171705246,0.00328369140625, 0.02208
1.54378604889,0.00279541015625, 0.04208
1.54584407806,-0.00025634765625, 0.04608
1.54791498184,-0.00098876953125, 0.01408
1.54997706413,-0.00220947265625, 0.01008
1.55204892159,-0.00037841796875, 0.00208
1.55412793159,-0.00098876953125, 0.01008
1.556194067,0.00133056640625, 0.03808
1.5582549572,0.00181884765625, 0.01408
1.56031703949,0.00523681640625, -0.00992
1.56243395805,0.00084228515625, -0.02192
1.56449508667,-0.00172119140625, 0.01408
1.56655812263,-1.220703125e-05, -0.02592
1.56862401962,-0.00184326171875, -0.00592
1.57070302963,-1.220703125e-05, -0.02592
1.57277393341,0.00145263671875, -0.04192
1.57483506203,-0.00269775390625, 0.02608
1.57690095901,-0.00184326171875, 0.03808
1.57896208763,-0.00172119140625, 0.01408
1.58103513718,-0.00159912109375, -0.00592
1.5830950737,-0.00135498046875, 0.00608
1.58516311646,-0.00269775390625, 0.03808
1.58722901344,0.00035400390625, -0.00992
1.5892970562,0.00328369140625, -0.05792
1.59140992165,0.00328369140625, -0.03392
1.59346699715,0.00145263671875, -0.03392
1.59555006027,0.00218505859375, -0.01392
1.5976099968,0.00108642578125, 0.00208
1.59967398643,0.00010986328125, -0.01792
1.60173392296,-0.00111083984375, 0.01008
1.60379910469,-0.00062255859375, -0.00192
1.60585594177,-0.00111083984375, -0.04592
1.6079211235,0.00023193359375, -0.00992
1.60997605324,-0.00147705078125, 0.01808
1.61204695702,-0.00111083984375, 0.03008
1.61410212517,0.00010986328125, 0.03408
1.6161699295,0.00218505859375, 0.01408
1.61822795868,0.00548095703125, 0.03008
1.62029600143,0.00169677734375, 0.05008
1.62236213684,-0.00159912109375, 0.03808
1.62442994118,-0.00147705078125, 0.03408
1.6265039444,0.00157470703125, 0.00208
1.62856793404,0.00596923828125, -0.00192
1.63063406944,0.00291748046875, 0.01808
1.63269615173,0.00157470703125, 0.00208
1.63476395607,0.00145263671875, 0.03008
1.63688707352,-0.00111083984375, 0.01808
1.63895106316,0.00059814453125, 0.01008
1.64101910591,0.00157470703125, -0.00592
1.64309096336,-0.00098876953125, 0.02608
1.64515995979,-0.00159912109375, -0.03392
1.64721703529,-0.00281982421875, -0.02992
1.64928412437,-0.00245361328125, -0.00992
1.65134596825,0.00059814453125, -0.02592
1.65341496468,-0.00025634765625, -0.00992
1.65547800064,-0.00050048828125, -0.01392
1.65755701065,-0.00159912109375, -0.04992
1.65964698792,0.00108642578125, 0.00208
1.661714077,-0.00098876953125, -0.00992
1.66378498077,0.00255126953125, 0.01408
1.66584396362,-0.00123291015625, 0.04608
1.66791510582,-0.00172119140625, 0.03808
1.66997694969,-0.00172119140625, 0.02608
1.67204594612,-0.00062255859375, 0.03808
1.67411112785,-0.00123291015625, -0.00192
1.67621803284,-0.00245361328125, -0.02992
1.67832493782,-0.00123291015625, 0.01008
1.6804831028,-1.220703125e-05, -0.01392
1.68259000778,0.00010986328125, -0.00592
1.68465805054,-0.00111083984375, -0.03392
1.68671703339,0.00096435546875, 0.00608
1.68878293037,0.00194091796875, 0.00208
1.69084310532,-0.00013427734375, 0.00608
1.69291114807,-0.00196533203125, 0.02608
1.69497609138,0.00035400390625, 0.05008
1.69704604149,-0.00123291015625, 0.02608
1.69910407066,-0.00294189453125, 0.00608
1.70117306709,-0.00318603515625, -0.00192
1.7032289505,-0.00245361328125, -0.00992
1.70529508591,-0.00208740234375, -0.02592
1.70735406876,-0.00086669921875, -0.04592
1.70942211151,0.00169677734375, -0.02992
1.71148610115,0.00316162109375, -0.02592
1.71356415749,0.00291748046875, 0.01408
1.71562600136,0.00145263671875, 0.01008
1.71769094467,0.00291748046875, -0.01392
1.71975493431,0.00181884765625, 0.01008
1.72181892395,0.00096435546875, -0.00592
1.72388315201,-0.00050048828125, -0.00592
1.72594594955,0.00096435546875, -0.00592
1.72801613808,-0.00013427734375, 0.02608
1.73008704185,0.00059814453125, -0.00592
1.73215913773,0.00096435546875, -0.00992
1.73421311378,0.00194091796875, -0.03792
1.73627996445,-0.00147705078125, -0.00192
1.7383389473,-0.00257568359375, -0.03392
1.74046015739,-0.00111083984375, -0.02192
1.74253296852,0.00084228515625, 0.00608
1.74459195137,0.00059814453125, 0.04208
1.74667596817,0.00035400390625, -0.00192
1.74873805046,-0.00111083984375, -0.00192
1.75080513954,-0.00013427734375, 0.03008
1.75286793709,0.00194091796875, 0.01008
1.75493502617,0.00157470703125, 0.03408
1.75699615479,0.00194091796875, 0.05408
1.75905799866,-1.220703125e-05, 0.00208
1.76112604141,0.00181884765625, -0.02992
1.76320505142,-0.00098876953125, 0.00208
1.76527094841,-1.220703125e-05, 0.01408
1.76732993126,0.00157470703125, 0.00608
1.76939606667,0.00047607421875, 0.00608
1.77146100998,0.00133056640625, 0.02208
1.77352905273,0.00291748046875, 0.02608
1.77558493614,0.00267333984375, 0.03008
1.77766513824,0.00120849609375, 0.04608
1.779722929,0.00096435546875, -0.00992
1.78179502487,0.00108642578125, 0.01808
1.78385210037,0.00023193359375, -0.00992
1.78591895103,0.00218505859375, -0.02992
1.78797698021,-0.00050048828125, -0.00592
1.79004406929,-0.00147705078125, 0.01008
1.79210209846,0.00218505859375, 0.00208
1.79417896271,-0.00208740234375, 0.02608
1.79624009132,-0.00074462890625, 0.01008
1.79830813408,0.00194091796875, 0.01408
1.80036902428,0.00023193359375, 0.01008
1.80251097679,-0.00159912109375, -0.00192
1.80457305908,0.00072021484375, 0.01008
1.80664110184,-0.00233154296875, 0.02208
1.80870699883,-0.00159912109375, -0.01392
1.81078410149,-0.00379638671875, 0.00608
1.81284213066,-0.00013427734375, 0.01408
1.814909935,0.00194091796875, -0.02992
1.81697201729,-0.00147705078125, -0.01392
1.81905508041,0.00316162109375, 0.03808
1.82111907005,0.00218505859375, 0.04608
1.82318496704,0.00181884765625, 0.05808
1.82524514198,-0.00086669921875, 0.02208
1.82731103897,-0.00294189453125, -0.01392
1.82937407494,-0.00037841796875, -0.00592
1.83149003983,0.00242919921875, -0.01792
1.83356809616,-0.00135498046875, -0.05792
1.83564996719,-0.00159912109375, -0.00592
1.83770799637,-0.00050048828125, -0.02592
1.83977293968,0.00255126953125, -0.03392
1.84183597565,0.00291748046875, -0.01792
1.84403300285,0.00279541015625, 0.01008
1.84610104561,-0.00172119140625, 0.00608
1.8481669426,-0.00233154296875, -0.00992
1.85022497177,0.00035400390625, 0.03008
1.8522939682,0.00145263671875, 0.01808
1.8543510437,-0.00269775390625, -0.02192
1.85642004013,-0.00050048828125, -0.02992
1.85847902298,-0.00074462890625, -0.00592
1.86054706573,0.00169677734375, -0.02192
1.86264204979,-0.00062255859375, -0.02992
1.86469912529,-0.00220947265625, -0.02592
1.86677312851,-0.00245361328125, -0.00592
1.86883115768,-0.00220947265625, 0.00208
1.87095093727,0.00279541015625, -0.00992
1.87302207947,0.00450439453125, 0.01408
1.87509298325,0.00291748046875, 0.02608
1.877161026,0.00218505859375, 0.01808
1.87922501564,-0.00062255859375, 0.03008
1.88129496574,0.00096435546875, 0.03808
1.88335394859,0.00072021484375, 0.02208
1.885420084,0.00194091796875, 0.01008
1.88747501373,0.00377197265625, 0.02208
1.88955307007,0.00206298828125, 0.01408
1.89161896706,-0.00355224609375, 0.01008
1.89368200302,-0.00355224609375, 0.02608
1.89574503899,0.00023193359375, -0.00192
1.89780807495,0.00023193359375, -0.00992
1.89986801147,-0.00098876953125, 0.00608
1.90197706223,-0.00367431640625, -0.00192
1.90404295921,-0.00037841796875, 0.00208
1.90610194206,0.00120849609375, -0.00192
1.90816998482,0.00291748046875, -0.02992
1.91022801399,-0.00025634765625, 0.00608
1.91230010986,0.00230712890625, 0.03008
1.91436314583,-0.00208740234375, 0.05008
1.91642999649,-0.00208740234375, 0.01808
1.91848897934,0.00206298828125, -0.00192
1.92055702209,-0.00111083984375, -0.00192
1.92262911797,0.00120849609375, -0.01792
1.92469000816,0.00255126953125, 0.01808
1.92675209045,0.00169677734375, 0.04608
1.92881512642,0.00035400390625, 0.04208
1.93093204498,-1.220703125e-05, 0.02208
1.93299794197,0.00291748046875, 0.00608
1.9350631237,0.00108642578125, 0.01808
1.9371240139,0.00157470703125, -0.00192
1.93919610977,0.00267333984375, 0.03008
1.94126415253,-0.00025634765625, 0.01008
1.94332313538,0.00010986328125, -0.00992
1.94538998604,0.00120849609375, -0.00592
1.94744896889,-0.00074462890625, -0.02992
1.94951510429,0.00316162109375, -0.00192
1.95157909393,0.00242919921875, -0.02192
1.95366001129,0.00316162109375, -0.00192
1.95572400093,0.00426025390625, -0.00992
1.95779109001,0.00499267578125, 0.00608
1.95984506607,-0.00062255859375, 0.02208
1.96196007729,0.00047607421875, 0.03008
1.96402907372,0.00133056640625, 0.02208
1.96608400345,0.00242919921875, 0.05408
1.96815013885,0.00279541015625, 0.05808
1.97020792961,0.00340576171875, 0.02208
1.97227907181,0.00291748046875, 0.01008
1.97433614731,0.00169677734375, 0.05008
1.9764020443,0.00291748046875, 0.03808
1.97846102715,-0.00013427734375, 0.01408
1.98053097725,-0.00306396484375, -0.02192
1.98258805275,-0.00257568359375, -0.02192
1.98465704918,-0.00416259765625, -0.00992
1.98672509193,-0.00037841796875, 0.01008
1.98879408836,0.00560302734375, -0.00192
1.99090194702,0.00426025390625, 0.01408
1.99296092987,0.00291748046875, 0.01808
1.99504303932,-1.220703125e-05, 0.02208
1.99710512161,0.00316162109375, -0.00192
1.99916911125,0.00181884765625, -0.00192
2.00122594833,0.00059814453125, 0.01008
2.00329303741,0.00218505859375, 0.02608
2.00534915924,0.00206298828125, 0.04208
2.00741505623,0.00255126953125, 0.04208
2.00947093964,0.00120849609375, -0.00192
2.01155304909,-0.00098876953125, 0.00208
2.01361298561,0.00133056640625, -0.00592
2.01567792892,0.00242919921875, -0.01392
2.01774001122,-0.00147705078125, -0.03392
2.01980495453,-0.00452880859375, -0.02992
2.02191495895,-0.00440673828125, -0.03392
2.0239739418,0.00010986328125, -0.02592
2.02605414391,0.00096435546875, -0.03792
2.02811813354,0.00096435546875, -0.03392
2.03018307686,0.00145263671875, -0.00592
2.03224802017,0.00059814453125, -0.01792
2.03431415558,0.00145263671875, 0.02208
2.03637814522,0.00059814453125, 0.01008
2.03843808174,0.00047607421875, 0.04608
2.04050207138,-0.00074462890625, 0.04208
2.04258012772,-0.00135498046875, 0.04608
2.04465198517,-0.00135498046875, 0.00608
2.04671001434,-0.00086669921875, -0.03392
2.04877901077,-0.00135498046875, -0.00592
2.05084204674,-0.00159912109375, 0.03808
2.05296993256,0.00267333984375, -0.01792
2.05504512787,0.00303955078125, -0.01792
2.05710196495,0.00157470703125, -0.00992
2.05918097496,-0.00123291015625, -0.02592
2.06124615669,-0.00050048828125, -0.00592
2.06333804131,-0.00220947265625, -0.00992
2.06540703773,-1.220703125e-05, 0.01008
2.06747698784,-0.00245361328125, -0.00592
2.06954193115,-0.00318603515625, -0.00992
2.07160401344,-0.00245361328125, 0.02608
2.07368302345,-1.220703125e-05, -0.01392
2.07574796677,-0.00098876953125, -0.03392
2.07781004906,0.00181884765625, -0.01392
2.07986807823,0.00389404296875, 0.01408
2.08197712898,0.00206298828125, -0.00192
2.08404397964,-0.00037841796875, -0.05392
2.0860991478,0.00047607421875, -0.04592
2.08816409111,0.00145263671875, -0.01392
2.09022212029,0.00084228515625, 0.00608
2.09229207039,0.00133056640625, 0.04208
2.09434604645,-0.00050048828125, 0.01008
2.09641504288,0.00072021484375, 0.04208
2.09847712517,-1.220703125e-05, 0.03808
2.10055208206,-0.00159912109375, 0.01408
2.10261392593,-0.00233154296875, 0.01008
2.10468006134,-0.00196533203125, -0.00592
2.10674405098,-0.00013427734375, -0.00192
2.10880994797,-0.00086669921875, -0.02992
2.11092305183,-0.00062255859375, -0.01392
2.11298513412,-0.00086669921875, -0.00992
2.11506295204,0.00120849609375, 0.00608
2.11712193489,0.00072021484375, 0.02208
2.1191880703,-0.00062255859375, 0.05008
2.12125301361,-0.00098876953125, 0.01808
2.12331795692,-0.00135498046875, 0.02608
2.12538599968,0.00010986328125, 0.00208
2.1274459362,-0.00172119140625, -0.04192
2.12952709198,-0.00318603515625, -0.00992
2.13159108162,-0.00196533203125, 0.03808
2.13365793228,-0.00123291015625, 0.03808
2.1357190609,0.00169677734375, 0.03808
2.13778805733,0.00194091796875, 0.02208
2.1398460865,-0.00062255859375, -0.00992
2.14195799828,0.00303955078125, -0.00992
2.14402604103,0.00438232421875, 0.00608
2.14609003067,0.00169677734375, 0.00208
2.14815711975,-0.00135498046875, 0.03408
2.15021395683,-0.00184326171875, -0.02192
2.15228199959,-1.220703125e-05, 0.05008
2.15434908867,0.00218505859375, 0.07008
2.15641498566,0.00035400390625, 0.10608
2.15847206116,-0.00245361328125, 0.05008
2.16054010391,0.00181884765625, 0.05008
2.1626060009,-0.00037841796875, 0.03808
2.16470193863,-0.00159912109375, -0.00192
2.16677093506,-0.00404052734375, 0.01408
2.16883015633,-0.00343017578125, -0.00592
2.17094802856,-0.00245361328125, -0.02992
2.17301702499,0.00108642578125, -0.08192
2.17507815361,-1.220703125e-05, -0.02192
2.17714905739,0.00120849609375, -0.00192
2.17922210693,0.00084228515625, 0.02608
2.18129396439,0.00206298828125, 0.01008
2.18335008621,0.00426025390625, 0.01008
2.18541693687,0.00279541015625, -0.00192
2.18747615814,0.00218505859375, 0.01008
2.1895430088,0.00194091796875, 0.03408
2.19160604477,-0.00184326171875, 0.01808
2.1936841011,0.00133056640625, 0.01408
2.1957449913,0.00316162109375, 0.01408
2.19780707359,0.00303955078125, -0.00192
2.19987010956,-0.00159912109375, 0.03008
2.20199894905,0.00157470703125, 0.03008
2.20406413078,-0.00074462890625, -0.00992
2.20613408089,-0.00098876953125, -0.03792
2.20819497108,-0.00208740234375, -0.03792
2.21026301384,-0.00147705078125, 0.00208
2.21232795715,0.00133056640625, 0.02608
2.21440005302,0.00010986328125, 0.01408
2.21645498276,0.00023193359375, -0.00592
2.21853613853,-0.00025634765625, 0.00608
2.22060012817,-0.00062255859375, -0.01392
2.22266697884,-0.00037841796875, 0.00208
2.22472500801,-0.00062255859375, -0.01792
2.22679495811,-0.00062255859375, -0.01392
2.22885608673,0.00010986328125, -0.04192
2.23096513748,-0.00123291015625, 0.00608
2.23303198814,-0.00013427734375, 0.01408
2.23509907722,0.00157470703125, 0.01008
2.23716306686,0.00303955078125, 0.00608
2.23921608925,0.00023193359375, -0.00592
2.24128603935,-0.00037841796875, -0.00592
2.24334406853,-0.00086669921875, 0.01008
2.24540996552,-0.00526123046875, -0.01392
2.24747014046,-0.00196533203125, -0.00192
2.24954795837,-0.00147705078125, 0.01808
2.25161099434,0.00059814453125, 0.00208
2.25367712975,0.00242919921875, -0.03792
2.25573801994,0.00133056640625, -0.01392
2.25780296326,0.00010986328125, -0.00592
2.25993108749,0.00145263671875, -0.03392
2.26200699806,0.00194091796875, -0.00192
2.26409602165,-0.00172119140625, 0.05808
2.26618814468,-0.00147705078125, 0.01408
2.26826000214,-0.00294189453125, 0.02608
2.27031993866,-0.00172119140625, 0.01008
2.27243900299,0.00352783203125, -0.01792
2.27452111244,0.00169677734375, 0.01008
2.27657914162,0.00133056640625, 0.02608
2.2786450386,-0.00086669921875, 0.01008
2.28070497513,0.00084228515625, 0.00608
2.28277492523,-0.00050048828125, 0.00208
2.28483009338,-1.220703125e-05, 0.01808
2.28690314293,-0.00025634765625, 0.04608
2.28895902634,0.00230712890625, 0.00608
2.29104208946,0.00352783203125, 0.02608
2.29309797287,0.00242919921875, 0.03008
2.2951631546,0.00450439453125, 0.01408
2.29721713066,0.00035400390625, 0.01008
2.29928708076,-0.00172119140625, 0.00608
2.30139803886,-0.00111083984375, 0.01008
2.30345392227,-0.00062255859375, 0.02608
2.30553412437,-0.00233154296875, -0.00992
2.30759310722,0.00010986328125, -0.01392
2.30966305733,-0.00098876953125, 0.00208
2.31172513962,-0.00086669921875, -0.01792
2.31379103661,-0.00220947265625, -0.01792
2.31584715843,-0.00306396484375, 0.01008
2.31791114807,-0.00037841796875, -0.00992
2.31997013092,-1.220703125e-05, -0.00592
2.32205414772,-0.00050048828125, -0.00992
2.32411503792,0.00035400390625, 0.00208
2.32617902756,0.00023193359375, -0.00992
2.32823801041,-0.00196533203125, 0.00208
2.33030295372,-0.00123291015625, -0.01792
2.33242511749,0.00218505859375, -0.04992
2.33448410034,-1.220703125e-05, -0.04592
2.336550951,-0.00013427734375, -0.04192
2.33862805367,0.00096435546875, -0.02192
2.34069395065,-0.00269775390625, 0.01808
2.34276294708,-0.00037841796875, -0.01792
2.34482598305,0.00133056640625, -0.01792
2.34689593315,-1.220703125e-05, 0.00208
2.34895706177,-0.00257568359375, -0.02992
2.35102701187,-0.00086669921875, -0.00192
2.35308098793,0.00010986328125, 0.02608
2.35516214371,-0.00135498046875, 0.05008
2.35721707344,-0.00074462890625, 0.04208
2.3592851162,-0.00220947265625, -0.00592
2.36143302917,-0.00111083984375, 0.02208
2.36349701881,-1.220703125e-05, 0.01408
2.36559104919,-0.00111083984375, 0.00608
2.3676609993,-0.00037841796875, -0.01792
2.36971998215,-0.00159912109375, 0.03008
2.37179303169,-0.00147705078125, 0.01808
2.37385201454,-0.00062255859375, -0.00192
2.37592101097,-1.220703125e-05, -0.02192
2.37799596786,0.00120849609375, -0.00592
2.3800611496,0.00157470703125, 0.00608
2.38213300705,0.00255126953125, 0.05408
2.38419413567,0.00035400390625, 0.01408
2.38626408577,0.00120849609375, 0.00608
2.38832592964,0.00218505859375, -0.00992
2.39044308662,0.00218505859375, -0.00592
2.39251804352,0.00303955078125, -0.00592
2.39459013939,0.00218505859375, -0.03792
2.39665699005,0.00096435546875, -0.02992
2.3987159729,-0.00294189453125, -0.05792
2.40078401566,-0.00233154296875, 0.00208
2.40284800529,-0.00172119140625, -0.03392
2.40491294861,-0.00062255859375, -0.01392
2.40696907043,-0.00025634765625, 0.00608
2.40903711319,-0.00025634765625, 0.02608
2.41111111641,0.00096435546875, 0.00208
2.41317605972,0.00401611328125, 0.02208
2.41523504257,0.00096435546875, 0.00608
2.41729998589,0.00059814453125, -0.00992
2.41936397552,-0.00111083984375, -0.00192
2.42147612572,-0.00172119140625, 0.00608
2.42354393005,-0.00025634765625, 0.00608
2.42560815811,0.00218505859375, 0.00208
2.4276869297,-0.00062255859375, 0.01008
2.42975306511,-0.00159912109375, 0.02608
2.43182015419,0.00072021484375, 0.04608
2.43389010429,0.00072021484375, 0.05408
2.43595314026,-1.220703125e-05, 0.05408
2.43802309036,-1.220703125e-05, 0.00208
2.44008302689,0.00194091796875, 0.00208
2.44216799736,0.00352783203125, 0.01408
2.44422411919,0.00340576171875, 0.02608
2.44629096985,0.00328369140625, 0.01408
2.44834804535,0.00267333984375, 0.01008
2.45046114922,-0.00013427734375, 0.00608
2.45253396034,0.00084228515625, 0.00208
2.45458698273,0.00035400390625, 0.07408
2.45665597916,-0.00025634765625, 0.03408
2.45873403549,0.00035400390625, 0.02608
2.46080303192,0.00230712890625, 0.02208
2.46286392212,-0.00233154296875, 0.01008
2.46495294571,-0.00050048828125, 0.01408
2.46703505516,0.00145263671875, 0.01408
2.46917104721,0.00023193359375, 0.00208
2.47124314308,0.00023193359375, -0.00192
2.47331094742,0.00010986328125, -0.00592
2.47538208961,-0.00062255859375, 0.00208
2.47744393349,-0.00098876953125, 0.00608
2.47951292992,-0.00208740234375, -0.01792
2.48158192635,-0.00025634765625, -0.00992
2.48366308212,-0.00074462890625, 0.01808
2.4857211113,-0.00086669921875, -0.00192
2.48778915405,0.00255126953125, -0.03792
2.48984599113,0.00230712890625, -0.03392
2.49196195602,-0.00172119140625, -0.03792
2.49402809143,0.00010986328125, -0.01792
2.49608111382,0.00108642578125, 0.01008
2.49816298485,-0.00050048828125, 0.00608
2.5002219677,0.00218505859375, -0.02992
2.50234103203,0.00242919921875, -0.04592
2.50441002846,-0.00062255859375, 0.00208
2.50646901131,-0.00123291015625, 0.01008
2.50853800774,-0.00257568359375, -0.00192
2.51059699059,-0.00062255859375, 0.01808
2.51266598701,0.00010986328125, 0.03808
2.51473498344,-0.00220947265625, -0.01392
2.5168030262,-0.00208740234375, -0.04592
2.51886701584,-0.00294189453125, -0.04592
2.52093696594,-0.00257568359375, -0.04192
2.52302002907,-0.00172119140625, -0.04192
2.52507615089,-0.00245361328125, 0.01008
2.52714204788,0.00157470703125, 0.00208
2.52920007706,0.00047607421875, -0.02592
2.53127503395,-0.00086669921875, 0.01808
2.53333306313,0.00120849609375, 0.06208
2.53540301323,0.00548095703125, -0.02192
2.53746008873,0.00145263671875, 0.02608
2.53954195976,0.00047607421875, 0.01008
2.5416059494,0.00084228515625, -0.00592
2.54367303848,0.00230712890625, 0.03808
2.54573512077,0.00023193359375, -0.01392
2.54780197144,-0.00098876953125, -0.01392
2.54986596107,0.00010986328125, 0.01008
2.55198812485,0.00230712890625, 0.01808
2.55406498909,0.00218505859375, -0.01792
2.55613493919,0.00096435546875, -0.04192
2.55819296837,-0.00123291015625, 0.02208
2.56026005745,-0.00281982421875, 0.07008
2.56232595444,0.00047607421875, 0.02208
2.56439304352,0.00059814453125, -0.00992
2.56644892693,0.00108642578125, 0.00208
2.56851601601,0.00169677734375, -0.00992
2.57058906555,0.00267333984375, 0.01808
2.57265710831,-0.00147705078125, -0.00992
2.5747179985,0.00206298828125, 0.01008
2.57678508759,0.00242919921875, 0.01008
2.57884192467,-0.00172119140625, -0.00192
2.58095812798,-0.00208740234375, -0.03392
2.58302807808,-0.00184326171875, -0.01792
2.58508515358,-0.00196533203125, 0.01008
2.58716702461,0.00010986328125, -0.02992
2.58922314644,0.00035400390625, -0.00192
2.59129309654,-0.00062255859375, 0.04208
2.59335613251,0.00035400390625, -0.00592
2.59542393684,0.00010986328125, 0.01008
2.59748506546,0.00096435546875, 0.01008
2.5995490551,0.00047607421875, -0.00992
2.60161304474,-0.00196533203125, 0.02208
2.60368800163,-0.00343017578125, 0.03808
2.60575008392,-0.00147705078125, 0.02208
2.60781097412,0.00230712890625, -0.02992
2.60987997055,0.00316162109375, -0.02992
2.61199808121,0.00255126953125, 0.00208
2.61405992508,-0.00111083984375, -0.00592
2.6161301136,0.00010986328125, 0.02608
2.61820197105,-0.00062255859375, 0.01008
2.62026906013,0.00035400390625, -0.00192
2.62232995033,-0.00111083984375, 0.02208
2.62439894676,-0.00050048828125, 0.00208
2.62645792961,-0.00074462890625, 0.01808
2.62852811813,0.00096435546875, 0.00208
2.63058805466,0.00145263671875, 0.01408
2.63265895844,0.00303955078125, 0.02208
2.63472414017,-0.00037841796875, -0.00192
2.63679504395,-0.00086669921875, -0.02192
2.63885593414,0.00133056640625, -0.00992
2.64096903801,0.00291748046875, 0.01808
2.64304900169,0.00035400390625, 0.00608
2.64510798454,-1.220703125e-05, -0.02192
2.64717507362,0.00328369140625, -0.02192
2.6492331028,0.00426025390625, 0.00608
2.65130400658,0.00218505859375, 0.03008
2.65336513519,0.00035400390625, 0.04608
2.65542602539,0.00145263671875, -0.02192
2.65748715401,0.00047607421875, 0.00208
2.65956401825,-0.00123291015625, 0.01808
2.66163492203,0.00206298828125, -0.00992
2.66369795799,0.00242919921875, -0.00192
2.66576814651,0.00462646484375, 0.02208
2.66785597801,0.00474853515625, 0.00208
2.66992402077,0.00242919921875, -0.02192
2.67198610306,0.00023193359375, -0.04192
2.67406511307,-0.00123291015625, 0.01808
2.67619895935,-0.00269775390625, 0.00208
2.67827796936,-0.00135498046875, -0.02592
2.68033504486,0.00096435546875, 0.01408
2.68245506287,0.00255126953125, 0.01408
2.68452501297,0.00328369140625, -0.01392
2.68658304214,0.00133056640625, 0.01008
2.68865013123,0.00352783203125, 0.05408
2.69072008133,-0.00074462890625, 0.01408
2.69278812408,-0.00391845703125, -0.01392
2.69484400749,-0.00245361328125, -0.00192
2.69691109657,-0.00111083984375, 0.00608
2.69897007942,-0.00172119140625, 0.02608
2.70103907585,-1.220703125e-05, 0.02608
2.70310306549,0.00157470703125, 0.01808
2.70516705513,0.00242919921875, -0.03392
2.70723009109,0.00584716796875, -0.00992
2.70929598808,0.00401611328125, 0.00208
2.7114109993,0.00194091796875, -0.00592
2.71346712112,-0.00196533203125, 0.00608
2.71554803848,-0.00147705078125, -0.00992
2.71760892868,-0.00111083984375, 0.01408
2.71967506409,-0.00208740234375, -0.01792
2.72174096107,-0.00318603515625, -0.03792
2.72380805016,0.00169677734375, -0.02992
2.72587394714,0.00230712890625, -0.00592
2.72793602943,0.00242919921875, 0.01408
2.73001194,0.00267333984375, -0.01792
2.73207807541,0.00047607421875, -0.02592
2.73414611816,-0.00123291015625, -0.02592
2.73620200157,0.00072021484375, -0.04192
2.738270998,-1.220703125e-05, -0.04992
2.74033308029,-0.00147705078125, -0.02592
2.74244809151,-0.00281982421875, 0.04608
2.74451494217,0.00133056640625, 0.02608
2.74658513069,0.00352783203125, -0.00992
2.74865198135,0.00389404296875, -0.00992
2.7507109642,0.00072021484375, 0.05008
2.75278115273,-0.00196533203125, 0.05808
2.75484108925,-0.00220947265625, 0.02608
2.75690793991,-0.00062255859375, 0.02208
2.75896596909,0.00072021484375, -0.02592
2.76103615761,0.00218505859375, 0.01408
2.76309704781,0.00010986328125, 0.00608
2.76516294479,-0.00025634765625, -0.01392
2.76722002029,0.00279541015625, 0.00608
2.76928901672,0.00364990234375, -0.00992
2.77139902115,0.00120849609375, -0.00592
2.77345705032,-1.220703125e-05, 0.06208
2.77552914619,-0.00159912109375, 0.03808
2.77761697769,0.00230712890625, 0.03408
2.77969813347,0.00120849609375, 0.00608
2.78176808357,0.00133056640625, 0.01008
2.78382396698,-0.00025634765625, -0.00592
2.78589105606,0.00084228515625, -0.00992
2.78795194626,-0.00050048828125, 0.04208
2.79002213478,0.00450439453125, 0.06208
2.79208302498,0.00255126953125, 0.03008
2.7941660881,0.00145263671875, 0.01008
2.79622912407,-0.00306396484375, -0.00592
2.79829502106,-0.00111083984375, 0.01808
2.80035710335,0.00194091796875, -0.01392
2.80246806145,-0.00111083984375, 0.01408
2.80453515053,-0.00025634765625, 0.00608
2.80659198761,-0.00147705078125, 0.00208
2.80865812302,-0.00196533203125, -0.01392
2.81073093414,-0.00281982421875, 0.01008
2.81279611588,-0.00281982421875, 0.03408
2.81485915184,-0.00318603515625, 0.00208
2.81692504883,-0.00086669921875, 0.01808
2.81898713112,-1.220703125e-05, 0.06208
2.8210580349,0.00047607421875, 0.02608
2.82311892509,0.00084228515625, 0.00208
2.82518315315,-0.00013427734375, -0.00592
2.8272550106,0.00230712890625, -0.02192
2.8293170929,0.00096435546875, 0.00608
2.83143210411,0.00242919921875, -0.00192
2.83350014687,-0.00269775390625, -0.03392
2.83557605743,-0.00233154296875, -0.02192
2.83764505386,-0.00294189453125, 0.00608
2.83970212936,-0.00184326171875, -0.02192
2.84177613258,0.00157470703125, -0.00592
2.84383392334,-0.00062255859375, -0.00192
2.84590315819,-0.00111083984375, 0.03008
2.84796309471,-0.00013427734375, 0.01008
2.8500430584,0.00072021484375, 0.01808
2.85210704803,-0.00037841796875, 0.02208
2.85417413712,0.00255126953125, -0.01392
2.85623598099,0.00267333984375, -0.03392
2.85829901695,0.00010986328125, -0.01792
2.86036014557,-0.00037841796875, -0.00192
2.86246705055,0.00218505859375, 0.02208
2.86453413963,0.00255126953125, -0.01392
2.86661696434,-0.00050048828125, 0.01808
2.8687081337,-0.00245361328125, 0.05008
2.87077903748,-0.00220947265625, 0.04608
2.87284207344,0.00084228515625, 0.05808
2.87491202354,0.00230712890625, 0.02608
2.87696814537,0.00303955078125, 0.00608
2.87903809547,-0.00184326171875, 0.02608
2.88109993935,-0.00098876953125, 0.05008
2.88323807716,0.00242919921875, 0.03408
2.88531112671,0.00023193359375, 0.02208
2.88738298416,-0.00172119140625, 0.04208
2.88943696022,0.00047607421875, 0.02208
2.891518116,-0.00098876953125, 0.02608
2.89357495308,-0.00330810546875, 0.01408
2.89564013481,-0.00330810546875, -0.02592
2.89770197868,0.00218505859375, -0.00992
2.8997759819,-0.00416259765625, 0.04208
2.90183615685,-0.00269775390625, 0.00208
2.90390515327,-0.00281982421875, 0.00208
2.9059650898,-0.00098876953125, -0.00592
2.90803194046,0.00120849609375, 0.01008
2.91008901596,-0.00013427734375, 0.05808
2.91216015816,0.00010986328125, 0.03808
2.91421794891,0.00023193359375, -0.00992
2.91628909111,0.00108642578125, -0.00192
2.91835093498,0.00145263671875, -0.04592
2.92047405243,0.00291748046875, -0.04192
2.92255711555,0.00377197265625, -0.01392
2.92462205887,0.00120849609375, -0.01392
2.92668604851,-0.00050048828125, -0.00592
2.92875409126,0.00194091796875, -0.00592
2.93081593513,0.00340576171875, 0.02608
2.93288493156,-0.00037841796875, 0.05808
2.93494701385,-0.00111083984375, 0.01008
2.93701696396,-0.00172119140625, 0.00608
2.93908500671,-0.00086669921875, 0.03408
2.94115710258,0.00194091796875, 0.05408
2.94321393967,0.00291748046875, 0.00208
2.94528198242,0.00670166015625, -0.07792
2.94734215736,-0.00111083984375, -0.05792
2.94940900803,-0.00770263671875, 0.00608
2.95147895813,0.0102416992187, -0.00592
2.95355701447,0.0180541992187, -0.03392
2.95564007759,-0.0167358398438, -0.03392
2.95769906044,-0.0245483398438, 0.03808
2.9597671032,0.0134155273437, -0.06192
2.96182703972,0.0256225585937, -0.14192
2.9638941288,0.0179321289062, -0.10192
2.96595096588,-0.0261352539063, 0.15808
2.96801614761,-0.0299194335938, -0.69792
2.97007513046,0.00084228515625, 1.22608
2.97214603424,0.0305053710937, -0.06192
2.97420406342,0.00816650390625, -0.20592
2.9762699604,-0.00611572265625, -0.22192
2.97833013535,0.00059814453125, -0.12192
2.98045015335,-0.0127075195313, 0.00208
2.9825220108,-0.0222290039063, 0.19408
2.98457813263,0.00487060546875, 0.06608
2.98665904999,0.0510131835937, -0.16992
2.9887149334,0.00950927734375, -0.16992
2.99078798294,-0.00843505859375, -0.02192
2.99284505844,-0.0327270507813, 0.15808
2.99491500854,-0.0102661132813, 0.17008
2.99697709084,0.0204956054687, 0.05408
2.9990439415,0.0230590820312, -0.05392
