time (sec), y-accel
0.000480175018311,0.002109375
0.00160598754883,0.001865234375
0.00265097618103,0.0030859375
0.00368905067444,0.00162109375
0.0047299861908,0.0011328125
0.00577807426453,-0.0008203125
0.00681614875793,-0.0008203125
0.00785708427429,0.004306640625
0.00889897346497,0.00162109375
0.00993394851685,0.001376953125
0.0109939575195,0.002841796875
0.0120320320129,0.0011328125
0.0130660533905,0.00015625
0.0141069889069,-0.004482421875
0.0151579380035,-0.00033203125
0.016193151474,0.00162109375
0.0172319412231,0.00259765625
0.0182721614838,0.002353515625
0.0193059444427,0.00259765625
0.0203440189362,0.00357421875
0.0214681625366,0.004306640625
0.0225119590759,0.000400390625
0.0235459804535,0.0011328125
0.0245840549469,-0.001796875
0.0256240367889,0.0011328125
0.026661157608,0.00162109375
0.0276920795441,-0.00033203125
0.0287311077118,0.000400390625
0.0297701358795,0.0108984375
0.0308051109314,-0.00228515625
0.0318939685822,-0.001796875
0.0329279899597,0.000400390625
0.0339660644531,0.005283203125
0.0350050926208,-0.001552734375
0.0360400676727,-0.00033203125
0.0370769500732,0.00455078125
0.0381281375885,0.00357421875
0.039165019989,-0.003505859375
0.0402021408081,0.0030859375
0.041246175766,-0.00130859375
0.0422821044922,0.003818359375
0.0433170795441,0.01138671875
0.0443551540375,-0.014736328125
0.0454299449921,0.003330078125
0.0464701652527,0.0011328125
0.047511100769,0.00259765625
0.0485429763794,0.00015625
0.0495810508728,-0.001552734375
0.0506191253662,-0.00130859375
0.0516631603241,-0.00130859375
0.0526990890503,0.001376953125
0.0537359714508,0.002109375
0.0547871589661,-0.00228515625
0.055820941925,-0.0008203125
0.05686211586,0.0040625
0.0578980445862,0.00015625
0.0589320659637,-0.0008203125
0.0599689483643,0.002353515625
0.0610160827637,0.00064453125
0.0620591640472,-0.00228515625
0.0631210803986,0.002109375
0.0641651153564,-0.001796875
0.0652101039886,-8.7890625e-05
0.0662651062012,0.004306640625
0.0673079490662,0.005771484375
0.0683541297913,0.004306640625
0.0694031715393,0.0011328125
0.0704469680786,-0.000576171875
0.0715041160583,0.002353515625
0.0725469589233,-0.001796875
0.0735931396484,-0.001064453125
0.0746419429779,0.00357421875
0.0756821632385,-0.002041015625
0.0767290592194,-0.001796875
0.0777759552002,-0.00033203125
0.0788209438324,0.003330078125
0.0798690319061,0.00015625
0.0809540748596,0.000888671875
0.0820059776306,0.000400390625
0.0830471515656,0.001376953125
0.0840930938721,0.000888671875
0.0851409435272,-8.7890625e-05
0.0861899852753,-0.003017578125
0.0872571468353,0.005771484375
0.088299036026,0.005283203125
0.0893449783325,0.003818359375
0.0903930664062,0.004794921875
0.0914649963379,-0.002041015625
0.0925140380859,0.00162109375
0.0935561656952,0.000888671875
0.0946481227875,0.004306640625
0.0956909656525,-0.0008203125
0.0967409610748,-0.004482421875
0.0977840423584,-8.7890625e-05
0.0988309383392,-0.005458984375
0.0998799800873,0.000888671875
0.100929021835,0.0011328125
0.101974964142,-0.002529296875
0.103024959564,0.002841796875
0.104067087173,-0.0008203125
0.105116128922,-0.00228515625
0.106158018112,0.000888671875
0.107197999954,0.00357421875
0.108246088028,-0.00130859375
0.109290122986,0.0030859375
0.110337018967,0.0011328125
0.111438035965,-0.002529296875
0.112493038177,0.002109375
0.113540172577,0.000400390625
0.114587068558,0.001376953125
0.115851163864,-0.003994140625
0.11692404747,-0.004482421875
0.118145942688,-0.005947265625
0.119194030762,-0.0047265625
0.120244026184,-0.005458984375
0.121288061142,-0.013759765625
0.1223320961,-8.7890625e-05
0.123386144638,0.000888671875
0.124428033829,0.0128515625
0.125473976135,-0.01693359375
0.126522064209,0.003330078125
0.1275639534,0.00552734375
0.128611087799,0.00064453125
0.129655122757,0.001865234375
0.130695104599,-0.000576171875
0.13174700737,-0.001552734375
0.132790088654,0.000400390625
0.13383603096,0.00259765625
0.134886026382,0.002841796875
0.135928153992,0.000400390625
0.136976003647,0.00015625
0.138025045395,-0.003994140625
0.139065980911,-0.001552734375
0.140114068985,-0.00033203125
0.141157150269,-0.0164453125
0.142199039459,0.0128515625
0.14338517189,-0.0144921875
0.144433021545,-8.7890625e-05
0.145485162735,-8.7890625e-05
0.146535158157,-0.00228515625
0.147576093674,0.004794921875
0.148621082306,-0.001064453125
0.149662971497,0.000888671875
0.150722026825,-0.004970703125
0.151776075363,-0.001064453125
0.152816057205,-0.001552734375
0.153862953186,-0.001796875
0.15490603447,-0.001064453125
0.155946969986,-8.7890625e-05
0.156998157501,-0.0008203125
0.158040046692,-0.000576171875
0.159096956253,-0.00033203125
0.160144090652,0.00015625
0.161187171936,0.00845703125
0.162235021591,0.006015625
0.163278102875,0.002353515625
0.164318084717,-0.001552734375
0.165364027023,0.000400390625
0.166407108307,0.00943359375
0.167451143265,0.007236328125
0.168498039246,0.001376953125
0.169538021088,0.00357421875
0.17058300972,-0.001064453125
0.171632051468,-0.001796875
0.172672986984,0.001376953125
0.173717021942,0.0030859375
0.174778938293,0.00259765625
0.175819158554,0.003330078125
0.176866054535,0.003818359375
0.177906990051,0.0050390625
0.178946018219,0.002353515625
0.179993152618,-0.001064453125
0.181041955948,-0.001552734375
0.18208694458,0.003330078125
0.183151960373,0.00015625
0.184193134308,0.002353515625
0.185239076614,0.009921875
0.186280965805,-0.0047265625
0.187320947647,-0.016201171875
0.188368082047,0.00357421875
0.189413070679,0.001376953125
0.190459012985,0.00455078125
0.191511154175,0.000400390625
0.192552089691,0.0128515625
0.193597078323,-0.002529296875
0.19464302063,0.00357421875
0.195685148239,-8.7890625e-05
0.196736097336,0.005283203125
0.197778940201,-0.001552734375
0.198825120926,-0.0066796875
0.199872970581,-0.001552734375
0.20097899437,-0.00033203125
0.202027082443,-0.003017578125
0.203067064285,0.003818359375
0.204113960266,0.0011328125
0.205156087875,0.00162109375
0.206196069717,0.008212890625
0.207257032394,-0.00375
0.208297967911,-0.00375
0.209342002869,-0.011806640625
0.210387945175,0.006015625
0.211435079575,0.002353515625
0.212484121323,0.002353515625
0.213528156281,0.003330078125
0.214573144913,0.003818359375
0.215623140335,-0.004482421875
0.216665029526,-0.0027734375
0.217710971832,-0.00228515625
0.218760967255,-0.00130859375
0.21980214119,0.001865234375
0.220845937729,0.001865234375
0.22194314003,-0.002041015625
0.222994089127,0.006259765625
0.22403717041,0.012119140625
0.225080966949,-0.00521484375
0.226127147675,-0.00521484375
0.227168083191,-0.01595703125
0.228213071823,0.0030859375
0.229273080826,-0.00033203125
0.230314970016,-8.7890625e-05
0.231414079666,0.0011328125
0.232460975647,0.012607421875
0.233507156372,-0.0047265625
0.234552145004,-0.00130859375
0.235597133636,0.005283203125
0.236644029617,0.003818359375
0.237683057785,-0.001064453125
0.238744020462,-0.00375
0.239784002304,-0.001552734375
0.240823030472,0.00259765625
0.241917133331,0.0030859375
0.242964029312,-0.00375
0.244011163712,0.000888671875
0.245052099228,0.002353515625
0.246098995209,0.00455078125
0.247159004211,-0.00033203125
0.248201131821,0.000888671875
0.249247074127,0.001865234375
0.250288009644,-0.00033203125
0.251335144043,-0.0008203125
0.252383947372,0.00015625
0.25342798233,0.000400390625
0.254474163055,-0.00033203125
0.255520105362,-0.003994140625
0.256561040878,-8.7890625e-05
0.257611989975,0.004794921875
0.25865316391,0.004306640625
0.259695053101,-0.0027734375
0.260741949081,-0.003505859375
0.261790990829,-0.001552734375
0.262837171555,-8.7890625e-05
0.263889074326,0.003818359375
0.264930009842,-0.001796875
0.265975952148,-0.012294921875
0.267023086548,0.004794921875
0.268064022064,0.003818359375
0.269111156464,0.00162109375
0.270164012909,-0.001796875
0.271224975586,0.00064453125
0.272271156311,0.0030859375
0.273311138153,0.00455078125
0.274358987808,0.004794921875
0.275402069092,0.0050390625
0.276442050934,0.002353515625
0.277495145798,-0.001064453125
0.278538942337,-0.00033203125
0.279585123062,-0.003505859375
0.280635118484,-0.00521484375
0.281680107117,-0.0047265625
0.282726049423,0.001376953125
0.283774137497,0.004306640625
0.284815073013,0.000888671875
0.285863161087,0.002353515625
0.286908149719,-0.001064453125
0.287949085236,0.002353515625
0.289091110229,0.002353515625
0.290142059326,0.00455078125
0.29118514061,0.005283203125
0.292232990265,0.012119140625
0.29327917099,-0.004482421875
0.294322013855,-0.00326171875
0.295372009277,-0.01595703125
0.296414136887,-8.7890625e-05
0.297464132309,0.00259765625
0.29851102829,0.00162109375
0.299551010132,0.0040625
0.300596952438,0.00259765625
0.301646947861,0.0040625
0.30268907547,-8.7890625e-05
0.303742170334,-0.00423828125
0.304787158966,-0.003994140625
0.305830955505,-0.0027734375
0.306878089905,0.002109375
0.307916164398,0.00162109375
0.308963060379,0.00259765625
0.310009002686,0.002109375
0.311053037643,0.00015625
0.312100172043,0.011875
0.313147068024,-0.0027734375
0.314187049866,-0.003994140625
0.315235137939,-0.01498046875
0.316279172897,0.007236328125
0.317320108414,0.005283203125
0.318369150162,0.001376953125
0.319412946701,0.003330078125
0.320456981659,0.002353515625
0.321512937546,0.0050390625
0.322554111481,0.00162109375
0.323601007462,-0.003505859375
0.324651002884,0.0030859375
0.3256919384,0.005771484375
0.32675409317,0.0030859375
0.327794075012,-8.7890625e-05
0.328844070435,-0.00033203125
0.329892158508,0.0050390625
0.330939054489,0.00259765625
0.331989049911,0.004306640625
0.333029031754,0.001376953125
0.33406996727,0.003818359375
0.335131168365,0.00455078125
0.336174964905,0.000400390625
0.337223052979,0.001376953125
0.338268995285,0.00162109375
0.339311122894,-0.002529296875
0.340361118317,0.0030859375
0.341459989548,0.002353515625
0.342508077621,0.002353515625
0.343552112579,0.00064453125
0.344598054886,0.006259765625
0.345643997192,0.00259765625
0.346683979034,-0.000576171875
0.347762107849,-8.7890625e-05
0.348804950714,-0.002529296875
0.349848985672,-0.001064453125
0.350944042206,0.0030859375
0.351994037628,0.00015625
0.353034973145,0.000400390625
0.354079961777,-0.001064453125
0.355126142502,0.010166015625
0.356168031693,-0.01791015625
0.357213973999,-0.00033203125
0.358272075653,0.0128515625
0.359313964844,0.0011328125
0.360362052917,-0.001796875
0.361448049545,0.00162109375
0.362494945526,0.00259765625
0.363536119461,0.0011328125
0.364576101303,-0.005947265625
0.36562204361,-0.00375
0.366677999496,0.00259765625
0.367725133896,0.00015625
0.368771076202,-0.0008203125
0.369811058044,0.010166015625
0.370857954025,-0.002529296875
0.371950149536,0.011142578125
0.372997045517,-0.01009765625
0.374036073685,-0.003994140625
0.375094175339,-0.017421875
0.376142024994,-0.002041015625
0.377182006836,0.01236328125
0.378226995468,-0.004482421875
0.379274129868,-0.002529296875
0.38031411171,0.000400390625
0.381407976151,0.000400390625
0.38245010376,0.00015625
0.383497953415,-0.00033203125
0.38453912735,0.00357421875
0.385581970215,0.00015625
0.386629104614,-0.00326171875
0.387673139572,-0.006435546875
0.388718128204,-0.001064453125
0.389765024185,-0.00228515625
0.390808105469,-0.001796875
0.391904115677,0.00259765625
0.392945051193,0.0011328125
0.393993139267,0.00015625
0.395037174225,-0.0008203125
0.396080970764,0.0030859375
0.397129058838,0.001865234375
0.39817905426,0.0011328125
0.399239063263,-0.005458984375
0.400279045105,-0.001552734375
0.401324033737,-0.000576171875
0.402371168137,-0.003017578125
0.403414964676,-0.002529296875
0.404459953308,0.00015625
0.405507087708,0.0030859375
0.406551122665,0.005771484375
0.407598972321,0.004794921875
0.408645153046,-0.00228515625
0.409685134888,-0.00326171875
0.410732984543,-0.001552734375
0.411777019501,-0.000576171875
0.412817001343,0.005283203125
0.413862943649,-0.00130859375
0.414906024933,0.001865234375
0.415946006775,-0.00130859375
0.416993141174,-0.001064453125
0.418035984039,0.001376953125
0.419083118439,0.01041015625
0.420129060745,-0.018154296875
0.421172142029,0.002353515625
0.422218084335,0.000400390625
0.423277139664,-0.0027734375
0.42431807518,-0.003994140625
0.425364017487,-0.003017578125
0.426404953003,0.0040625
0.427447080612,0.0040625
0.428493976593,-0.000576171875
0.429535150528,-0.00228515625
0.430592060089,-0.0008203125
0.431642055511,-0.00033203125
0.432681083679,-0.00619140625
0.433727025986,-0.0027734375
0.434775114059,-0.016201171875
0.435878038406,0.00357421875
0.436925172806,-0.002041015625
0.437970161438,0.002353515625
0.43902015686,-0.001552734375
0.440060138702,0.001865234375
0.441111087799,0.00259765625
0.442152023315,-0.002041015625
0.443192005157,0.005283203125
0.444237947464,0.005283203125
0.445278167725,-0.001552734375
0.446320056915,0.006015625
0.447368144989,0.00162109375
0.448411941528,-0.004482421875
0.449459075928,-0.005458984375
0.450508117676,-0.00228515625
0.451557159424,0.00162109375
0.452607154846,-0.001796875
0.453650951385,-0.00033203125
0.454694032669,0.011875
0.455742120743,-0.015712890625
0.456786155701,0.002353515625
0.45782995224,0.0011328125
0.458878040314,0.00064453125
0.45991897583,-0.000576171875
0.46097111702,0.000400390625
0.462021112442,0.0011328125
0.463063955307,0.0128515625
0.464112997055,-0.015224609375
0.46515417099,0.001376953125
0.466197967529,0.000888671875
0.467245101929,-0.0008203125
0.468286037445,-0.00130859375
0.469331979752,0.003330078125
0.470379114151,-0.001796875
0.471434116364,-0.0008203125
0.472483158112,0.003330078125
0.473525047302,-0.00228515625
0.474565982819,-0.00033203125
0.475612163544,0.00259765625
0.476652145386,0.005283203125
0.477689981461,0.003330078125
0.478750944138,0.006748046875
0.479794025421,0.0011328125
0.480839014053,0.001376953125
0.481940031052,0.0030859375
0.4829890728,0.000888671875
0.484035015106,0.011142578125
0.485094070435,0.0050390625
0.486154079437,-0.00033203125
0.487195014954,-0.002041015625
0.488242149353,-0.002529296875
0.489284038544,-8.7890625e-05
0.490334033966,0.0030859375
0.4914290905,0.000888671875
0.492476940155,0.006015625
0.493524074554,0.001865234375
0.494565010071,0.00259765625
0.49561214447,-0.00130859375
0.496653079987,0.011142578125
0.49769616127,-0.0066796875
0.498743057251,-0.003994140625
0.499784946442,-0.017421875
0.500830173492,-0.001064453125
0.501919984818,0.012607421875
0.502969026566,-0.010341796875
0.504016160965,0.00455078125
0.505056142807,-0.005703125
0.506102085114,-0.002529296875
0.507147073746,-0.00130859375
0.508188009262,-0.00130859375
0.509235143661,-0.00326171875
0.510288000107,-0.002041015625
0.511336088181,0.002353515625
0.512383937836,0.00015625
0.513429164886,0.004794921875
0.514472961426,0.0011328125
0.515520095825,-0.001796875
0.516561031342,0.00552734375
0.517609119415,0.0069921875
0.518666982651,0.0011328125
0.519713163376,0.002109375
0.520761013031,0.003330078125
0.52180314064,-8.7890625e-05
0.522855997086,0.0030859375
0.523901939392,-0.001064453125
0.524943113327,0.004794921875
0.525990009308,0.0040625
0.527035951614,0.00650390625
0.528079986572,0.00015625
0.529129981995,0.000400390625
0.530179023743,0.003330078125
0.531227111816,0.002353515625
0.532274961472,0.00015625
0.533314943314,0.002841796875
0.534363985062,-0.002529296875
0.535410165787,-0.002529296875
0.536455154419,0.0011328125
0.5375020504,0.00455078125
0.53854393959,0.0040625
0.539590120316,0.005771484375
0.540637969971,0.000400390625
0.541682958603,0.012119140625
0.542746067047,-0.00375
0.543787002563,-0.013271484375
0.544836044312,-0.0008203125
0.545882940292,-0.00033203125
0.546925067902,0.008212890625
0.547971010208,0.004794921875
0.549041032791,0.005283203125
0.550085067749,0.00259765625
0.551149129868,0.002353515625
0.552190065384,-0.0008203125
0.553238153458,-0.002529296875
0.554280042648,-0.002529296875
0.555320978165,0.00015625
0.556369066238,0.0050390625
0.55740904808,0.006015625
0.558454990387,-0.00033203125
0.559503078461,-0.003505859375
0.560553073883,-0.016201171875
0.561602115631,0.000888671875
0.562648057938,0.00259765625
0.56368803978,0.002841796875
0.564735174179,0.0040625
0.56577706337,0.0011328125
0.566817998886,0.000400390625
0.56786608696,0.004306640625
0.568907976151,0.001376953125
0.569952011108,0.003330078125
0.571006059647,0.001376953125
0.572050094604,-0.004482421875
0.573092937469,-0.001552734375
0.574151039124,0.002353515625
0.575194120407,0.002353515625
0.576246023178,-0.003994140625
0.577286958694,0.000400390625
0.578330993652,-0.00130859375
0.579378128052,-0.000576171875
0.580418109894,-0.00765625
0.581472158432,-0.017666015625
0.582579135895,0.0040625
0.583632946014,0.00455078125
0.584675073624,0.006748046875
0.585723161697,0.00455078125
0.586770057678,0.006748046875
0.587810993195,0.002353515625
0.588860034943,0.000400390625
0.589902162552,-0.001064453125
0.590953111649,-0.002529296875
0.59200501442,-0.00619140625
0.593048095703,0.000400390625
0.594093084335,-0.0008203125
0.595141172409,0.000888671875
0.596184015274,0.000888671875
0.597233057022,-0.0008203125
0.598288059235,-0.00033203125
0.599336147308,-0.000576171875
0.600384950638,-0.00130859375
0.601432085037,-0.01693359375
0.602481126785,-0.001552734375
0.60352396965,0.010654296875
0.604565143585,-0.0105859375
0.60561299324,0.001865234375
0.606668949127,0.00162109375
0.607720136642,0.00162109375
0.608767986298,0.00650390625
0.609810113907,0.0050390625
0.610857009888,0.005771484375
0.611999034882,-0.001552734375
0.613039970398,-0.00228515625
0.614084005356,-0.001064453125
0.615143060684,0.000400390625
0.616183042526,0.0011328125
0.617229938507,0.001865234375
0.618273973465,0.00162109375
0.6193151474,-0.00228515625
0.620363950729,0.00064453125
0.621457099915,0.003818359375
0.62250494957,-0.00228515625
0.623549938202,-0.002529296875
0.624596118927,0.01138671875
0.625642061234,-0.014736328125
0.626681089401,0.0030859375
0.627726078033,0.002841796875
0.62877202034,0.002841796875
0.629812955856,0.0040625
0.630862951279,-0.003017578125
0.63195514679,-0.00033203125
0.63300204277,0.003818359375
0.634042024612,0.004794921875
0.635087013245,-0.003017578125
0.636132955551,0.000400390625
0.637171983719,0.0089453125
0.638219118118,0.001376953125
0.639279127121,0.001865234375
0.640318155289,0.012119140625
0.641411066055,0.00845703125
0.642456054688,0.004306640625
0.643517017365,0.00552734375
0.644556045532,0.006259765625
0.64560508728,0.003818359375
0.646659135818,0.00259765625
0.647704124451,0.006015625
0.648749113083,0.002841796875
0.649791002274,-0.002041015625
0.650835037231,-0.0027734375
0.651926040649,0.00455078125
0.652971982956,-0.0008203125
0.654019117355,0.002841796875
0.655064105988,0.00064453125
0.656113147736,0.001865234375
0.657160043716,-0.00033203125
0.658205032349,0.000400390625
0.659253120422,0.002353515625
0.660293102264,0.001865234375
0.661339998245,0.004794921875
0.662389039993,0.00357421875
0.663429021835,0.002353515625
0.664474010468,0.003330078125
0.6655189991,0.003330078125
0.666561126709,0.006748046875
0.66760802269,0.0040625
0.668648004532,0.002109375
0.669687986374,-0.00130859375
0.670752048492,0.000888671875
0.671802043915,0.001865234375
0.672848939896,-0.002041015625
0.673894166946,0.00015625
0.674934148788,0.0011328125
0.675982952118,0.00650390625
0.677025079727,-0.0008203125
0.678066015244,0.006259765625
0.679126024246,0.00796875
0.680166006088,0.004794921875
0.681211948395,0.00552734375
0.682259082794,0.0030859375
0.683300018311,0.0108984375
0.684345960617,-0.005703125
0.685394048691,-0.018154296875
0.686435937881,0.003330078125
0.68748497963,0.00259765625
0.688524961472,0.0011328125
0.689567089081,-0.002041015625
0.690613985062,0.00162109375
0.69165802002,0.002109375
0.692703008652,0.002841796875
0.693751096725,0.003818359375
0.694802999496,0.00015625
0.695848941803,-0.003017578125
0.696897029877,-0.00228515625
0.697937965393,-0.001796875
0.698987007141,-0.00228515625
0.700031995773,-0.001796875
0.701081037521,-0.00619140625
0.70214509964,-0.00423828125
0.703187942505,-0.002529296875
0.704236030579,-0.000576171875
0.705281972885,0.012607421875
0.706326961517,-0.015224609375
0.707375049591,-0.002041015625
0.708415985107,0.00162109375
0.70946097374,0.0050390625
0.710510015488,0.002109375
0.711554050446,0.00650390625
0.712599039078,-0.002529296875
0.71364402771,0.00064453125
0.714684963226,0.0108984375
0.715734004974,0.00015625
0.716773986816,0.000888671875
0.717816114426,0.0040625
0.718866109848,0.00748046875
0.719907999039,-0.00130859375
0.720958948135,-0.0008203125
0.722007989883,0.002353515625
0.723050117493,-0.002529296875
0.724096059799,-0.00033203125
0.72514295578,0.002841796875
0.726185083389,0.0030859375
0.727249145508,0.003818359375
0.728291034698,-0.002529296875
0.729392051697,0.0108984375
0.730440139771,-0.003994140625
0.731495141983,-0.016689453125
0.732536077499,0.00015625
0.733584165573,-0.001064453125
0.734642982483,0.0108984375
0.735685110092,-0.0164453125
0.73673415184,0.00162109375
0.737775087357,-0.0008203125
0.738816022873,-0.00375
0.739864110947,-0.002529296875
0.740957975388,0.0011328125
0.742009162903,0.0011328125
0.743052005768,0.004306640625
0.744097948074,-0.0027734375
0.745145082474,-0.010830078125
0.74618601799,-0.016201171875
0.74723315239,0.010654296875
0.74827504158,-0.004482421875
0.749320030212,-0.015224609375
0.750396966934,-0.00033203125
0.751446008682,0.011630859375
0.752493143082,-0.0164453125
0.753534078598,0.002841796875
0.754577159882,0.001865234375
0.755624055862,-0.00033203125
0.756664037704,-0.002041015625
0.757709980011,-0.003017578125
0.75877404213,0.0040625
0.759816169739,0.0030859375
0.760864973068,0.001865234375
0.761962175369,-0.00033203125
0.763010025024,0.0040625
0.764050006866,0.000400390625
0.765099048615,-0.001064453125
0.766158103943,-0.00130859375
0.767218112946,0.012607421875
0.768265962601,-0.013271484375
0.769307136536,0.01236328125
0.770354032516,-0.01400390625
0.771448135376,0.000888671875
0.772495031357,0.0108984375
0.773537158966,-0.0144921875
0.774595022202,0.011142578125
0.775643110275,-0.003017578125
0.776684045792,-0.0008203125
0.777730941772,0.000888671875
0.778774023056,0.002841796875
0.779814004898,0.000888671875
0.780866146088,0.001376953125
0.781960964203,0.003818359375
0.783012151718,0.002109375
0.784053087234,-0.00326171875
0.785099029541,-0.005458984375
0.786147117615,0.00064453125
0.787189006805,0.011630859375
0.788237094879,-0.012294921875
0.789282083511,0.004306640625
0.790328979492,0.00357421875
0.791424036026,0.0011328125
0.792471170425,0.002109375
0.793518066406,0.002841796875
0.794559001923,-0.00130859375
0.795606136322,-0.0008203125
0.79665017128,-0.004482421875
0.797691106796,-0.003994140625
0.798753023148,-0.0027734375
0.799796104431,0.00259765625
0.800845146179,0.00259765625
0.801938056946,-0.00228515625
0.802988052368,-0.001064453125
0.804032087326,0.00259765625
0.805078983307,0.012607421875
0.80613899231,-0.012783203125
0.807183027267,0.003818359375
0.808232069016,0.0030859375
0.809278011322,0.000400390625
0.810320138931,0.01236328125
0.811414957047,-0.017177734375
0.812469005585,0.0040625
0.813517093658,0.002353515625
0.814558029175,0.000888671875
0.815608978271,0.0011328125
0.816652059555,0.002109375
0.817693948746,0.006015625
0.818742990494,0.00748046875
0.819786071777,0.005283203125
0.820832967758,0.000400390625
0.821928024292,0.000888671875
0.822978973389,-0.002041015625
0.824023962021,0.0011328125
0.825067996979,0.00015625
0.826116085052,0.01138671875
0.827157974243,-0.013271484375
0.828207015991,0.0011328125
0.829256057739,0.000400390625
0.83030796051,-0.00130859375
0.831403970718,0.00015625
0.832452058792,0.005771484375
0.83350110054,0.00552734375
0.834548950195,0.006015625
0.835596084595,0.00943359375
0.836644172668,0.006015625
0.837687015533,0.002353515625
0.838750123978,0.001376953125
0.839792013168,0.00162109375
0.840839147568,0.004794921875
0.84193110466,0.0030859375
0.842980146408,0.000888671875
0.844027042389,0.00357421875
0.845069169998,0.0011328125
0.846130132675,0.000888671875
0.84717297554,0.004306640625
0.848219156265,0.000888671875
0.849266052246,0.01236328125
0.850335121155,-0.004970703125
0.851431131363,-0.008876953125
0.852483987808,-0.00765625
0.853526115417,-0.0066796875
0.854568958282,-0.005458984375
0.855618953705,-0.00375
0.856662034988,-0.006435546875
0.857709169388,-0.005947265625
0.858756065369,-0.007900390625
0.859802007675,-0.017421875
0.860849142075,-0.01595703125
0.861943006516,-0.014736328125
0.862996101379,-0.00912109375
0.864038944244,-0.01791015625
0.865087032318,0.012119140625
0.866134166718,0.009189453125
0.867175102234,0.023349609375
0.86822104454,0.0353125
0.869270086288,0.05826171875
0.870314121246,0.05728515625
0.871410131454,0.054111328125
0.872456073761,0.049228515625
0.873502969742,0.074375
0.874547958374,0.087314453125
0.875602960587,0.09537109375
0.876712083817,0.10416015625
0.877767086029,0.1202734375
0.878812074661,0.0987890625
0.879863977432,0.058994140625
0.880954027176,0.05435546875
0.882004976273,0.031162109375
0.88304901123,0.09341796875
0.884097099304,-0.03109375
0.885144948959,-0.0867578125
0.886188983917,-0.07064453125
0.887252092361,-0.135341796875
0.888298988342,-0.191982421875
0.889347076416,-0.1180078125
0.89039516449,-0.061611328125
0.891448974609,-0.284267578125
0.892500162125,-0.210048828125
0.893548965454,-0.1101953125
0.894612073898,-0.089443359375
0.895658016205,-0.24935546875
0.896703958511,-0.33138671875
0.897750139236,-0.214443359375
0.898792982101,-0.13412109375
0.899842023849,-0.27279296875
0.900935173035,-0.4021875
0.901987075806,-0.36263671875
0.903032064438,-0.253994140625
0.904078960419,-0.158046875
0.905128002167,0.0050390625
0.906172037125,-0.016201171875
0.907226085663,-0.168544921875
0.908270120621,-0.222744140625
0.909312009811,-0.093349609375
0.910362005234,0.08755859375
0.911455154419,-0.16830078125
0.912503004074,-0.069423828125
0.913546085358,-0.025966796875
0.91459107399,-0.0906640625
0.915637969971,-0.131923828125
0.91668009758,-0.126552734375
0.917729139328,-0.03841796875
0.918785095215,0.085849609375
0.919831037521,0.132236328125
0.920922994614,0.13931640625
0.921977043152,0.197666015625
0.923022985458,0.198642578125
0.924064159393,0.13736328125
0.925114154816,0.20865234375
0.926167964935,0.208408203125
0.927230119705,0.012607421875
0.928275108337,-0.056728515625
0.929316043854,0.213291015625
0.930365085602,0.02359375
0.93145608902,-0.33724609375
0.932506084442,-0.0867578125
0.933549165726,0.632236328125
0.934611082077,1.01163085938
0.935662031174,0.46890625
0.936710119247,3.50064453125
0.937759160995,-0.159755859375
0.938805103302,-0.202724609375
0.939852952957,-0.341884765625
0.940941095352,-0.201259765625
0.941992998123,-0.1805078125
0.943037986755,-0.1648828125
0.94408416748,0.12759765625
0.945134162903,0.09927734375
0.946177005768,-0.224208984375
0.947225093842,-0.054287109375
0.948271036148,0.171787109375
0.949313163757,0.28482421875
0.95036315918,0.035068359375
0.951490163803,-0.044765625
0.952535152435,-0.23666015625
0.953582048416,-0.3875390625
0.954632997513,-0.223720703125
0.955672979355,0.0343359375
0.956721067429,0.134921875
0.957767963409,0.181064453125
0.958812952042,0.028232421875
0.959862947464,-0.06234375
0.960952043533,0.059970703125
0.96200299263,0.036533203125
0.963045120239,-0.03841796875
0.964091062546,0.018955078125
0.96513915062,0.0636328125
0.966181993484,0.011630859375
0.967245101929,-0.03255859375
0.968289136887,-0.078212890625
0.969336032867,0.043125
0.970386981964,0.09146484375
0.971436023712,0.073642578125
0.97248506546,0.031162109375
0.973531007767,0.024326171875
0.974588155746,0.00552734375
0.975636959076,-0.01107421875
0.976679086685,0.047275390625
0.977728128433,0.3390234375
0.978770017624,0.9757421875
0.979813098907,1.51303466797
0.980862140656,1.49893554688
0.981961011887,0.8839453125
0.983011960983,3.2511328125
0.984055042267,-0.327236328125
0.985101938248,0.161533203125
0.986147165298,2.97549804687
0.987195014954,2.26407226562
0.988248109818,2.92447265625
0.989295959473,0.421787109375
0.990343093872,0.213779296875
0.991438150406,0.351474609375
0.992489099503,0.95279296875
0.993531942368,1.25064453125
0.994579076767,0.53873046875
0.995625972748,3.34463867187
0.996684074402,3.0187109375
0.997735023499,-0.456875
0.998795032501,0.274814453125
0.999840021133,0.208408203125
1.00093793869,-0.34505859375
1.00199198723,-0.3699609375
1.00303506851,-0.05892578125
1.00408196449,0.240390625
1.00513005257,0.365634765625
1.00617694855,0.372958984375
1.00724196434,0.20328125
1.00828194618,-0.474208984375
1.00932717323,-0.411220703125
1.01037502289,0.0069921875
1.01142907143,0.25259765625
1.01247811317,0.01822265625
1.01352310181,-0.30697265625
1.01456594467,-0.189296875
1.01561713219,0.28384765625
1.01666402817,0.4347265625
1.01771116257,0.306064453125
1.01875901222,0.065341796875
1.01980304718,-0.162197265625
1.0208530426,-0.23275390625
1.0219399929,-0.04330078125
1.022990942,0.175693359375
1.02403497696,0.186923828125
1.02515101433,-0.029873046875
1.02620315552,-0.241787109375
1.02725195885,-0.081630859375
1.02829408646,0.013095703125
1.0293431282,0.00748046875
1.03039216995,0.021396484375
1.03144216537,-0.001796875
1.0324921608,-0.09603515625
1.03353500366,-0.107265625
1.03458094597,0.06314453125
1.03562712669,0.244052734375
1.03666901588,0.180576171875
1.03771495819,-0.0555078125
1.03877496719,-0.146328125
1.03981804848,-0.00375
1.04086613655,0.14419921875
1.04197216034,-0.033291015625
1.04302000999,-0.40462890625
1.04406094551,-0.262783203125
1.04510903358,0.45572265625
1.04616308212,0.08169921875
1.04722595215,0.72037109375
1.04827308655,0.249423828125
1.04931306839,3.06192382812
1.05036711693,3.22037109375
1.05145716667,0.2687109375
1.05250597,0.52994140625
1.05354809761,0.04654296875
1.05461001396,-0.096279296875
1.05565404892,0.1144140625
1.05669903755,0.10611328125
1.05774712563,-0.3426171875
1.05878901482,-0.4773828125
1.05983304977,-0.125087890625
1.06092810631,0.28189453125
1.06198096275,0.1827734375
1.06302404404,0.016025390625
1.06406998634,0.10123046875
1.06511902809,0.140048828125
1.0661611557,0.146640625
1.06720805168,0.0275
1.06825613976,-0.107509765625
1.06929802895,-0.115810546875
1.07034611702,-0.052578125
1.07144212723,-0.0574609375
1.07249212265,-0.091640625
1.07353401184,-0.13216796875
1.07458114624,-0.158046875
1.07562708855,-0.08529296875
1.07667016983,-0.034267578125
1.07771515846,-0.0672265625
1.07877612114,-0.03158203125
1.07982206345,0.105625
1.08091497421,0.1808203125
1.0819671154,0.236728515625
1.08301711082,0.238681640625
1.08405900002,0.151279296875
1.08510899544,0.0773046875
1.08616304398,0.0265234375
1.08722615242,-0.048916015625
1.08827114105,-0.147060546875
1.08931303024,-0.186123046875
1.09036207199,-0.20833984375
1.09145402908,-0.1863671875
1.09250307083,-0.115322265625
1.09354496002,-0.013515625
1.09460711479,0.017001953125
1.09565496445,0.00552734375
1.09670209885,0.04703125
1.09775114059,0.258212890625
1.09879398346,0.377841796875
1.09984302521,0.210849609375
1.10093617439,0.037509765625
1.10198807716,0.51919921875
1.10303211212,0.67349609375
1.10407996178,-0.482509765625
1.10512709618,0.208896484375
1.10616898537,-0.337490234375
1.10721516609,3.01065429687
1.10826706886,3.26114257812
1.10931301117,0.121494140625
1.11036300659,0.433017578125
1.11145806313,0.316806640625
1.11250805855,0.51578125
1.11355113983,0.822177734375
1.11459612846,0.72037109375
1.11564517021,0.146884765625
1.11668801308,3.42276367187
1.11774301529,3.31119140625
1.1187980175,-0.15609375
1.1198451519,0.252841796875
1.12093806267,-0.025234375
1.12199115753,-0.345791015625
1.12303209305,-0.32357421875
1.12407708168,0.0929296875
1.12512397766,0.4151953125
1.12617516518,0.434970703125
1.12724113464,0.210361328125
1.12828397751,-0.003994140625
1.12933015823,-0.097255859375
1.13037800789,-0.029384765625
1.13146710396,0.083896484375
1.13251495361,0.008212890625
1.13355708122,-0.181484375
1.13461899757,-0.2000390625
1.13566207886,-0.04330078125
1.13670802116,0.102451171875
1.13775801659,0.104404296875
1.1387989521,0.067294921875
1.13984894753,0.0284765625
1.14093995094,-0.035732421875
1.14199113846,-0.004482421875
1.14303803444,0.339755859375
1.14408612251,0.198154296875
1.14513301849,-0.225185546875
1.14617609978,-0.15560546875
1.1472260952,0.178623046875
1.14827013016,-0.147060546875
1.14931201935,-0.2195703125
1.15036416054,0.156162109375
1.15145516396,-0.048916015625
1.15252995491,3.43521484375
1.15357804298,-0.393154296875
1.15462613106,0.32583984375
1.15567016602,0.59732421875
1.15672302246,0.2257421875
1.15777015686,0.07388671875
1.15881705284,0.2472265625
1.15986704826,0.176181640625
1.16095304489,-0.160732421875
1.16200208664,-0.29671875
1.16304302216,0.0196875
1.16409015656,0.030673828125
1.16513800621,0.06314453125
1.16618108749,-0.071376953125
1.16724514961,-0.121669921875
1.16828298569,0.052890625
1.16933012009,0.147373046875
1.17037701607,0.04751953125
1.17146801949,0.00455078125
1.17251706123,0.119541015625
1.17356014252,0.136142578125
1.17462396622,0.0030859375
1.17566800117,-0.09359375
1.17671298981,-0.0984765625
1.1778190136,-0.077236328125
1.17887616158,0.026767578125
1.17991805077,0.07193359375
1.18097615242,0.040927734375
1.18201899529,0.066806640625
1.18306303024,0.076572265625
1.18411207199,0.12076171875
1.18515515327,0.1944921875
1.18620014191,0.04458984375
1.18724894524,-0.111171875
1.18829512596,0.21939453125
1.18934297562,0.404697265625
1.19039511681,-0.2469140625
1.19144916534,-0.322841796875
1.19249796867,-0.028896484375
1.1935441494,-0.17025390625
1.1945950985,-0.396328125
1.19564294815,-0.3699609375
1.19668602943,0.153720703125
1.19773411751,0.390048828125
1.19878816605,0.237216796875
1.19983506203,0.19302734375
1.20093107224,0.4171484375
1.20198512077,0.1573828125
1.20302796364,-0.33919921875
1.20407295227,3.4523046875
1.20512104034,-0.262783203125
1.20617294312,0.0401953125
1.20724010468,0.086337890625
1.20828294754,-0.030849609375
1.20932912827,-0.014248046875
1.21037817001,0.054111328125
1.21142816544,0.10123046875
1.21247696877,0.2023046875
1.21352314949,0.310458984375
1.21456599236,0.31119140625
1.21561694145,0.121005859375
1.21666002274,-0.182705078125
1.21770596504,-0.254482421875
1.21875405312,-0.155361328125
1.21979403496,-0.029384765625
1.22083997726,-0.036953125
1.22193408012,0.057529296875
1.22298717499,0.0655859375
1.22402906418,0.073154296875
1.22507500648,0.140537109375
1.22612404823,0.124912109375
1.22716808319,0.12759765625
1.22821497917,0.156650390625
1.22926497459,0.093173828125
1.23030805588,-0.0789453125
1.23140311241,-0.16537109375
1.23245310783,-0.010341796875
1.23350214958,0.1378515625
1.23454403877,0.1319921875
1.23559212685,0.09927734375
1.23664116859,0.09
1.23768210411,0.0694921875
1.23874497414,0.03140625
1.23978710175,-0.010341796875
1.24083399773,-0.080166015625
1.24192595482,-0.02279296875
1.24297499657,-0.009853515625
1.24401807785,-0.05208984375
1.24506115913,-0.029384765625
1.24612116814,0.00845703125
1.24717116356,0.01431640625
1.24821805954,0.0187109375
1.24926614761,0.052158203125
1.25030708313,0.1105078125
1.25140404701,0.10708984375
1.25245594978,0.088046875
1.25353598595,0.057529296875
1.25459814072,0.04068359375
1.2556450367,0.05875
1.25668716431,0.150302734375
1.25773406029,0.2198828125
1.25877714157,0.01236328125
1.25982308388,-0.146572265625
1.2609140873,0.17935546875
1.26196813583,-0.0975
1.26301813126,-0.257412109375
1.26405906677,-0.08724609375
1.26510596275,0.1358984375
1.26615214348,0.1290625
1.26719808578,0.07486328125
1.26824808121,0.10953125
1.26929616928,0.197666015625
1.27034401894,0.162265625
1.27143716812,0.0509375
1.27248716354,-0.0730859375
1.27353000641,-0.0896875
1.27457499504,-0.004482421875
1.27562403679,0.0382421875
1.2766661644,0.011630859375
1.27771401405,-0.035732421875
1.27877306938,-0.004970703125
1.2798140049,0.07046875
1.28086304665,0.1085546875
1.28196001053,0.105625
1.28301000595,0.11490234375
1.28405213356,0.09830078125
1.28510499001,0.07876953125
1.28616094589,-0.042568359375
1.28722310066,-0.070888671875
1.28826904297,0.060458984375
1.28931117058,0.025791015625
1.29035997391,-0.10775390625
1.29145312309,-0.089931640625
1.29250097275,0.035556640625
1.29354310036,0.132236328125
1.29460597038,0.15787109375
1.29565405846,0.1925390625
1.29670000076,0.221591796875
1.29774999619,0.18375
1.29879307747,0.0245703125
1.29983997345,-0.053798828125
1.3009390831,-0.123623046875
1.3019900322,-0.097255859375
1.30303311348,-0.009609375
1.30408215523,-0.010830078125
1.30512905121,-0.056484375
1.30616903305,-0.003017578125
1.30721402168,0.065830078125
1.30825996399,0.1007421875
1.30929994583,0.201572265625
1.31034803391,0.3624609375
1.31143903732,0.2433203125
1.31248617172,0.006259765625
1.31352806091,0.05435546875
1.31457304955,0.003330078125
1.31562113762,-0.27181640625
1.31666302681,-0.36361328125
1.31770801544,-0.16439453125
1.31876802444,0.17251953125
1.31981015205,0.200595703125
1.32085704803,0.23453125
1.3219499588,0.281650390625
1.32299804688,0.2882421875
1.32404303551,0.236728515625
1.32508707047,0.1124609375
1.32614517212,-0.04720703125
1.32718610764,-0.216640625
1.32823514938,-0.27572265625
1.32927513123,-0.209072265625
1.33031511307,-0.11458984375
1.33147215843,-0.025478515625
1.33252811432,0.12662109375
1.33357596397,0.27115234375
1.33463716507,0.28189453125
1.33567810059,0.27798828125
1.33672809601,0.21939453125
1.33777213097,0.070224609375
1.33881402016,-0.119228515625
1.33986401558,-0.182705078125
1.34095215797,-0.113369140625
1.34200310707,-0.03890625
1.3430480957,-0.025478515625
1.34409999847,0.022373046875
1.34514307976,0.0929296875
1.34618496895,0.15591796875
1.34723496437,0.1603125
1.348279953,0.14078125
1.34932613373,0.126865234375
1.35037517548,0.12076171875
1.35146713257,0.072421875
1.35251498222,0.016025390625
1.35358309746,-0.00326171875
1.35463213921,-0.023037109375
1.35567307472,0.01041015625
1.35672307014,0.062900390625
1.35776805878,0.086337890625
1.35881114006,0.11294921875
1.35985994339,0.100009765625
1.36094713211,0.053623046875
1.36199808121,0.009677734375
1.36304116249,0.00357421875
1.36409401894,0.038486328125
1.36513900757,0.066318359375
1.36618208885,0.072421875
1.36724305153,0.060947265625
1.36828613281,0.104404296875
1.36933302879,0.12125
1.37038016319,0.10416015625
1.37142896652,0.074130859375
1.3724770546,0.0480078125
1.37352108955,0.05484375
1.37456417084,0.03677734375
1.37561416626,0.058505859375
1.37665605545,0.063876953125
1.37770295143,0.0753515625
1.37875199318,0.067783203125
1.37979602814,0.0636328125
1.38084101677,0.064853515625
1.38193297386,0.061923828125
1.38298511505,0.059482421875
1.38402605057,0.0480078125
1.38507199287,0.0636328125
1.38611912727,0.083896484375
1.38716602325,0.083896484375
1.38821196556,0.082919921875
1.38925909996,0.084140625
1.39030194283,0.07876953125
1.39139604568,0.104404296875
1.39243912697,0.087802734375
1.39348697662,0.067294921875
1.39452815056,0.066806640625
1.39557504654,0.087314453125
1.39662408829,0.095615234375
1.39766812325,0.072177734375
1.39873313904,0.056796875
1.3997759819,0.053623046875
1.40082216263,0.051181640625
1.40191912651,0.04361328125
1.40296602249,0.05533203125
1.40401506424,0.071689453125
1.40505599976,0.08853515625
1.40611600876,0.1026953125
1.40716099739,0.09537109375
1.40820813179,0.113681640625
1.40925717354,0.121494140625
1.41029810905,0.09390625
1.41139507294,0.1007421875
1.41243910789,0.089267578125
1.41348814964,0.06216796875
1.41453409195,0.080234375
1.41558098793,0.088291015625
1.416629076,0.07681640625
1.41767215729,0.0753515625
1.41872096062,0.0714453125
1.41976714134,0.07046875
1.42080903053,0.0675390625
1.42190408707,0.072666015625
1.42295408249,0.087314453125
1.42400217056,0.08853515625
1.42504501343,0.107578125
1.42609214783,0.13541015625
1.42714309692,0.109287109375
1.42818593979,0.10953125
1.42923402786,0.120029296875
1.4302880764,0.0968359375
1.43133807182,0.09732421875
1.43238997459,0.0812109375
1.43343114853,0.070712890625
1.43448114395,0.073154296875
1.43552494049,0.085361328125
1.43656897545,0.1007421875
1.43761897087,0.09439453125
1.43867397308,0.089267578125
1.43972301483,0.097568359375
1.44076800346,0.099765625
1.44181203842,0.086826171875
1.44286394119,0.079990234375
1.44390702248,0.09830078125
1.44495296478,0.097080078125
1.44600009918,0.1046484375
1.44704294205,0.110263671875
1.44809103012,0.137119140625
1.44913816452,0.119296875
1.45020198822,0.105869140625
1.45128011703,0.076572265625
1.45235514641,0.10025390625
1.45342206955,0.099521484375
1.45451903343,0.093662109375
1.45556211472,0.0909765625
1.45660996437,0.083408203125
1.45765304565,0.09244140625
1.45870804787,0.104892578125
1.45975708961,0.116123046875
1.46079897881,0.118564453125
1.46192598343,0.11392578125
1.46297907829,0.116123046875
1.46402001381,0.1202734375
1.46506214142,0.137607421875
1.46611094475,0.117099609375
1.46715402603,0.118564453125
1.46819901466,0.101474609375
1.46924710274,0.10318359375
1.47029805183,0.094638671875
1.47140097618,0.0987890625
1.47244811058,0.103916015625
1.47349596024,0.121982421875
1.47454404831,0.116123046875
1.47559499741,0.099765625
1.47663998604,0.099521484375
1.47768115997,0.107578125
1.47874307632,0.118076171875
1.4797911644,0.12076171875
1.48083806038,0.111240234375
1.48193407059,0.107333984375
1.48298406601,0.11392578125
1.48415708542,0.115146484375
1.48520994186,0.129794921875
1.48627114296,0.127109375
1.48731303215,0.130771484375
1.4883620739,0.12369140625
1.48940396309,0.133701171875
1.49045395851,0.117587890625
1.49150514603,0.1202734375
1.49254798889,0.107333984375
1.49359703064,0.10416015625
1.49465608597,0.114169921875
1.49570298195,0.11490234375
1.4967520237,0.110263671875
1.49779605865,0.1222265625
1.49884605408,0.139072265625
1.49989008904,0.137119140625
1.50093793869,0.14322265625
1.50198817253,0.15005859375
1.50303196907,0.122958984375
1.50408005714,0.137607421875
1.50512814522,0.1222265625
1.50617313385,0.118564453125
1.50722312927,0.13443359375
1.50828003883,0.131259765625
1.50932812691,0.136875
1.51037716866,0.10708984375
1.51142597198,0.1358984375
1.51247596741,0.15005859375
1.51352000237,0.145419921875
1.51456212997,0.138828125
1.51561117172,0.130771484375
1.51665306091,0.136142578125
1.51769804955,0.13443359375
1.51876211166,0.129306640625
1.51980495453,0.126865234375
1.52085399628,0.141513671875
1.52195811272,0.1534765625
1.52300596237,0.127841796875
1.52404808998,0.153232421875
1.52509713173,0.146396484375
1.52615213394,0.163486328125
1.52721309662,0.155185546875
1.52826094627,0.14419921875
1.52930212021,0.12466796875
1.53035116196,0.15005859375
1.53144407272,0.13150390625
1.53249597549,0.118564453125
1.53353905678,0.12857421875
1.53460407257,0.15005859375
1.5356490612,0.156162109375
1.53669595718,0.14029296875
1.53774905205,0.141513671875
1.53879213333,0.179111328125
1.53983807564,0.1905859375
1.54093194008,0.157626953125
1.54198408127,0.1417578125
1.5430290699,0.160556640625
1.54407715797,0.1808203125
1.54512500763,0.177646484375
1.54616808891,0.1612890625
1.54721903801,0.143955078125
1.54826402664,0.1398046875
1.54930615425,0.162509765625
1.55035710335,0.166416015625
1.55150508881,0.140048828125
1.55254817009,0.164462890625
1.55360102654,0.191806640625
1.55464410782,0.184482421875
1.55572104454,0.162998046875
1.55676603317,0.169833984375
1.55780696869,0.196689453125
1.55885696411,0.189609375
1.55990004539,0.163974609375
1.56095194817,0.1398046875
1.56200098991,0.15982421875
1.56304216385,0.1593359375
1.56408905983,0.16861328125
1.56513595581,0.198154296875
1.56617903709,0.209384765625
1.5672390461,0.191318359375
1.56828308105,0.176181640625
1.5693321228,0.18130859375
1.57037806511,0.1495703125
1.57142615318,0.156162109375
1.57247400284,0.176181640625
1.5735180378,0.183017578125
1.57456302643,0.1710546875
1.57561397552,0.193271484375
1.57665610313,0.209140625
1.57770109177,0.19009765625
1.57875013351,0.1691015625
1.57979202271,0.178134765625
1.58084011078,0.20474609375
1.58194613457,0.20328125
1.58299612999,0.185458984375
1.58403801918,0.174716796875
1.58508610725,0.1808203125
1.586135149,0.1847265625
1.58717608452,0.18423828125
1.58822417259,0.1983984375
1.58926606178,0.20474609375
1.59030914307,0.173251953125
1.59140610695,0.2198828125
1.59245300293,0.207919921875
1.59350013733,0.16177734375
1.59454202652,0.1886328125
1.59558796883,0.2530859375
1.59663510323,0.220859375
1.59767508507,0.17056640625
1.59873795509,0.201328125
1.59978199005,0.246494140625
1.6008310318,0.20376953125
1.60192513466,0.170322265625
1.60297298431,0.205234375
1.60401511192,0.223544921875
1.60505509377,0.18814453125
1.60611510277,0.19400390625
1.60715794563,0.219638671875
1.60820508003,0.23208984375
1.60925102234,0.222080078125
1.61029195786,0.219638671875
1.61134004593,0.206943359375
1.61238908768,0.208408203125
1.61342906952,0.20962890625
1.61447906494,0.211826171875
1.61552596092,0.222080078125
1.61657500267,0.227939453125
1.61762213707,0.226474609375
1.61866307259,0.21841796875
1.61970806122,0.23453125
1.62075614929,0.247958984375
1.62179899216,0.246005859375
1.62284898758,0.2062109375
1.62389016151,0.2062109375
1.62493014336,0.203037109375
1.62597799301,0.22720703125
1.62702012062,0.22427734375
1.62806200981,0.231357421875
1.62911009789,0.20181640625
1.63016200066,0.240146484375
1.63122797012,0.252841796875
1.63227415085,0.53677734375
1.63332104683,0.673740234375
1.6343691349,0.832919921875
1.63541197777,1.15860351563
1.6364710331,1.51303466797
1.63758015633,1.51303466797
1.63864612579,1.51303466797
1.63968801498,1.51303466797
1.64073801041,1.51303466797
1.64178299904,1.51303466797
1.64282894135,1.50259765625
1.64387607574,1.16446289063
1.64492297173,0.451328125
1.64597010612,-0.1766015625
1.64701604843,3.41934570312
1.6480679512,3.24380859375
1.64911603928,3.32608398437
1.65016198158,-0.408779296875
1.65121197701,-0.024990234375
1.65226006508,0.579501953125
1.65330195427,0.6964453125
1.65435194969,0.79556640625
1.65539503098,0.656162109375
1.65643811226,3.05801757812
1.6574909687,1.51309570313
1.65853714943,1.51309570313
1.65959000587,1.51309570313
1.66064214706,1.51309570313
1.66169095039,1.52212890625
1.66275405884,2.470859375
1.6637980938,-0.337734375
1.6648440361,0.835361328125
1.66588902473,1.34115966797
1.66692996025,1.51303466797
1.667979002,1.51303466797
1.66902303696,1.50821289063
1.67007398605,1.3956640625
1.67113804817,1.17422851563
1.67218399048,1.27896484375
1.67323207855,1.21670898438
1.67427897453,1.44180664063
1.67533111572,1.51303466797
1.67638015747,1.51303466797
1.67742109299,1.51303466797
1.67847108841,1.51303466797
1.67951798439,1.51303466797
1.680560112,1.50748046875
1.68161296844,0.158603515625
1.68265509605,-0.399013671875
1.68370008469,-0.159267578125
1.68474817276,0.30630859375
1.68578910828,0.714267578125
1.68683815002,1.34115966797
1.68788504601,1.51303466797
1.68892598152,1.511875
1.6899740696,1.11783203125
1.69102501869,0.58169921875
1.69207215309,0.316318359375
1.69312000275,0.43375
1.69416809082,0.48111328125
1.69523406029,-0.28060546875
1.69627714157,2.84317382812
1.69732904434,2.96548828125
1.69837713242,3.150546875
1.69941806793,2.12979492187
1.70047211647,1.8976171875
1.70152711868,2.97745117187
1.70259308815,-0.134609375
1.70363712311,0.820224609375
1.7046790123,1.38052734375
1.70572710037,0.83462890625
1.706772089,0.64810546875
1.70781707764,0.767490234375
1.70886516571,0.46255859375
1.7099070549,0.291416015625
1.71096801758,0.485263671875
1.71201395988,0.47232421875
1.71305608749,0.05533203125
1.71410608292,-0.215908203125
1.71514701843,0.290927734375
1.71619200706,0.3839453125
1.71723914146,0.16666015625
1.71829295158,0.235263671875
1.71934700012,0.371494140625
1.72039294243,0.16177734375
1.72144603729,0.085361328125
1.72249412537,0.157138671875
1.72353696823,0.042392578125
1.72458600998,0.02603515625
1.72563409805,0.444736328125
1.72667908669,0.787265625
1.72772908211,0.64029296875
1.72877311707,0.444736328125
1.7298181057,0.35171875
1.73086595535,0.150546875
1.73197317123,0.024814453125
1.73301696777,0.38052734375
1.73406100273,0.762607421875
1.73512196541,0.641513671875
1.73616409302,0.97330078125
1.73721194267,0.97720703125
1.73826003075,0.692294921875
1.73930096626,0.55630859375
1.74035000801,0.5987890625
1.7414431572,0.597080078125
1.74249410629,0.420810546875
1.74353814125,0.383701171875
1.74458408356,0.56705078125
1.74563312531,0.56705078125
1.74667406082,0.54166015625
1.7477221489,0.526279296875
1.74876499176,0.4601171875
1.7498061657,0.445712890625
1.75085711479,0.424228515625
1.751953125,0.40787109375
1.75300216675,0.5597265625
1.75404596329,0.43375
1.75509595871,2.6632421875
1.75616312027,-0.370693359375
1.75721096992,1.27505859375
1.75827312469,1.51303466797
1.75932216644,1.05118164063
1.76037597656,0.653232421875
1.7614710331,0.865634765625
1.7625181675,1.2276953125
1.76356101036,0.887607421875
1.76462197304,0.09
1.76566410065,-0.39388671875
1.76672816277,-0.191494140625
1.7677719593,0.14322265625
1.7688190937,0.1525
1.76986908913,0.048251953125
1.77095413208,0.268955078125
1.7720041275,0.4171484375
1.77304506302,-0.0418359375
1.77411103249,0.04458984375
1.77515816689,0.186435546875
1.77620410919,0.48208984375
1.77725315094,0.871494140625
1.7782959938,0.826572265625
1.77934503555,0.349521484375
1.78038811684,0.14419921875
1.78143811226,0.287998046875
1.78248906136,0.32388671875
1.78353309631,0.170078125
1.78458094597,0.25552734375
1.78562903404,0.444736328125
1.78667116165,0.489658203125
1.78771901131,0.276279296875
1.78876304626,0.12369140625
1.78980708122,0.30875
1.79085707664,0.5362890625
1.79195404053,0.689609375
1.79306197166,0.635654296875
1.79411816597,0.67056640625
1.79516196251,0.732333984375
1.79621005058,0.72720703125
1.79725813866,0.62564453125
1.79830312729,0.56705078125
1.79935312271,0.46109375
1.80039811134,0.381748046875
1.80145311356,0.317294921875
1.80250096321,0.2853125
1.80354404449,0.180576171875
1.80459308624,0.10318359375
1.80563902855,0.152744140625
1.80668306351,0.152744140625
1.80773305893,0.062412109375
1.80877494812,0.103427734375
1.80982112885,0.29556640625
1.81091594696,0.539951171875
1.81197094917,0.67251953125
1.8130171299,0.706943359375
1.81405997276,0.6534765625
1.81512308121,0.516025390625
1.8161649704,0.40396484375
1.81721305847,0.33365234375
1.81826114655,0.20767578125
1.81930398941,0.07876953125
1.82035207748,0.03384765625
1.82144999504,0.00015625
1.82249999046,-0.0125390625
1.82354402542,0.02212890625
1.82459497452,0.08755859375
1.82563900948,0.1759375
1.82667994499,0.29166015625
1.82772898674,0.30826171875
1.82877206802,0.353916015625
1.82981801033,0.41470703125
1.83091497421,0.467197265625
1.83196997643,0.455234375
1.83301305771,0.383701171875
1.83405709267,0.2862890625
1.83510708809,0.156162109375
1.83614897728,0.049228515625
1.83720016479,-0.007900390625
1.83826303482,-0.04818359375
1.83930706978,-0.046474609375
1.8403570652,0.000400390625
1.84145903587,0.026767578125
1.84250497818,0.023349609375
1.84354805946,0.10025390625
1.84459805489,0.21939453125
1.84564208984,0.29849609375
1.8466861248,0.32095703125
1.84773516655,0.323154296875
1.84877896309,0.294345703125
1.84982705116,0.36685546875
1.8509221077,0.367099609375
1.85197496414,0.29556640625
1.85302305222,0.255771484375
1.85406708717,0.246494140625
1.85512804985,0.1964453125
1.85616993904,0.1554296875
1.85721898079,0.140537109375
1.85826206207,0.0978125
1.85930299759,0.088046875
1.86035108566,0.207919921875
1.8614449501,0.4259375
1.86249303818,0.704990234375
1.86353611946,1.48178466797
1.86458110809,1.51303466797
1.86563014984,1.51303466797
1.86667013168,1.50381835938
1.86772298813,1.3351171875
1.8687710762,-0.19369140625
1.86981606483,3.12930664062
1.87091708183,-0.389736328125
1.87197113037,3.47891601562
1.87302207947,-0.428798828125
1.87406897545,0.0206640625
1.8751180172,0.265048828125
1.87616109848,0.24283203125
1.87720894814,0.17740234375
1.87827205658,0.55337890625
1.87932014465,1.26626953125
1.88037109375,1.3722265625
1.88146209717,0.806552734375
1.88251113892,0.209140625
1.88355302811,0.076572265625
1.8846051693,0.23697265625
1.88564801216,0.24380859375
1.88670897484,0.228427734375
1.88775801659,0.491123046875
1.8888001442,0.66177734375
1.88985013962,0.529453125
1.89094114304,0.36197265625
1.89199399948,0.18228515625
1.89303708076,0.20767578125
1.89408516884,0.42837890625
1.89514613152,0.517978515625
1.89619207382,0.51041015625
1.89724111557,0.387119140625
1.89828801155,0.31021484375
1.89933609962,0.259921875
1.90038609505,0.308994140625
1.9014351368,0.389072265625
1.90248703957,0.443759765625
1.90353012085,0.427158203125
1.90457701683,0.428623046875
1.90562605858,0.40396484375
1.90667009354,0.331455078125
1.90772104263,0.282626953125
1.90876317024,0.41275390625
1.90980696678,0.593662109375
1.9108569622,0.558017578125
1.91195416451,0.487216796875
1.91300296783,0.450107421875
1.91404604912,0.35904296875
1.91509604454,0.32193359375
1.91614103317,0.365634765625
1.91718196869,0.238193359375
1.91824316978,0.198642578125
1.91928696632,0.26529296875
1.92033600807,0.372470703125
1.92143297195,0.465732421875
1.92248296738,0.45669921875
1.92352509499,0.40494140625
1.92457294464,0.40494140625
1.92562294006,0.507724609375
1.92666697502,0.54703125
1.92771601677,0.52115234375
1.92876195908,0.383212890625
1.92980504036,0.2901953125
1.93085408211,0.356357421875
1.93195199966,0.452060546875
1.93299913406,0.477451171875
1.93404102325,0.42837890625
1.9351041317,0.355869140625
1.93614816666,0.337802734375
1.93719410896,0.32876953125
1.93824315071,0.378330078125
1.93928408623,0.422763671875
1.94033312798,0.463779296875
1.94142794609,0.439609375
1.94248008728,0.408603515625
1.94352412224,0.3878515625
1.94457006454,0.360263671875
1.94561910629,0.39859375
1.94672012329,0.423984375
1.94777297974,0.457431640625
1.94881916046,0.374423828125
1.94986915588,0.29068359375
1.9509601593,0.248447265625
1.95201206207,0.24478515625
1.95305514336,0.27408203125
1.95410394669,0.338291015625
1.9551460743,0.37759765625
1.9561920166,0.374912109375
1.95724201202,0.36587890625
1.9583170414,0.447421875
1.95936894417,0.537021484375
1.9604101181,0.58169921875
1.96146607399,0.589755859375
1.96251106262,0.522373046875
1.96355605125,0.4737890625
1.96460413933,0.475498046875
1.96564698219,0.4698828125
1.96670794487,0.394443359375
1.96775698662,0.268955078125
1.96879911423,0.31265625
1.96984696388,0.36783203125
1.97093701363,0.42056640625
1.97199010849,0.43619140625
1.97303509712,0.4405859375
1.97408008575,0.446689453125
1.97514009476,0.44693359375
1.97618198395,0.4191015625
1.97722911835,0.39810546875
1.97827005386,0.404453125
1.97931909561,0.4366796875
1.98036694527,0.429111328125
1.98146009445,0.390048828125
1.98250794411,0.40640625
1.98355007172,0.433505859375
1.98459815979,0.419833984375
1.98564100266,0.44888671875
1.98668193817,0.4483984375
1.98773002625,0.439365234375
1.98877215385,0.410068359375
1.98981714249,0.4073828125
1.9909119606,0.418369140625
1.99196505547,0.420078125
1.99301099777,0.410556640625
1.99405217171,0.395419921875
1.99510216713,0.37564453125
1.99614596367,0.368564453125
1.99719214439,0.40005859375
1.99825310707,0.449619140625
1.99929594994,0.4718359375
2.00034499168,0.489169921875
2.00144100189,0.49234375
2.00249004364,0.474521484375
2.00353598595,0.449619140625
2.00458097458,0.407626953125
2.00562906265,0.422275390625
2.00666999817,0.430087890625
2.00771999359,0.420810546875
2.00876402855,0.409580078125
2.00980401039,0.41373046875
2.01085615158,0.4191015625
2.01195311546,0.418857421875
2.01300001144,0.429599609375
2.01404094696,0.4347265625
2.01510596275,0.431064453125
2.01614904404,0.419345703125
2.01719307899,0.43521484375
2.0182390213,0.44107421875
2.01928496361,0.44546875
2.02033209801,0.438388671875
2.02142715454,0.457431640625
2.02246904373,0.465244140625
2.0235080719,0.457431640625
2.02454400063,0.46353515625
2.02558517456,0.4620703125
2.02662396431,0.449375
2.02765703201,0.43033203125
2.02869510651,0.412509765625
2.02973508835,0.40982421875
2.03077912331,0.41568359375
2.03183102608,0.426669921875
2.03287911415,0.42984375
2.03392004967,0.42642578125
2.03496813774,0.425693359375
2.03600907326,0.437900390625
2.0370490551,0.44693359375
2.03810811043,0.47818359375
2.03915095329,0.468173828125
2.04019594193,0.495029296875
2.04124498367,0.466220703125
2.04228496552,0.493076171875
2.04332900047,0.491611328125
2.04437398911,0.491611328125
2.04541516304,0.471103515625
2.04645895958,0.475009765625
2.0475051403,0.463779296875
2.04854512215,0.433505859375
2.0495929718,0.394443359375
2.05063509941,0.395419921875
2.0516769886,0.400302734375
2.05272507668,0.40396484375
2.05376505852,0.404208984375
2.05480909348,0.417880859375
2.05585813522,0.43326171875
2.05689907074,0.45474609375
2.05794596672,0.470859375
2.05901813507,0.48404296875
2.06006503105,0.490390625
2.06111502647,0.496005859375
2.06216311455,0.475009765625
2.06322813034,0.478916015625
2.06427001953,0.4562109375
2.06531310081,0.45083984375
2.06636095047,0.458408203125
2.0674021244,0.444736328125
2.06844615936,0.431796875
2.06949210167,0.406650390625
2.07053399086,0.41470703125
2.07158613205,0.393955078125
2.0726339817,0.3898046875
2.07367610931,0.388828125
2.07472515106,0.38833984375
2.0757689476,0.406650390625
2.07681512833,0.4132421875
2.07786297798,0.419833984375
2.07891106606,0.43130859375
2.07995700836,0.444736328125
2.08101010323,0.447666015625
2.08205294609,0.435703125
2.08310103416,0.464755859375
2.08414316177,0.459384765625
2.08518815041,0.474033203125
2.08625006676,0.46744140625
2.08729195595,0.481357421875
2.0883409977,0.4659765625
2.08938503265,0.45865234375
2.09042716026,0.465732421875
2.09148406982,0.45767578125
2.09252595901,0.47525390625
2.09357404709,0.471103515625
2.09463405609,0.474521484375
2.09567499161,0.481357421875
2.09672403336,0.487216796875
2.09776711464,0.48306640625
2.09881210327,0.476962890625
2.09994196892,0.464267578125
2.10100197792,0.445712890625
2.10204410553,0.429111328125
2.10310602188,0.407138671875
2.10414600372,0.41275390625
2.10519194603,0.395908203125
2.10623812675,0.391025390625
2.10728311539,0.393466796875
2.10832810402,0.396640625
2.10937595367,0.418369140625
2.11041712761,0.422275390625
2.11147093773,0.4386328125
2.11251211166,0.449130859375
2.11355400085,0.465
2.11459994316,0.4718359375
2.11564207077,0.478916015625
2.1166870594,0.502841796875
2.11773514748,0.529208984375
2.11878705025,0.5275
2.11983203888,0.46255859375
2.12093400955,0.400546875
2.12198615074,0.397861328125
2.12302708626,0.408359375
2.12407016754,0.3937109375
2.12511610985,0.390537109375
2.12616205215,0.43423828125
2.12722611427,0.446201171875
2.12826704979,0.44986328125
2.12931013107,0.425693359375
2.13035798073,0.42740234375
2.13144993782,0.43033203125
2.13249897957,0.414462890625
2.13353800774,0.39859375
2.13459801674,0.400546875
2.1356420517,0.412265625
2.13668513298,0.419345703125
2.13773202896,0.422763671875
2.1387720108,0.433017578125
2.13981795311,0.445224609375
2.14086508751,0.44986328125
2.14196395874,0.443515625
2.14300894737,0.43765625
2.14404916763,0.435458984375
2.14509510994,0.432529296875
2.14613413811,0.38931640625
2.14717411995,0.404697265625
2.1482219696,0.434482421875
2.14926505089,0.421787109375
2.1503059864,0.4444921875
2.15140008926,0.428623046875
2.15244603157,0.4542578125
2.15349197388,0.424228515625
2.15453195572,0.387607421875
2.15557599068,0.404453125
2.1566221714,0.436923828125
2.15766310692,0.4327734375
2.1587240696,0.42203125
2.15976715088,0.409091796875
2.16081094742,0.40201171875
2.16190195084,0.414462890625
2.16294813156,0.43130859375
2.16399502754,0.40396484375
2.16503405571,0.447421875
2.16607904434,0.476962890625
2.16713500023,0.457919921875
2.16817617416,0.33951171875
2.16922307014,0.263828125
2.1702671051,0.40640625
2.17131495476,0.52994140625
2.17236304283,0.473544921875
2.17340707779,0.343662109375
2.17445206642,0.44986328125
2.1755001545,0.482578125
2.17653894424,0.414462890625
2.1775841713,0.38931640625
2.17862915993,0.428134765625
2.17966914177,0.424228515625
2.18071508408,0.35708984375
2.18176007271,0.351474609375
2.18280315399,0.40591796875
2.18385004997,0.4523046875
2.18489098549,0.4366796875
2.18593406677,0.428623046875
2.18698096275,0.39517578125
2.18802309036,0.3878515625
2.18906617165,0.390537109375
2.19012308121,0.42203125
2.19128704071,0.40787109375
2.1923429966,0.384189453125
2.19338798523,0.403720703125
2.19443011284,0.421787109375
2.19547700882,0.458408203125
2.1965200901,0.43716796875
2.19756698608,0.37515625
2.19862604141,0.3702734375
2.19966697693,0.410556640625
2.20071601868,0.402744140625
2.20176315308,0.3478125
2.20280408859,0.348544921875
2.20384907722,0.399326171875
2.20489215851,0.412509765625
2.20593500137,0.4025
2.2069849968,0.395419921875
2.2080309391,0.406650390625
2.20907711983,0.39224609375
2.21012496948,0.407626953125
2.21116709709,0.42154296875
2.21221494675,0.429111328125
2.21325707436,0.386142578125
2.21429800987,0.354404296875
2.21534609795,0.377109375
2.21638607979,0.38541015625
2.21742510796,0.390537109375
2.21847200394,0.408115234375
2.21951699257,0.416416015625
2.22056102753,0.415439453125
2.22161006927,0.39419921875
2.22266411781,0.3722265625
2.22370910645,0.366611328125
2.2247531414,0.371494140625
2.22579312325,0.39615234375
2.22684216499,0.388583984375
2.22788405418,0.408359375
2.22892403603,0.3644140625
2.22996902466,0.32779296875
2.23101997375,0.346591796875
2.23206615448,0.4151953125
2.23311400414,0.448642578125
2.23415493965,0.400546875
2.23519897461,0.3233984375
2.23624396324,0.31998046875
2.23728513718,0.39859375
2.23833012581,0.408115234375
2.23937702179,0.415927734375
2.24041700363,0.400302734375
2.24147105217,0.377109375
2.24251103401,0.35123046875
2.24355316162,0.361728515625
2.24460196495,0.3839453125
2.24564409256,0.366611328125
2.2467019558,0.345859375
2.24774813652,0.35513671875
2.24879002571,0.4073828125
2.24983716011,0.391025390625
2.25093603134,0.357822265625
2.25198698044,0.356357421875
2.25303006172,0.371982421875
2.25416016579,0.36099609375
2.25522708893,0.364169921875
2.25626897812,0.421787109375
2.2573120594,0.38638671875
2.25835895538,0.328525390625
2.25940012932,0.3233984375
2.2604470253,0.348056640625
2.26150107384,0.3663671875
2.26254296303,0.37125
2.26358914375,0.37857421875
2.26463198662,0.35806640625
2.26567196846,0.350498046875
2.26671814919,0.36685546875
2.2677590847,0.383701171875
2.26880002022,0.37369140625
2.26984810829,0.386142578125
2.27094006538,0.353427734375
2.27199006081,0.3429296875
2.27303004265,0.3634375
2.27407598495,0.36978515625
2.27512216568,0.349033203125
2.27616214752,0.34537109375
2.27722907066,0.34146484375
2.27828097343,0.355380859375
2.27932596207,0.356357421875
2.28037405014,0.361484375
2.28146910667,0.3478125
2.28251099586,0.33755859375
2.2835521698,0.34634765625
2.28459811211,0.37271484375
2.28563714027,0.371494140625
2.28667902946,0.345126953125
2.28772711754,0.353671875
2.28876805305,0.3702734375
2.28981208801,0.3478125
2.29085898399,0.33560546875
2.29196500778,0.33853515625
2.29300904274,0.363193359375
2.29404997826,0.367587890625
2.29511213303,0.326083984375
2.29615616798,0.334873046875
2.29720616341,0.3448828125
2.29825305939,0.345126953125
2.2992939949,0.331455078125
2.30034303665,0.3253515625
2.30143713951,0.349521484375
2.30248713493,0.372470703125
2.30353307724,0.36587890625
2.30458307266,0.338779296875
2.30562901497,0.322666015625
2.30666995049,0.333408203125
2.30771708488,0.34537109375
2.30876207352,0.361728515625
2.30980110168,0.342197265625
2.31085109711,0.34244140625
2.31194710732,0.351474609375
2.3129940033,0.33365234375
2.31403398514,0.32779296875
2.31508016586,0.34341796875
2.31612801552,0.352451171875
2.31716895103,0.353671875
2.31823015213,0.334873046875
2.319272995,0.307529296875
2.32031917572,0.303623046875
2.32141399384,0.232578125
2.32246303558,0.034580078125
2.32350707054,-0.075283203125
2.32454800606,-0.030361328125
2.32559514046,0.075595703125
2.32665109634,0.114658203125
2.32769703865,0.227939453125
2.32874417305,0.391513671875
2.32978606224,0.522373046875
2.33083200455,0.58658203125
2.33192515373,0.608798828125
2.33297204971,0.53873046875
2.33401703835,0.362216796875
2.33507514,0.253330078125
2.33612203598,0.21548828125
2.33716201782,0.230380859375
2.33820700645,0.281650390625
2.33925414085,0.300693359375
2.34029507637,0.276279296875
2.34134411812,0.280185546875
2.34239196777,0.35171875
2.3434381485,0.38931640625
2.34448599815,0.360263671875
2.34553003311,0.341220703125
2.34657716751,0.326572265625
2.34762406349,0.31802734375
2.34866499901,0.304599609375
2.34971213341,0.3273046875
2.35076808929,0.3722265625
2.35181593895,0.31216796875
2.3528649807,0.291416015625
2.35390615463,0.290927734375
2.35495114326,0.326083984375
2.35599708557,0.338779296875
2.35703706741,0.28482421875
2.35808300972,0.2921484375
2.35914111137,0.324130859375
2.36021614075,0.35806640625
2.36126494408,0.369296875
2.36230897903,0.3624609375
2.36335515976,0.345126953125
2.36439704895,0.3077734375
2.36544108391,0.286044921875
2.36648797989,0.26138671875
2.36753106117,0.248203125
2.3685760498,0.250888671875
2.36962509155,0.30923828125
2.37066602707,0.300693359375
2.37171697617,0.299716796875
2.3727581501,0.279208984375
2.37380003929,0.311435546875
2.37484908104,0.35220703125
2.37589001656,0.32681640625
2.37693595886,0.303623046875
2.37798309326,0.279697265625
2.37902498245,0.330478515625
2.38006997108,0.3214453125
2.38111996651,0.277255859375
2.38216209412,0.27798828125
2.38322615623,0.3165625
2.38426709175,0.302890625
2.38531208038,0.244541015625
2.38635897636,0.242587890625
2.38740515709,0.285068359375
2.3884510994,0.291171875
2.38950014114,0.267001953125
2.39054298401,0.263095703125
2.39159607887,0.29458984375
2.3926410675,0.330478515625
2.39368605614,0.3292578125
2.39473199844,0.32193359375
2.39577198029,0.266025390625
2.39681696892,0.272373046875
2.39786505699,0.291416015625
2.39890813828,0.30630859375
2.39995598793,0.3165625
2.40100908279,0.310703125
2.40205216408,0.283603515625
2.40310096741,0.278720703125
2.40414094925,0.28140625
2.40518593788,0.306796875
2.40624713898,0.29068359375
2.4073600769,0.246982421875
2.40840911865,0.229404296875
2.40945410728,0.24625
2.41050195694,0.280185546875
2.41154503822,0.2804296875
2.41259407997,0.283115234375
2.41363501549,0.301669921875
2.41467809677,0.320712890625
2.41572499275,0.3077734375
2.41676616669,0.279453125
2.41781115532,0.29849609375
2.41885900497,0.311435546875
2.41990399361,0.314853515625
2.42095708847,0.273837890625
2.42200493813,0.238193359375
2.42304801941,0.241123046875
2.42409706116,0.236728515625
2.42513895035,0.23990234375
2.42618608475,0.251865234375
2.42723298073,0.284091796875
2.42827415466,0.3097265625
2.4293191433,0.30533203125
2.43036794662,0.306796875
2.43146896362,0.302890625
2.43251299858,0.290927734375
2.43355298042,0.26919921875
2.43460202217,0.27310546875
2.43564200401,0.283603515625
2.43668603897,0.30728515625
2.43773412704,0.2853125
2.43878412247,0.28580078125
2.43983006477,0.27408203125
2.44092416763,0.2540625
2.4419760704,0.25552734375
2.44301795959,0.258212890625
2.44406199455,0.247470703125
2.44510912895,0.243076171875
2.44616007805,0.250888671875
2.4472219944,0.25650390625
2.44826316833,0.25796875
2.44930315018,0.265537109375
2.45035099983,0.252109375
2.45144200325,0.3292578125
2.45248913765,0.323154296875
2.45352911949,0.093173828125
2.45458912849,0.18814453125
2.45563316345,0.32876953125
2.45667409897,0.324130859375
2.45772099495,0.183017578125
2.45876407623,0.266513671875
2.45980811119,0.41373046875
2.46092700958,0.10318359375
2.46197915077,0.22623046875
2.46302294731,0.389560546875
2.46406912804,0.2804296875
2.46511507034,0.080478515625
2.46615505219,0.147861328125
2.46720004082,0.374912109375
2.46824598312,0.360751953125
2.46928596497,0.196201171875
2.47033214569,0.19498046875
2.47142696381,0.32779296875
2.47247600555,0.33267578125
2.47351813316,0.2120703125
2.47456216812,0.213779296875
2.47561097145,0.272373046875
2.47664809227,0.227939453125
2.47769594193,0.165439453125
2.47875595093,0.262119140625
2.47979807854,0.299716796875
2.48084616661,0.217685546875
2.4819419384,0.30728515625
2.4829890728,0.401767578125
2.48402905464,0.263828125
2.48507595062,0.1759375
2.48613500595,0.253818359375
2.48717713356,0.3155859375
2.48822498322,0.204013671875
2.48926615715,0.16275390625
2.49031209946,0.22623046875
2.49140715599,0.27994140625
2.49245595932,0.2726171875
2.49350309372,0.21060546875
2.49454498291,0.26138671875
2.49559307098,0.28775390625
2.49663996696,0.266513671875
2.49768400192,0.248203125
2.49873113632,0.25064453125
2.49977207184,0.241123046875
2.50081706047,0.247958984375
2.501912117,0.2706640625
2.5029630661,0.27310546875
2.50400614738,0.286044921875
2.5050470829,0.296787109375
2.50609707832,0.267001953125
2.50713896751,0.231357421875
2.50818395615,0.243076171875
2.50923204422,0.26724609375
2.51028704643,0.255771484375
2.51133704185,0.234287109375
2.51238107681,0.243076171875
2.51342201233,0.238193359375
2.5144701004,0.238193359375
2.51551508904,0.251865234375
2.51656103134,0.278720703125
2.51760816574,0.29947265625
2.51866102219,0.253330078125
2.51970911026,0.2384375
2.52075409889,0.23697265625
2.52179694176,0.21939453125
2.52284598351,0.2218359375
2.52388811111,0.244052734375
2.52493309975,0.241611328125
2.5259809494,0.256015625
2.52702307701,0.27994140625
2.52807211876,0.283603515625
2.52911996841,0.272373046875
2.53016114235,0.256748046875
2.53121113777,0.254794921875
2.53226804733,0.24087890625
2.53331398964,0.241611328125
2.53436303139,0.243076171875
2.53540301323,0.24673828125
2.53645014763,0.21646484375
2.53749895096,0.236728515625
2.53854107857,0.2257421875
2.53958916664,0.201572265625
2.54063105583,0.224521484375
2.54167604446,0.24478515625
2.54273796082,0.271640625
2.54378008842,0.267978515625
2.54482507706,0.2394140625
2.54587316513,0.258212890625
2.54691410065,0.27701171875
2.54796099663,0.2667578125
2.54900407791,0.241123046875
2.5500459671,0.238681640625
2.55111217499,0.24234375
2.5521531105,0.22330078125
2.55320096016,0.215732421875
2.55424809456,0.21646484375
2.55528998375,0.218173828125
2.55633711815,0.242587890625
2.55738115311,0.237216796875
2.55842208862,0.266513671875
2.55947113037,0.288486328125
2.56057095528,0.271396484375
2.56165409088,0.247470703125
2.56270194054,0.258701171875
2.56374812126,0.23599609375
2.56478595734,0.241123046875
2.56582999229,0.253818359375
2.56687712669,0.239658203125
2.56793212891,0.23990234375
2.56898212433,0.2413671875
2.57002997398,0.219150390625
2.57107901573,0.21451171875
2.57212710381,0.238193359375
2.57316994667,0.26333984375
2.57423114777,0.243564453125
2.57528114319,0.220615234375
2.57632803917,0.257236328125
2.57737708092,0.2648046875
2.5784201622,0.27603515625
2.57946896553,0.233310546875
2.58051300049,0.249423828125
2.58156204224,0.253330078125
2.58262395859,0.25552734375
2.5836660862,0.247470703125
2.58471608162,0.275302734375
2.58575701714,0.2081640625
2.58680009842,0.18375
2.58784914017,0.213291015625
2.58889102936,0.2394140625
2.58993816376,0.24087890625
2.59099602699,0.24869140625
2.59204101562,0.24673828125
2.59309911728,0.250400390625
2.59414196014,0.241123046875
2.59518814087,0.249423828125
2.5962369442,0.248203125
2.59727907181,0.264072265625
2.59832715988,0.2667578125
2.59937596321,0.23453125
2.60041809082,0.243076171875
2.60147595406,0.246005859375
2.60251998901,0.22134765625
2.60356807709,0.22818359375
2.60461711884,0.244296875
2.60565900803,0.256259765625
2.60672307014,0.222568359375
2.60776615143,0.200595703125
2.60881304741,0.2452734375
2.60986113548,0.283115234375
2.61099910736,0.221103515625
2.61204504967,0.19791015625
2.61309409142,0.2530859375
2.61414909363,0.2775
2.6152150631,0.261630859375
2.61625814438,0.23111328125
2.61730194092,0.240146484375
2.61835098267,0.2784765625
2.61939406395,0.26724609375
2.62044000626,0.25015625
2.62149596214,0.208896484375
2.6225399971,0.215
2.62358999252,0.244541015625
2.62463307381,0.229404296875
2.62567615509,0.229892578125
2.62672615051,0.25162109375
2.6277680397,0.23111328125
2.62881398201,0.27310546875
2.62986207008,0.293125
2.63095808029,0.2355078125
2.63200497627,0.2237890625
2.63304615021,0.256259765625
2.63409495354,0.212314453125
2.63513803482,0.167392578125
2.63618516922,0.229892578125
2.63723301888,0.259189453125
2.63828396797,0.244296875
2.63933610916,0.191806640625
2.64038014412,0.226474609375
2.64143204689,0.2540625
2.64248108864,0.260166015625
2.64352416992,0.24234375
2.6445710659,0.24625
2.64561796188,0.2296484375
2.64666795731,0.2159765625
2.64771699905,0.2120703125
2.64875912666,0.220126953125
2.64980006218,0.233310546875
2.6508500576,0.256015625
2.65194916725,0.2608984375
2.65299797058,0.2384375
2.65404009819,0.208408203125
2.65510296822,0.214267578125
2.6561460495,0.23599609375
2.65719294548,0.244541015625
2.65824198723,0.199375
2.65928316116,0.2042578125
2.66033315659,0.252841796875
2.66142606735,0.22916015625
2.66250300407,0.219638671875
2.66354608536,0.2540625
2.66459512711,0.234287109375
2.66563606262,0.216953125
2.66668200493,0.1866796875
2.667730093,0.207431640625
2.66877198219,0.22818359375
2.66981911659,0.21255859375
2.6709151268,0.22330078125
2.67197012901,0.268466796875
2.67301106453,0.25455078125
2.67405796051,0.205478515625
2.67510414124,0.1905859375
2.67614507675,0.238193359375
2.67719006538,0.25259765625
2.67825198174,0.21255859375
2.67929506302,0.18375
2.68034100533,0.244541015625
2.68143296242,0.25357421875
2.68248200417,0.190341796875
2.68352198601,0.190341796875
2.68457102776,0.243076171875
2.68561911583,0.237705078125
2.68666315079,0.23599609375
2.68771004677,0.21255859375
2.68875408173,0.19205078125
2.68979597092,0.22671875
2.69084405899,0.243076171875
2.69194102287,0.22427734375
2.6929910183,0.2237890625
2.69403409958,0.24966796875
2.69509911537,0.2355078125
2.69614100456,0.2023046875
2.69718909264,0.1983984375
2.69823813438,0.223544921875
2.69928097725,0.262119140625
2.70033216476,0.2335546875
2.70142602921,0.232578125
2.70247817039,0.27115234375
2.70352101326,0.209873046875
2.70456910133,0.187900390625
2.70561909676,0.2901953125
2.70666098595,0.22818359375
2.70771002769,0.154453125
2.70875716209,0.131748046875
2.70979809761,0.240634765625
2.71084904671,0.22330078125
2.71194911003,0.22134765625
2.71300005913,0.230380859375
2.71404314041,0.219150390625
2.71509194374,0.232822265625
2.71620798111,0.252109375
2.71725702286,0.21744140625
2.71830105782,0.20474609375
2.71935105324,0.20962890625
2.7203950882,0.219150390625
2.72145009041,0.17056640625
2.72249913216,0.19107421875
2.72354316711,0.226962890625
2.72459101677,0.20376953125
2.72563695908,0.203037109375
2.72669816017,0.228671875
2.7277469635,0.256015625
2.72878909111,0.2550390625
2.72983694077,0.244296875
2.73092794418,0.21158203125
2.7319829464,0.19107421875
2.73302602768,0.18033203125
2.73407196999,0.162265625
2.73513197899,0.181552734375
2.73617506027,0.20279296875
2.73722410202,0.2540625
2.73826694489,0.250400390625
2.73931407928,0.2472265625
2.74036216736,0.203037109375
2.74145698547,0.220126953125
2.74250411987,0.231357421875
2.74354505539,0.1925390625
2.74459409714,0.181064453125
2.74563694,0.1983984375
2.74668312073,0.193515625
2.74773097038,0.17544921875
2.74877810478,0.17984375
2.74982404709,0.208408203125
2.75091910362,0.223544921875
2.75197315216,0.202060546875
2.75301408768,0.1925390625
2.75406002998,0.180576171875
2.75510811806,0.187900390625
2.75615310669,0.19205078125
2.757199049,0.198154296875
2.75826001167,0.187900390625
2.75930809975,0.21158203125
2.7603559494,0.18765625
2.7614531517,0.17935546875
2.76250195503,0.180087890625
2.76357507706,0.193759765625
2.76462197304,0.209873046875
2.76566505432,0.210849609375
2.76672816277,0.208408203125
2.76777005196,0.204990234375
2.76881694794,0.210361328125
2.76986503601,0.197666015625
2.77095794678,0.188388671875
2.77200317383,0.197177734375
2.77304506302,0.200107421875
2.77410411835,0.205478515625
2.7751531601,0.2228125
2.77620100975,0.20865234375
2.7772500515,0.18716796875
2.77829408646,0.2003515625
2.77934408188,0.180087890625
2.78038597107,0.1749609375
2.78143906593,0.17349609375
2.78248906136,0.176181640625
2.78353095055,0.17984375
2.78458094597,0.184970703125
2.78562617302,0.19302734375
2.78666806221,0.193759765625
2.78771710396,0.18423828125
2.78877615929,0.186435546875
2.78982615471,0.2003515625
2.79092311859,0.2062109375
2.79197597504,0.207431640625
2.79301810265,0.1915625
2.79406309128,0.1905859375
2.79511094093,0.1964453125
2.79615306854,0.169345703125
2.79719805717,0.18326171875
2.79825901985,0.165439453125
2.79929995537,0.181552734375
2.80034899712,0.18912109375
2.80144309998,0.188876953125
2.8024930954,0.18228515625
2.80353403091,0.20083984375
2.80458307266,0.205478515625
2.80562615395,0.196201171875
2.80666995049,0.193271484375
2.80771899223,0.1905859375
2.80876207352,0.17642578125
2.80980801582,0.163974609375
2.8108561039,0.164951171875
2.81195116043,0.154453125
2.81299710274,0.2003515625
2.81403899193,0.19986328125
2.8151011467,0.194736328125
2.81614208221,0.19693359375
2.81718707085,0.1866796875
2.81823515892,0.206455078125
2.81927609444,0.202060546875
2.82032203674,0.201328125
2.82141304016,0.18814453125
2.82245612144,0.180087890625
2.82349300385,0.17056640625
2.8245279789,0.1671484375
2.82556605339,0.1437109375
2.82660603523,0.15201171875
2.82764005661,0.201083984375
2.82867693901,0.19498046875
2.82971715927,0.2218359375
2.83076500893,0.228427734375
2.83181715012,0.1905859375
2.83286595345,0.169833984375
2.83390712738,0.17740234375
2.83495616913,0.182529296875
2.83600211143,0.15640625
2.83704400063,0.1603125
2.8381049633,0.149326171875
2.83915114403,0.139072265625
2.84019494057,0.172763671875
2.84124612808,0.195712890625
2.8422870636,0.190341796875
2.84333705902,0.212314453125
2.8443801403,0.20474609375
2.84542417526,0.195712890625
2.84647417068,0.170810546875
2.84751701355,0.177158203125
2.84856510162,0.185458984375
2.84961295128,0.18033203125
2.85065603256,0.16666015625
2.85170817375,0.146640625
2.85275197029,0.140537109375
2.85379505157,0.138828125
2.85484695435,0.18423828125
2.85589003563,0.177890625
2.8569381237,0.191806640625
2.85798811913,0.185458984375
2.85902905464,0.197666015625
2.86007595062,0.181064453125
2.86112713814,0.1788671875
2.8621711731,0.172275390625
2.86323404312,0.176181640625
2.86430716515,0.168369140625
2.86535596848,0.1671484375
2.86639904976,0.164951171875
2.86744713783,0.176669921875
2.86849713326,0.186923828125
2.86953806877,0.183505859375
2.87066507339,0.177158203125
2.87172412872,0.16568359375
2.87276697159,0.16421875
2.87381315231,0.166416015625
2.87486004829,0.166416015625
2.87590193748,0.154208984375
2.87694907188,0.17544921875
2.87799501419,0.18912109375
2.87904000282,0.18765625
2.88008713722,0.193271484375
2.88113117218,0.18033203125
2.8821721077,0.16080078125
2.88321900368,0.153720703125
2.88437414169,0.168125
2.88542199135,0.154208984375
2.88647294044,0.177890625
2.88752198219,0.191806640625
2.88863301277,0.174716796875
2.88967394829,0.16177734375
2.89072394371,0.1759375
2.89176797867,0.17935546875
2.89281415939,0.162998046875
2.89386105537,0.1769140625
2.89490509033,0.185458984375
2.89595103264,0.194248046875
2.89700007439,0.15591796875
2.8980410099,0.16421875
2.89909005165,0.144931640625
2.90013504028,0.146884765625
2.90118503571,0.155185546875
2.90224599838,0.174228515625
2.90329003334,0.194248046875
2.90433812141,0.19107421875
2.9053800106,0.168369140625
2.90642309189,0.15298828125
2.90747308731,0.156650390625
2.90851402283,0.155673828125
2.90955996513,0.1593359375
2.91062116623,0.1612890625
2.91166615486,0.165439453125
2.91271400452,0.16421875
2.91376113892,0.1651953125
2.91480612755,0.161044921875
2.9158551693,0.170810546875
2.91690611839,0.19546875
2.91795516014,0.183994140625
2.91900110245,0.153720703125
2.92004394531,0.17740234375
2.92109704018,0.157626953125
2.92214107513,0.160556640625
2.92318701744,0.1534765625
2.92423510551,0.1554296875
2.92527604103,0.17056640625
2.9263241291,0.1788671875
2.92737317085,0.175693359375
2.92841410637,0.168369140625
2.92946195602,0.161044921875
2.93050503731,0.1671484375
2.93154907227,0.170322265625
2.93259716034,0.15494140625
2.93363714218,0.151767578125
2.93469500542,0.172763671875
2.93574309349,0.19791015625
2.93678402901,0.182529296875
2.93783211708,0.144931640625
2.93887615204,0.14615234375
2.93991494179,0.157138671875
2.94096803665,0.18130859375
2.94201111794,0.16421875
2.94306898117,0.154208984375
2.9441151619,0.199619140625
2.94515705109,0.182529296875
2.94620108604,0.14615234375
2.94724798203,0.146396484375
2.94828915596,0.16763671875
2.94933700562,0.170322265625
2.95039105415,0.159091796875
2.95146894455,0.1495703125
2.95252799988,0.149326171875
2.95361113548,0.1437109375
2.95465803146,0.131015625
2.95570802689,0.135654296875
2.95675110817,0.166904296875
2.95779299736,0.195224609375
2.95884394646,0.189365234375
2.95988607407,0.182041015625
2.96093916893,0.166416015625
2.96198701859,0.18130859375
2.9630279541,0.17544921875
2.96412205696,0.16373046875
2.96516513824,0.175205078125
2.9662270546,0.16080078125
2.96727705002,0.112705078125
2.968323946,0.088779296875
2.96937203407,0.120517578125
2.97041416168,0.17203125
2.97146296501,0.179599609375
2.97250795364,0.180576171875
2.97355413437,0.19595703125
2.97461414337,0.200107421875
2.97565603256,0.158115234375
2.97670507431,0.15982421875
2.97774910927,0.16275390625
2.97879195213,0.145908203125
2.97984099388,0.16080078125
2.98095703125,0.198154296875
2.98200416565,0.14126953125
2.98304915428,0.134921875
2.98409700394,0.146640625
2.98513793945,0.14126953125
2.9861831665,0.12369140625
2.98723101616,0.169345703125
2.98827409744,0.171298828125
2.98932409286,0.158359375
2.99037313461,0.11978515625
2.99147105217,0.11001953125
2.99251294136,0.13296875
2.99355816841,0.159091796875
2.99460601807,0.170322265625
2.99565005302,0.1593359375
2.99669909477,0.165439453125
2.99774694443,0.153720703125
2.99879002571,0.160556640625
2.99983906746,0.14517578125
