time (sec), y-accel
0.000324964523315,-0.00015625
0.00144410133362,0.002529296875
0.00249695777893,0.00326171875
0.00354409217834,-0.004794921875
0.00459098815918,-0.002109375
0.00563406944275,0.005458984375
0.00668096542358,0.001796875
0.0077269077301,-0.002353515625
0.00876998901367,-0.002353515625
0.00981712341309,0.000576171875
0.0109379291534,0.001552734375
0.0119860172272,8.7890625e-05
0.0130369663239,-0.00015625
0.0140891075134,0.0008203125
0.0151360034943,0.00130859375
0.0161828994751,0.00228515625
0.0172309875488,-0.00064453125
0.0182709693909,0.003017578125
0.0193231105804,0.003994140625
0.0204169750214,0.002529296875
0.021467924118,0.003505859375
0.0225129127502,-0.00064453125
0.023561000824,-0.006015625
0.0246090888977,-0.002109375
0.0256540775299,-0.0030859375
0.0267019271851,0.000576171875
0.0277469158173,0.002041015625
0.0287909507751,-0.006259765625
0.0298390388489,-0.001865234375
0.0309300422668,0.000576171875
0.0319709777832,8.7890625e-05
0.0330100059509,8.7890625e-05
0.0340540409088,8.7890625e-05
0.035099029541,-0.00162109375
0.0361349582672,0.001552734375
0.0371739864349,0.0047265625
0.0382130146027,-0.00015625
0.0392510890961,-0.000400390625
0.0402939319611,0.0008203125
0.0413451194763,-0.00064453125
0.0423901081085,0.00228515625
0.0434350967407,-0.0011328125
0.0444819927216,-0.002109375
0.0455269813538,-0.002109375
0.0465750694275,-0.00015625
0.0476191043854,0.002529296875
0.0486600399017,0.004482421875
0.0497059822083,-0.00064453125
0.0507531166077,-0.000400390625
0.0517981052399,0.003505859375
0.0528440475464,0.00033203125
0.0538840293884,0.002529296875
0.0549290180206,0.00375
0.0559749603271,0.00033203125
0.0570180416107,-0.001376953125
0.0580630302429,8.7890625e-05
0.0591139793396,0.004482421875
0.0601589679718,0.003017578125
0.0612070560455,0.0008203125
0.0622520446777,0.00130859375
0.063304901123,-0.00015625
0.0643501281738,-0.000400390625
0.0653929710388,0.00130859375
0.0664389133453,-0.004306640625
0.0674860477448,-0.00015625
0.0685300827026,0.004482421875
0.0695769786835,0.004970703125
0.07062292099,0.000576171875
0.0716660022736,0.001796875
0.0727140903473,0.00033203125
0.0737581253052,-0.0011328125
0.0748059749603,0.001796875
0.0758519172668,0.00326171875
0.0768949985504,0.004482421875
0.0779421329498,0.003994140625
0.078987121582,0.00375
0.0800340175629,0.0008203125
0.0810809135437,0.0047265625
0.0821249485016,0.0047265625
0.0831689834595,0.0008203125
0.084214925766,-0.001376953125
0.0852580070496,0.000576171875
0.0863029956818,-0.0011328125
0.0873501300812,0.00375
0.0883939266205,0.00326171875
0.0894401073456,8.7890625e-05
0.0905010700226,-0.00259765625
0.0915460586548,0.00033203125
0.0925929546356,-0.00162109375
0.0936379432678,-0.00259765625
0.0946860313416,0.004482421875
0.0957350730896,0.00228515625
0.0967791080475,0.0047265625
0.0978269577026,0.00375
0.0988740921021,-0.000888671875
0.0999710559845,0.002529296875
0.101021051407,0.004970703125
0.102066993713,0.002041015625
0.103114128113,0.00521484375
0.104157924652,0.0027734375
0.105205059052,0.003505859375
0.106251001358,-0.003330078125
0.107294082642,-0.000400390625
0.108340024948,0.0027734375
0.109383106232,-0.000400390625
0.110435962677,-0.002353515625
0.111481904984,-0.004306640625
0.112524032593,0.003505859375
0.113569021225,8.7890625e-05
0.114618062973,-0.00357421875
0.115662097931,-0.001865234375
0.116708040237,0.00521484375
0.117753982544,0.001064453125
0.11879992485,-0.00455078125
0.119848966599,-0.00357421875
0.120947122574,0.003994140625
0.121992111206,0.004482421875
0.123035907745,0.00326171875
0.12408208847,0.0008203125
0.125127077103,-0.00015625
0.126172065735,0.00375
0.127218961716,0.001064453125
0.128261089325,-0.00357421875
0.129306077957,-0.00162109375
0.130398988724,0.00033203125
0.131448030472,0.00228515625
0.132493019104,0.00326171875
0.133534908295,0.00228515625
0.134580135345,-0.0030859375
0.135626077652,0.005947265625
0.13667011261,0.00228515625
0.137715101242,0.00130859375
0.138757944107,-0.003330078125
0.139801979065,0.001064453125
0.14089512825,0.003994140625
0.141942977905,0.0066796875
0.142991065979,0.004482421875
0.144165992737,0.007412109375
0.145250082016,0.0008203125
0.146297931671,-0.000888671875
0.147349119186,-0.00064453125
0.148392915726,0.000576171875
0.149439096451,0.0027734375
0.150495052338,0.001064453125
0.151538133621,0.00033203125
0.152585029602,-0.001865234375
0.153630018234,0.001796875
0.154675006866,0.001064453125
0.155721902847,-0.00259765625
0.156769990921,-0.00064453125
0.157814979553,-0.000400390625
0.15886092186,-0.000888671875
0.159954071045,-0.000888671875
0.161003112793,8.7890625e-05
0.162053108215,0.00814453125
0.16310095787,-0.000888671875
0.164144992828,-0.003818359375
0.165190935135,-0.001376953125
0.166239023209,0.004482421875
0.167283058167,-0.004794921875
0.168330907822,-0.00357421875
0.169376134872,0.001796875
0.170471906662,-0.0011328125
0.171517133713,0.0027734375
0.172563076019,-0.002109375
0.173609972,-0.006259765625
0.174654006958,0.003017578125
0.175700902939,0.00326171875
0.17674612999,0.000576171875
0.177789926529,0.001552734375
0.178838014603,-0.000400390625
0.179929018021,0.002529296875
0.180982112885,-0.001376953125
0.182025909424,0.00228515625
0.183073997498,0.001064453125
0.184121131897,0.0008203125
0.185164928436,0.005703125
0.18621301651,0.00716796875
0.187258005142,-0.001865234375
0.188302993774,-0.00357421875
0.189350128174,-0.00162109375
0.190447092056,0.0008203125
0.191497087479,0.0027734375
0.192543029785,0.003017578125
0.193591117859,0.00619140625
0.194634914398,0.00228515625
0.195682048798,0.00228515625
0.196727991104,0.001064453125
0.197772026062,0.00326171875
0.198818922043,-0.00259765625
0.199865102768,-0.00162109375
0.200963973999,0.001064453125
0.202009916306,0.002041015625
0.203057050705,0.001552734375
0.204103946686,0.003017578125
0.205148935318,0.003017578125
0.206197023392,0.00033203125
0.207243919373,0.00716796875
0.208287000656,0.001796875
0.20933508873,0.000576171875
0.210429906845,8.7890625e-05
0.211483955383,0.00033203125
0.212528944016,0.001064453125
0.213577032089,-0.00064453125
0.214622974396,0.0027734375
0.215667009354,0.001552734375
0.216715097427,0.002529296875
0.217757940292,0.00033203125
0.218806028366,0.002529296875
0.21985411644,0.00033203125
0.220953941345,0.00326171875
0.222002029419,0.005458984375
0.223047971725,0.004970703125
0.224096059799,0.00130859375
0.225145101547,0.00228515625
0.226191043854,0.00765625
0.227239131927,0.00375
0.228282928467,0.003994140625
0.229331016541,-0.001376953125
0.230427026749,8.7890625e-05
0.231481075287,0.0027734375
0.232527017593,0.001796875
0.233573913574,0.003017578125
0.234621047974,0.005703125
0.235666036606,-0.000400390625
0.23671412468,-0.006259765625
0.237759113312,-0.001865234375
0.238804101944,0.000576171875
0.23985004425,-0.000400390625
0.240943908691,-0.002109375
0.241991996765,0.0027734375
0.243036031723,-0.00064453125
0.244082927704,-0.0040625
0.245129108429,-0.00162109375
0.246201038361,0.00033203125
0.247250080109,-0.00015625
0.248295068741,-0.001376953125
0.249342918396,0.007412109375
0.250437021255,-0.016025390625
0.251485109329,-0.001376953125
0.25252699852,-0.0040625
0.253574132919,0.0047265625
0.254619121552,0.003994140625
0.255662918091,0.001552734375
0.25671005249,0.004970703125
0.257755041122,8.7890625e-05
0.258806943893,0.001064453125
0.259855031967,0.002529296875
0.26095199585,0.001796875
0.261996984482,-0.00015625
0.263040065765,-0.00162109375
0.264087915421,0.00326171875
0.265131950378,0.003994140625
0.266175031662,0.0027734375
0.267221927643,-0.005283203125
0.268265962601,-0.00015625
0.269309997559,0.007900390625
0.270411014557,0.006435546875
0.271457910538,0.00423828125
0.272504091263,0.00326171875
0.273550033569,0.006435546875
0.274595975876,0.002529296875
0.275640010834,-0.001376953125
0.276684045792,0.00130859375
0.277730941772,0.006435546875
0.278773069382,0.004970703125
0.279820919037,0.004970703125
0.28090596199,0.002529296875
0.281944990158,-0.00748046875
0.282982110977,-0.0030859375
0.284016132355,-0.00259765625
0.285052061081,0.004970703125
0.286090135574,0.00423828125
0.287122964859,0.00326171875
0.288159132004,8.7890625e-05
0.28920006752,-0.000400390625
0.290242910385,-0.002109375
0.291377067566,0.001552734375
0.292431116104,-0.001376953125
0.293477058411,-0.003330078125
0.294519901276,-0.00162109375
0.295563936234,-0.00455078125
0.296607971191,-0.004794921875
0.297652006149,8.7890625e-05
0.298702001572,-0.000888671875
0.299746990204,-0.00015625
0.300791025162,-0.00259765625
0.301839113235,-0.0011328125
0.302880048752,0.00130859375
0.303923130035,-0.002841796875
0.304968118668,-0.000400390625
0.30600810051,8.7890625e-05
0.307058095932,-0.0011328125
0.308103084564,0.00375
0.309144973755,0.005947265625
0.310190916061,0.005703125
0.311238050461,0.004970703125
0.312279939651,0.004482421875
0.313326120377,0.0066796875
0.314373016357,-0.00064453125
0.315414905548,-0.004306640625
0.316461086273,0.001796875
0.31750702858,0.003994140625
0.318552970886,0.002041015625
0.319598913193,0.003017578125
0.320643901825,0.00326171875
0.321687936783,-0.00064453125
0.322734117508,-0.004794921875
0.323776960373,-0.00064453125
0.324824094772,0.00228515625
0.32586812973,0.0008203125
0.326910018921,-0.000888671875
0.327956914902,-0.00552734375
0.329001903534,-0.00357421875
0.330049037933,-0.00064453125
0.331094026566,-0.00162109375
0.332134962082,-0.002353515625
0.333179950714,-0.0050390625
0.334226131439,-0.002109375
0.335269927979,0.00521484375
0.336313962936,0.00326171875
0.337359905243,0.00423828125
0.338402032852,0.00228515625
0.339448928833,-0.001376953125
0.340500116348,-0.000400390625
0.341543912888,0.004482421875
0.342590093613,0.00228515625
0.343631029129,0.00228515625
0.344676017761,0.0027734375
0.345721960068,0.002529296875
0.346796035767,-0.0011328125
0.347845077515,8.7890625e-05
0.348889112473,0.00326171875
0.349941968918,0.00130859375
0.350989103317,0.005947265625
0.352031946182,0.005947265625
0.353078126907,0.0066796875
0.35412311554,-0.001376953125
0.355166912079,0.0027734375
0.356214046478,-0.0011328125
0.357258081436,-0.00015625
0.358304023743,0.000576171875
0.359349966049,-0.002109375
0.360453128815,0.004482421875
0.361499071121,-0.00357421875
0.362544059753,-0.005283203125
0.363590955734,-0.000888671875
0.364634037018,-0.00455078125
0.365678071976,0.00228515625
0.366723060608,0.0047265625
0.367765903473,-0.000888671875
0.368808984756,-0.002841796875
0.369853973389,-0.0011328125
0.370950937271,0.001064453125
0.371995925903,-0.002841796875
0.373039007187,0.008876953125
0.374085903168,-0.01431640625
0.375131130219,0.0027734375
0.376176118851,0.0008203125
0.377222061157,0.00033203125
0.378268957138,0.00033203125
0.37931895256,-0.00357421875
0.38041305542,-0.0050390625
0.381460905075,-0.005771484375
0.382504940033,0.00375
0.383551120758,0.00033203125
0.38459610939,0.001064453125
0.38563990593,0.00423828125
0.38668513298,0.00375
0.387731075287,-0.001865234375
0.388773918152,-0.0030859375
0.389820098877,0.004482421875
0.390913009644,-0.00552734375
0.39195895195,-0.003330078125
0.393003940582,-0.00064453125
0.394048929214,0.00326171875
0.39509510994,0.001064453125
0.396140098572,0.001796875
0.397182941437,-0.00064453125
0.398396968842,-0.001865234375
0.399449110031,0.001064453125
0.400501966476,-0.00162109375
0.401547908783,-0.001376953125
0.402596950531,-0.00015625
0.403640985489,0.001064453125
0.404686927795,0.003994140625
0.405731916428,0.001552734375
0.406774997711,0.001064453125
0.407823085785,-0.000888671875
0.408869028091,0.001064453125
0.409960031509,0.002529296875
0.411009073257,0.001064453125
0.41205406189,0.0027734375
0.41310095787,0.000576171875
0.414144992828,0.003505859375
0.415189981461,0.001064453125
0.416235923767,0.00716796875
0.417279958725,0.004482421875
0.418329954147,0.0008203125
0.419377088547,-0.00064453125
0.420429944992,0.00033203125
0.421478033066,-0.001376953125
0.422523021698,-0.0011328125
0.423572063446,0.000576171875
0.424618005753,-0.002353515625
0.425661087036,0.00326171875
0.426707983017,0.005703125
0.427753925323,0.00033203125
0.428800106049,8.7890625e-05
0.42985200882,-0.002109375
0.430949926376,8.7890625e-05
0.431999921799,0.0027734375
0.433047056198,0.001552734375
0.434094905853,0.00033203125
0.435138940811,-0.00064453125
0.436185121536,-0.005283203125
0.437232017517,-0.002353515625
0.438338041306,-0.000400390625
0.439388990402,0.001552734375
0.440441131592,-0.00064453125
0.441489934921,0.001064453125
0.442534923553,0.0066796875
0.443583011627,0.004970703125
0.444628953934,-0.001865234375
0.445675134659,0.00130859375
0.446722984314,0.005458984375
0.447796106339,0.002529296875
0.448843955994,-0.002109375
0.449939966202,-0.00259765625
0.450992107391,0.003017578125
0.452034950256,0.00375
0.453079938889,-0.003818359375
0.454126119614,0.00033203125
0.45517206192,0.00716796875
0.456218004227,0.008876953125
0.4572660923,0.0047265625
0.458312034607,-0.00357421875
0.459360122681,-0.002841796875
0.460454940796,-0.00064453125
0.46150302887,-0.004794921875
0.462548971176,-0.001376953125
0.463596105576,-0.001376953125
0.464639902115,0.003505859375
0.465687036514,0.002529296875
0.466736078262,-0.0011328125
0.467778921127,0.0008203125
0.468827962875,0.006435546875
0.469919919968,0.000576171875
0.470973014832,-0.000400390625
0.472017049789,0.001796875
0.473062992096,0.003017578125
0.474110126495,0.0086328125
0.475156068802,0.0008203125
0.476202964783,0.001796875
0.477248907089,0.002529296875
0.47829413414,-0.00015625
0.479341983795,0.002529296875
0.480443954468,0.00130859375
0.481491088867,-0.0040625
0.482533931732,-0.000400390625
0.483580112457,-0.001376953125
0.484626054764,-0.00552734375
0.48567199707,-0.001865234375
0.486717939377,-0.000888671875
0.487762928009,0.005947265625
0.488809108734,0.007412109375
0.489856004715,0.002529296875
0.490956068039,-0.00015625
0.492002010345,-0.0050390625
0.493048906326,-0.00455078125
0.494097948074,-0.002353515625
0.495140075684,-0.000400390625
0.49618601799,0.001796875
0.497232913971,0.0008203125
0.498276948929,-0.00552734375
0.499325990677,-0.002109375
0.500423908234,-0.001865234375
0.501472949982,-0.00162109375
0.502516031265,-0.0011328125
0.503561973572,0.001064453125
0.504607915878,0.003505859375
0.505650997162,-0.003330078125
0.506698131561,0.003017578125
0.507743120193,-0.0030859375
0.508785009384,-0.001865234375
0.509831905365,0.000576171875
0.510926961899,0.000576171875
0.511975049973,-0.00015625
0.513018131256,0.001796875
0.514064073563,0.00326171875
0.515110969543,0.005947265625
0.516155958176,0.00521484375
0.517203092575,0.00326171875
0.518249034882,-0.000400390625
0.519294023514,-0.00015625
0.52034497261,0.001064453125
0.521389961243,-0.00259765625
0.522437095642,-0.001376953125
0.523484945297,-0.001865234375
0.524528980255,-0.00357421875
0.525576114655,-0.00455078125
0.526621103287,-0.003818359375
0.527664899826,0.001064453125
0.5287129879,-0.0011328125
0.529757022858,0.002041015625
0.530803918839,0.003505859375
0.531842947006,0.001064453125
0.532879114151,-0.00064453125
0.533915996552,0.00130859375
0.534955978394,0.005703125
0.53599190712,0.000576171875
0.53702712059,-0.002109375
0.538064956665,-0.001376953125
0.539103984833,-0.000888671875
0.540144920349,0.0027734375
0.541194915771,0.00130859375
0.542239904404,0.00130859375
0.543282032013,0.00130859375
0.544327974319,0.001064453125
0.545372009277,0.00228515625
0.546412944794,-0.0011328125
0.547459125519,0.000576171875
0.548527956009,0.004482421875
0.549572944641,-0.00015625
0.550621032715,0.000576171875
0.551662921906,-0.000400390625
0.552706956863,0.003994140625
0.553750991821,0.006923828125
0.554798126221,-0.00259765625
0.555844068527,0.0027734375
0.556888103485,0.0008203125
0.55793595314,0.001552734375
0.558982133865,0.00326171875
0.560027122498,0.00375
0.561074018478,-0.005771484375
0.562115907669,0.01986328125
0.563158988953,-0.00162109375
0.564204931259,-0.00064453125
0.565248012543,-0.003330078125
0.566292047501,-0.002353515625
0.567338943481,-0.00162109375
0.568381071091,0.00033203125
0.569427013397,-0.00064453125
0.57048201561,8.7890625e-05
0.571530103683,-0.00259765625
0.572576999664,0.001796875
0.573622941971,0.006923828125
0.574666976929,0.004482421875
0.575714111328,0.003994140625
0.576756000519,0.000576171875
0.577800035477,0.00033203125
0.57884812355,0.005458984375
0.579941987991,0.003017578125
0.580990076065,0.0066796875
0.582031965256,0.001064453125
0.583079099655,0.004970703125
0.584172010422,0.00326171875
0.585225105286,0.001064453125
0.586271047592,-0.002841796875
0.587321043015,0.003505859375
0.588365077972,-0.002841796875
0.589407920837,0.00228515625
0.59046292305,0.006923828125
0.591506958008,0.00375
0.592550992966,-0.00357421875
0.593598127365,0.00423828125
0.594639062881,0.004970703125
0.595685005188,0.00326171875
0.59672999382,0.001552734375
0.597770929337,-0.0030859375
0.598815917969,0.003017578125
0.599859952927,-0.000400390625
0.600958108902,0.004482421875
0.602001905441,0.005458984375
0.603047132492,0.004482421875
0.604092121124,-0.002841796875
0.605132102966,-0.004306640625
0.606174945831,0.001796875
0.607221126556,0.001064453125
0.608262062073,-0.0011328125
0.609306097031,-0.00064453125
0.610400915146,0.00130859375
0.61144900322,0.003017578125
0.612493991852,-0.00357421875
0.613537073135,-0.00162109375
0.614582061768,-0.004794921875
0.6156270504,-0.000888671875
0.616672039032,-0.001865234375
0.617717981339,0.001064453125
0.618763923645,0.001552734375
0.619807004929,0.001796875
0.620901107788,0.001796875
0.621948003769,0.00130859375
0.622992038727,0.002529296875
0.62403512001,8.7890625e-05
0.625085115433,0.0066796875
0.626130104065,0.00326171875
0.627173900604,-0.00357421875
0.628221988678,-0.00259765625
0.629265069962,0.001064453125
0.630311012268,-0.00162109375
0.631356954575,-0.00064453125
0.632399082184,-0.002353515625
0.63344502449,-0.005771484375
0.634489059448,-0.00162109375
0.635529994965,0.00228515625
0.636575937271,0.007900390625
0.63761806488,-0.002841796875
0.638659954071,-0.002109375
0.63970708847,-0.00162109375
0.640752077103,0.0008203125
0.641797065735,-0.000400390625
0.642843008041,0.001796875
0.643885135651,0.000576171875
0.644927978516,0.001064453125
0.645973920822,0.0008203125
0.647015094757,-0.0011328125
0.648059129715,-0.00162109375
0.649128913879,0.001552734375
0.650177001953,0.003017578125
0.65122294426,0.00228515625
0.652266979218,8.7890625e-05
0.65331697464,-0.002353515625
0.654361963272,0.0008203125
0.655404090881,-0.000888671875
0.656450033188,-0.000400390625
0.65749502182,-0.00064453125
0.658536911011,0.005458984375
0.659581899643,0.005458984375
0.660627126694,0.001796875
0.661670923233,0.00423828125
0.662717103958,0.00765625
0.663763046265,0.00326171875
0.664807081223,0.001552734375
0.665852069855,0.0008203125
0.66689991951,0.002529296875
0.667948007584,0.005703125
0.668992996216,0.0027734375
0.67004108429,0.0008203125
0.67108798027,-0.00259765625
0.67213010788,-0.01041015625
0.673172950745,-0.003818359375
0.674216985703,0.00326171875
0.675264120102,0.005947265625
0.676309108734,0.002041015625
0.677355051041,-0.000400390625
0.678395986557,0.0008203125
0.679444074631,0.005458984375
0.680496931076,0.001064453125
0.681541919708,-0.00259765625
0.682590007782,0.001552734375
0.683630943298,-0.004794921875
0.684677124023,0.001796875
0.685722112656,0.00375
0.686764001846,-0.00064453125
0.687808990479,0.001552734375
0.688853025436,-0.0040625
0.689947128296,0.004482421875
0.690995931625,0.00228515625
0.692039012909,0.001552734375
0.69308590889,0.00326171875
0.694131135941,0.000576171875
0.695173978806,-0.002109375
0.696221113205,-0.00455078125
0.697262048721,-0.006015625
0.698307991028,0.001796875
0.699355125427,0.002041015625
0.700448989868,0.00130859375
0.701494932175,0.00326171875
0.70253610611,0.001796875
0.70358300209,-0.000888671875
0.704626083374,-0.001865234375
0.705668926239,8.7890625e-05
0.706720113754,0.00326171875
0.707762956619,-0.006015625
0.708808898926,-0.0040625
0.709855079651,-0.003330078125
0.710951089859,8.7890625e-05
0.712000131607,-0.00064453125
0.713045120239,-0.002353515625
0.71409201622,0.00033203125
0.715138912201,0.005947265625
0.716183900833,0.000576171875
0.717227935791,0.00326171875
0.7182700634,0.00033203125
0.719316959381,0.001796875
0.720411062241,0.00814453125
0.721460103989,0.00326171875
0.722502946854,0.001064453125
0.723549127579,0.000576171875
0.724594116211,-0.002841796875
0.72563791275,0.00326171875
0.726681947708,-0.002353515625
0.727725982666,-0.002109375
0.72876906395,-0.001865234375
0.729813098907,-0.00259765625
0.730960130692,-0.0011328125
0.732010126114,0.00228515625
0.733057975769,-0.00015625
0.734102964401,0.002041015625
0.735157012939,0.001064453125
0.736212968826,-0.000400390625
0.737262010574,-0.002841796875
0.738312005997,0.00228515625
0.73936009407,-0.002353515625
0.740461111069,0.00375
0.741506099701,0.001064453125
0.742552995682,0.001552734375
0.743600130081,0.0027734375
0.74464392662,0.00423828125
0.745692014694,0.00130859375
0.746737957001,0.0008203125
0.747781991959,0.002041015625
0.748829126358,0.006435546875
0.749951124191,0.001796875
0.751001119614,-0.001376953125
0.75204706192,0.0027734375
0.753094911575,0.000576171875
0.754138946533,8.7890625e-05
0.755192995071,0.002041015625
0.756240129471,-0.001376953125
0.757285118103,0.00228515625
0.758332967758,-0.0030859375
0.75937795639,-0.00162109375
0.760432004929,0.002041015625
0.761481046677,0.007412109375
0.762525081635,0.00423828125
0.76357293129,-0.000888671875
0.764619112015,-0.0011328125
0.765661001205,-0.002841796875
0.766709089279,0.0027734375
0.767753124237,0.005703125
0.768800020218,0.001064453125
0.769848108292,-0.002109375
0.770946979523,0.0027734375
0.771995067596,-0.002353515625
0.773040056229,0.002041015625
0.774086952209,0.0027734375
0.775130987167,-0.002841796875
0.776176929474,-0.0030859375
0.777224063873,0.0027734375
0.77827000618,0.00375
0.779321908951,-0.001865234375
0.780414104462,0.00130859375
0.781455993652,0.006435546875
0.782494068146,0.00619140625
0.783529043198,0.001552734375
0.784568071365,-0.00015625
0.785604953766,0.003017578125
0.786641120911,0.001796875
0.787678003311,-0.000400390625
0.788717985153,0.00033203125
0.789752006531,-0.00015625
0.790803909302,0.00033203125
0.79185295105,0.00619140625
0.792896032333,0.003505859375
0.793944120407,-0.00162109375
0.794990062714,0.00375
0.796031951904,0.0008203125
0.797081947327,-0.00064453125
0.798125982285,-0.00015625
0.799171924591,0.003994140625
0.800220966339,0.003505859375
0.801265954971,0.004482421875
0.802312135696,-0.004306640625
0.803362131119,0.003017578125
0.804404973984,-0.0011328125
0.805452108383,0.005458984375
0.806497097015,0.0066796875
0.807543039322,-0.0050390625
0.808589935303,-0.002841796875
0.809638977051,-0.000888671875
0.81068611145,0.0008203125
0.811724901199,-0.002841796875
0.812757968903,-0.00748046875
0.813795089722,-0.00015625
0.814832925797,0.003017578125
0.815869092941,0.00521484375
0.816903114319,0.00375
0.817940950394,0.003994140625
0.818979024887,0.005947265625
0.820102930069,0.004482421875
0.82123708725,0.004970703125
0.822283029556,8.7890625e-05
0.823333978653,-0.003330078125
0.824378013611,-0.00455078125
0.825423002243,-0.00259765625
0.826469898224,0.001064453125
0.827512025833,0.00423828125
0.828556060791,0.00228515625
0.829601049423,-0.001865234375
0.830646038055,-0.002841796875
0.831691026688,-0.002841796875
0.832735061646,-0.00064453125
0.833775997162,0.0008203125
0.834824085236,0.00375
0.835866928101,-0.000400390625
0.836911916733,-0.00064453125
0.837958097458,0.003017578125
0.839002132416,0.003994140625
0.840045928955,0.004482421875
0.841093063354,0.0027734375
0.842134952545,-0.002109375
0.84318113327,-0.00259765625
0.844228029251,0.0008203125
0.845269918442,0.00521484375
0.846316099167,-0.00455078125
0.847361087799,-0.002353515625
0.848401069641,-0.000888671875
0.849447011948,0.005458984375
0.850523948669,-0.000888671875
0.851571083069,0.00423828125
0.852615118027,0.001552734375
0.853657960892,0.001064453125
0.854703903198,0.0008203125
0.855747938156,0.002041015625
0.856792926788,-0.00064453125
0.857836961746,-0.00015625
0.858879089355,0.001552734375
0.859930992126,0.002041015625
0.860975980759,0.001064453125
0.862016916275,-0.00259765625
0.863061904907,-0.00455078125
0.864107131958,-0.002353515625
0.865149021149,0.003505859375
0.866194963455,0.00130859375
0.867238998413,-0.00015625
0.868281126022,0.00130859375
0.869326114655,-0.0011328125
0.87042593956,-0.00064453125
0.871473073959,-0.003330078125
0.872515916824,-0.001376953125
0.873559951782,0.00228515625
0.874604940414,0.002529296875
0.875644922256,0.00521484375
0.876692056656,-0.000400390625
0.877804994583,0.0047265625
0.878859043121,0.001064453125
0.879951000214,0.0027734375
0.881000041962,0.0027734375
0.882045984268,0.006435546875
0.883094072342,0.0027734375
0.884136915207,0.001796875
0.885183095932,0.00423828125
0.886229038239,0.006435546875
0.887273073196,0.004482421875
0.888318061829,0.004970703125
0.889363050461,0.002041015625
0.890459060669,0.00130859375
0.891503095627,-0.002109375
0.892548084259,-0.00162109375
0.893595933914,0.004482421875
0.894639015198,0.005458984375
0.895684957504,0.00375
0.896730899811,0.01107421875
0.89777302742,0.013759765625
0.898822069168,0.010830078125
0.899866104126,0.003994140625
0.900962114334,0.001552734375
0.902004003525,-0.00259765625
0.903049945831,-0.006015625
0.904096126556,0.001552734375
0.905137062073,0.00423828125
0.906182050705,-0.004794921875
0.907227993011,0.011318359375
0.908270120621,0.016689453125
0.909317016602,0.015712890625
0.91041302681,0.021083984375
0.911462068558,0.01107421875
0.912503957748,0.039150390625
0.913549900055,0.0125390625
0.914597034454,0.01009765625
0.915638923645,0.0066796875
0.916683912277,0.00033203125
0.917730093002,-0.0108984375
0.918771982193,-0.020908203125
0.919816970825,-0.03580078125
0.92091012001,-0.0616796875
0.921956062317,-0.083896484375
0.923000097275,-0.08951171875
0.924044132233,-0.087314453125
0.925091028214,-0.099765625
0.926135063171,-0.06607421875
0.927181005478,-0.051181640625
0.928229093552,-0.037265625
0.929270982742,-0.021396484375
0.930321931839,0.00375
0.931366920471,0.00521484375
0.932410955429,-0.00748046875
0.933458089828,-0.014072265625
0.934500932693,-0.006015625
0.935544967651,0.005458984375
0.936589956284,0.035244140625
0.937633037567,0.088955078125
0.938677072525,0.131923828125
0.939723014832,0.119716796875
0.940767049789,0.132900390625
0.94181394577,0.194423828125
0.942857027054,0.194423828125
0.943898916245,0.15658203125
0.94494509697,0.142421875
0.945990085602,0.1492578125
0.947031974792,0.081875
0.948076963425,-0.0108984375
0.949120998383,0.062099609375
0.950166940689,0.33236328125
0.951241016388,0.408291015625
0.952282905579,0.15755859375
0.953329086304,-0.151767578125
0.954374074936,-0.23404296875
0.955416917801,-0.193515625
0.9564640522,-0.302646484375
0.957507133484,-0.01822265625
0.958554029465,0.401943359375
0.959600925446,0.335537109375
0.960644960403,0.1980859375
0.961693048477,-0.01333984375
0.962736129761,-0.200595703125
0.963778018951,0.0945703125
0.964823961258,0.192470703125
0.965867996216,-0.0499609375
0.966912031174,-0.302890625
0.96795797348,-0.48111328125
0.969000101089,-0.306552734375
0.97004699707,0.104580078125
0.97109413147,0.7351953125
0.972136974335,0.56234375
0.973181962967,0.19564453125
0.974226951599,-0.39126953125
0.975268125534,-0.142490234375
0.976313114166,0.572109375
0.977356910706,0.336025390625
0.978399991989,3.411953125
0.979445934296,3.42049804688
0.980509996414,0.013515625
0.981555938721,-0.20181640625
0.982600927353,-0.234775390625
0.983644962311,0.06625
0.98469209671,0.224453125
0.985738039017,0.06283203125
0.9867811203,-0.096103515625
0.987826108932,-0.004794921875
0.988869905472,-0.040439453125
0.989967107773,-0.23111328125
0.991010904312,-0.217685546875
0.992053985596,-0.124912109375
0.993098020554,0.044033203125
0.994137048721,0.0008203125
0.995182991028,-0.1261328125
0.99622797966,0.006923828125
0.997268915176,0.125087890625
0.998313903809,0.0740625
0.999371051788,-0.01724609375
1.00046992302,0.127041015625
1.00151491165,-0.21841796875
1.00256204605,3.130703125
1.00360798836,-0.113193359375
1.00465106964,0.483974609375
1.00569796562,3.35311523438
1.00675106049,-0.320712890625
1.00779700279,0.641201171875
1.0088429451,0.083828125
1.00993490219,3.298671875
1.01098704338,3.23470703125
1.01203203201,0.30306640625
1.01308012009,0.7234765625
1.01412391663,0.49056640625
1.01516890526,0.399501953125
1.01621603966,0.503017578125
1.01726007462,0.351650390625
1.01830601692,-0.347080078125
1.019354105,3.040859375
1.02045202255,0.235439453125
1.02149891853,0.706630859375
1.02254700661,0.271328125
1.02359390259,-0.439853515625
1.02463698387,-0.412021484375
1.02568411827,0.081630859375
1.02680206299,0.46078125
1.02785611153,0.469814453125
1.02889895439,0.1834375
1.02995491028,-0.1437109375
1.03099298477,-0.31900390625
1.03203010559,-0.340244140625
1.03306794167,-0.11392578125
1.03410601616,0.16146484375
1.03514099121,0.09212890625
1.03618001938,-0.240146484375
1.03721904755,-0.398349609375
1.0382540226,-0.052890625
1.03929209709,0.470302734375
1.04033708572,0.57845703125
1.04138302803,-0.06216796875
1.04242897034,-0.29263671875
1.04347491264,-0.162998046875
1.04451608658,0.22591796875
1.04556393623,0.33041015625
1.04661011696,0.106044921875
1.04765105247,-0.322177734375
1.04869794846,3.50448242188
1.0497469902,-0.22037109375
1.0507979393,0.103603515625
1.05187392235,0.08333984375
1.05292010307,-0.041904296875
1.05396699905,-0.011875
1.05501103401,-0.023837890625
1.05605697632,-0.11294921875
1.05710291862,0.00619140625
1.05814599991,0.202236328125
1.05919194221,0.2859765625
1.06024098396,0.098720703125
1.06128311157,-0.111240234375
1.06232690811,-0.053134765625
1.06336903572,-0.127109375
1.06441402435,-0.32193359375
1.06545996666,0.16830078125
1.06650209427,0.131435546875
1.0675470829,-0.2745703125
1.06859302521,0.339443359375
1.06963396072,0.535732421875
1.07067990303,3.49129882813
1.07173299789,3.18124023438
1.07278013229,-0.15884765625
1.07382512093,0.439052734375
1.07487106323,0.167568359375
1.0759139061,-0.072666015625
1.07696008682,0.087490234375
1.07800197601,0.249111328125
1.07904911041,-0.126376953125
1.08009696007,-0.46890625
1.08113908768,-0.295078125
1.08218407631,0.12240234375
1.08323192596,0.11263671875
1.08427500725,-0.01724609375
1.08532094955,0.103603515625
1.08636593819,0.083583984375
1.08740711212,-0.002109375
1.08845496178,-0.0128515625
1.08949899673,0.11361328125
1.09054803848,0.072353515625
1.09159398079,-0.092197265625
1.09263706207,-0.18716796875
1.09368300438,-0.127353515625
1.09472799301,-0.05728515625
1.0957710743,-0.042880859375
1.09682011604,-0.082431640625
1.09786605835,-0.0509375
1.09891104698,-0.094638671875
1.09996390343,-0.07291015625
1.10100793839,0.00375
1.10205411911,0.072841796875
1.10310006142,0.163173828125
1.10414099693,0.227626953125
1.10518693924,0.147060546875
1.1062309742,0.017421875
1.10727405548,0.095546875
1.10832095146,0.0740625
1.10936403275,-0.093173828125
1.11046504974,-0.143955078125
1.11150693893,-0.117099609375
1.11255407333,-0.158603515625
1.11359906197,-0.17642578125
1.11463999748,-0.068271484375
1.11568713188,0.048916015625
1.11672997475,0.071865234375
1.11777091026,0.21224609375
1.11881804466,0.447353515625
1.11986207962,0.51205078125
1.12095999718,0.39095703125
1.12200093269,0.590419921875
1.12304806709,0.01498046875
1.1240940094,-0.31119140625
1.12513804436,0.145595703125
1.12618207932,-0.20767578125
1.12722802162,3.0926171875
1.12826991081,-0.14126953125
1.12931609154,0.212490234375
1.13041210175,0.088466796875
1.13146090508,0.197353515625
1.13250613213,0.632412109375
1.13355612755,0.906826171875
1.13460206985,0.529873046875
1.13564491272,-0.203037109375
1.13669109344,3.38265625
1.13773703575,-0.33658203125
1.13877892494,0.13216796875
1.13982605934,0.12435546875
1.14092111588,-0.15640625
1.14196801186,-0.365634765625
1.14300990105,-0.3097265625
1.1440551281,-0.044345703125
1.14510011673,0.303310546875
1.14614105225,0.3230859375
1.14718699455,0.1805078125
1.14823198318,-0.07046875
1.14927411079,-0.064365234375
1.15032196045,0.085048828125
1.15136790276,0.10921875
1.15244102478,-0.099033203125
1.15348601341,-0.23501953125
1.1545290947,-0.0636328125
1.155575037,0.16390625
1.15661907196,0.143154296875
1.15766501427,0.056240234375
1.15871095657,0.0428125
1.15975904465,0.01888671875
1.1608080864,-0.060947265625
1.1618540287,-0.0441015625
1.16289710999,0.081630859375
1.16394400597,-0.013583984375
1.16498994827,-0.023349609375
1.16603302956,0.2723046875
1.16707992554,0.023525390625
1.16812396049,-0.1730078125
1.1691699028,0.105556640625
1.17021989822,3.44466796875
1.17126393318,3.39779296875
1.17231106758,0.00375
1.17335391045,0.37923828125
1.17439699173,0.113857421875
1.17544412613,-0.014072265625
1.17648792267,0.2254296875
1.17753100395,0.2898828125
1.17862892151,-0.043125
1.1796810627,-0.2071875
1.18073010445,-0.100009765625
1.18177294731,0.05794921875
1.18282103539,0.115078125
1.18386507034,0.040615234375
1.18490695953,-0.000888671875
1.18595290184,-0.052646484375
1.1869969368,0.05013671875
1.18804311752,0.115322265625
1.18908810616,0.056240234375
1.19013404846,-0.00552734375
1.19117903709,-0.011630859375
1.1922249794,-0.092197265625
1.19326591492,-0.117587890625
1.19431304932,-0.076572265625
1.19535803795,-0.022373046875
1.19639992714,0.064296875
1.19744706154,0.10970703125
1.19849205017,0.0789453125
1.19953799248,0.105068359375
1.20058703423,0.1834375
1.20163106918,0.27767578125
1.20267605782,0.335048828125
1.2037229538,0.139736328125
1.20476603508,-0.166904296875
1.20581197739,-0.01822265625
1.20685601234,0.04818359375
1.20789909363,-0.25650390625
1.20894503593,-0.047763671875
1.20999598503,0.05306640625
1.21104502678,-0.39712890625
1.21209192276,3.35384765625
1.21313500404,0.425380859375
1.21417999268,0.488369140625
1.21522712708,0.249599609375
1.21626901627,0.22005859375
1.21731591225,0.41634765625
1.21836304665,0.42171875
1.21940398216,0.0769921875
1.22046995163,-0.361484375
1.22152090073,3.4646875
1.22256803513,-0.27994140625
1.22361302376,0.030849609375
1.22465896606,0.08724609375
1.22570705414,-0.067294921875
1.2267510891,-0.044833984375
1.22780394554,0.04330078125
1.22885012627,0.137783203125
1.22996306419,0.216884765625
1.23101091385,0.294033203125
1.23205709457,0.301845703125
1.23310494423,-0.17154296875
1.23414802551,-0.24283203125
1.23519396782,-0.0987890625
1.23623895645,-0.002109375
1.23728203773,-0.07876953125
1.23832798004,-0.157626953125
1.239372015,-0.060703125
1.240473032,0.083095703125
1.2415189743,0.079921875
1.24256801605,0.087978515625
1.24361300468,0.225673828125
1.24465608597,0.10775390625
1.24570393562,-0.138095703125
1.24674606323,-0.224765625
1.24779200554,-0.050693359375
1.24884009361,0.151943359375
1.24993109703,0.17318359375
1.2509829998,0.075771484375
1.25202703476,0.083583984375
1.25310492516,-0.010654296875
1.25414991379,-0.03287109375
1.25519609451,0.031337890625
1.25624108315,0.076259765625
1.25728607178,0.122158203125
1.25833392143,0.141689453125
1.25937604904,0.058681640625
1.26043009758,-0.025302734375
1.26147508621,-0.03580078125
1.2625169754,-0.00943359375
1.26356506348,-0.041904296875
1.26461100578,-0.081943359375
1.26565313339,0.035244140625
1.26670098305,0.12728515625
1.26774597168,0.04232421875
1.26879191399,-0.029453125
1.26983809471,0.039638671875
1.27094101906,0.020107421875
1.27198600769,0.033779296875
1.27654910088,0.063564453125
1.27769303322,0.08431640625
1.27873706818,0.050869140625
1.27977609634,0.0555078125
1.28082203865,0.06234375
1.28186202049,0.083828125
1.28289890289,0.071376953125
1.28393912315,0.00716796875
1.284979105,-0.09732421875
1.28601694107,-0.099521484375
1.28705501556,-0.019931640625
1.28809404373,0.06625
1.28912806511,0.13119140625
1.29016900063,0.164638671875
1.29121208191,0.138515625
1.29224705696,0.0789453125
1.29328513145,0.068447265625
1.29432296753,0.079921875
1.29536008835,0.017421875
1.29639291763,-0.025791015625
1.2974281311,-0.00748046875
1.29846692085,-0.085849609375
1.29950213432,-0.0733984375
1.30054712296,-0.02701171875
1.30158495903,-0.1300390625
1.30261993408,-0.13541015625
1.30365800858,0.035244140625
1.30469608307,0.218837890625
1.3057320118,0.203212890625
1.30676698685,0.16390625
1.30780601501,0.1883203125
1.30884504318,0.251552734375
1.30994200706,0.072841796875
1.3109869957,-0.0069921875
1.31202411652,-0.104892578125
1.31306290627,-0.14419921875
1.31410002708,-0.055087890625
1.31513500214,-0.013828125
1.31617212296,-0.1925390625
1.3172109127,-0.38345703125
1.31824612617,-0.17349609375
1.31928491592,0.296474609375
1.32033205032,0.474453125
1.32137989998,0.23373046875
1.3224260807,0.150234375
1.32347512245,0.2605859375
1.32452106476,0.1375390625
1.32556796074,-0.134189453125
1.32661390305,-0.31802734375
1.32766008377,-0.1847265625
1.32870793343,-0.052158203125
1.32974910736,-0.0362890625
1.33080196381,-0.033115234375
1.33184909821,0.10580078125
1.33289313316,0.251552734375
1.33406996727,0.22982421875
1.33512210846,0.19271484375
1.33616995811,0.102626953125
1.33721804619,-0.0499609375
1.33826494217,-0.1925390625
1.33931303024,-0.25259765625
1.34041190147,-0.16568359375
1.34146094322,-0.06705078125
1.34250497818,0.051357421875
1.34354996681,0.144619140625
1.34459710121,0.235439453125
1.3456389904,0.245205078125
1.34668898582,0.21615234375
1.34773397446,0.179287109375
1.34877610207,0.087734375
1.34982204437,-0.01578125
1.3509221077,-0.160068359375
1.35196900368,-0.124912109375
1.35301303864,-0.017490234375
1.35406112671,0.106533203125
1.35510706902,0.1141015625
1.35614895821,0.0750390625
1.35719704628,0.08724609375
1.35824298859,0.121181640625
1.35928797722,0.099697265625
1.36033701897,0.058681640625
1.36138010025,0.049404296875
1.36242604256,0.02962890625
1.36347413063,0.022060546875
1.36451601982,0.004970703125
1.36556196213,0.02572265625
1.36660909653,0.07015625
1.36764907837,0.02767578125
1.36869597435,0.0115625
1.36974096298,0.036708984375
1.37079191208,0.049892578125
1.37184000015,0.0457421875
1.37288498878,0.007900390625
1.37393403053,0.037685546875
1.37498092651,0.079189453125
1.37602591515,0.074306640625
1.37707304955,0.0496484375
1.37811899185,0.027919921875
1.37916612625,0.045009765625
1.38021492958,0.06869140625
1.38126111031,0.064052734375
1.38230609894,0.051357421875
1.38335394859,0.06283203125
1.38439893723,0.083095703125
1.3854470253,0.0594140625
1.38649296761,0.044765625
1.38754010201,0.04525390625
1.38858795166,0.044521484375
1.38963294029,0.03451171875
1.39068198204,0.0223046875
1.39172911644,0.009853515625
1.39277291298,0.06234375
1.39382100105,0.065517578125
1.39486813545,0.047451171875
1.39591407776,0.05111328125
1.39696311951,0.075283203125
1.39800596237,0.075771484375
1.39905405045,0.072109375
1.40010404587,0.07357421875
1.40114808083,0.07650390625
1.40219807625,0.069912109375
1.40324401855,0.05501953125
1.40428996086,0.027919921875
1.40533804893,0.025478515625
1.40638399124,0.0437890625
1.40743398666,0.054287109375
1.4084789753,0.038662109375
1.4095249176,0.0271875
1.41057491302,0.064296875
1.41161990166,0.07259765625
1.41266798973,0.094326171875
1.4137160778,0.08138671875
1.41476011276,0.057216796875
1.41580891609,0.045986328125
1.41685605049,0.044521484375
1.41790103912,0.053798828125
1.41895103455,0.060634765625
1.42000198364,0.060390625
1.42105197906,0.05990234375
1.42210102081,0.07015625
1.42314600945,0.080166015625
1.42419505119,0.091396484375
1.42524194717,0.092861328125
1.42628908157,0.0594140625
1.42734003067,0.02865234375
1.4283850193,0.03353515625
1.42943191528,0.0437890625
1.43048596382,0.047939453125
1.43153309822,0.04623046875
1.43258190155,0.075771484375
1.43362498283,0.111416015625
1.43467211723,0.087734375
1.43571996689,0.074306640625
1.43676495552,0.09310546875
1.43781399727,0.09701171875
1.43886113167,0.0789453125
1.43995904922,0.05453125
1.44100809097,0.053310546875
1.44205594063,0.053310546875
1.44310498238,0.05599609375
1.44414997101,0.047939453125
1.44519710541,0.04720703125
1.44624400139,0.06087890625
1.44729113579,0.0584375
1.44833803177,0.065517578125
1.44938111305,0.08724609375
1.45043706894,0.087490234375
1.45148396492,0.107509765625
1.45252990723,0.091396484375
1.4535779953,0.099208984375
1.45464706421,0.08041015625
1.45569610596,0.056484375
1.45674109459,0.06576171875
1.4577870369,0.08529296875
1.45883703232,0.0789453125
1.45992898941,0.072353515625
1.4609811306,0.087978515625
1.46202206612,0.100673828125
1.4630689621,0.07845703125
1.4641149044,0.06380859375
1.46516108513,0.074306640625
1.46620893478,0.089443359375
1.46725392342,0.082119140625
1.46830201149,0.041591796875
1.46934890747,0.05892578125
1.47044610977,0.086513671875
1.47149205208,0.080166015625
1.47253799438,0.09798828125
1.47358512878,0.100673828125
1.47462797165,0.08529296875
1.47567391396,0.08138671875
1.47672104836,0.08919921875
1.47776412964,0.09017578125
1.47881197929,0.08626953125
1.4798579216,0.070400390625
1.48095798492,0.067958984375
1.48200702667,0.110439453125
1.48305392265,0.145107421875
1.48410201073,0.09798828125
1.48514604568,0.027431640625
1.48619198799,0.024990234375
1.48729300499,0.11703125
1.48834490776,0.133388671875
1.48938798904,0.081142578125
1.49044299126,0.055263671875
1.49148893356,0.08626953125
1.49253511429,0.108486328125
1.49358296394,0.1062890625
1.49463105202,0.103115234375
1.49567604065,0.1336328125
1.49672293663,0.122646484375
1.49776601791,0.099208984375
1.49881505966,0.063076171875
1.49986100197,0.045009765625
1.50096297264,0.072841796875
1.50200891495,0.096279296875
1.5030579567,0.09798828125
1.504103899,0.083583984375
1.50514912605,0.087001953125
1.50619697571,0.069423828125
1.50724411011,0.0926171875
1.50828909874,0.12435546875
1.50933694839,0.1336328125
1.51043391228,0.114833984375
1.51148200035,0.10287109375
1.51252698898,0.0789453125
1.51357507706,0.087490234375
1.51462006569,0.130947265625
1.51566696167,0.129482421875
1.51671290398,0.125576171875
1.51775813103,0.116298828125
1.51880502701,0.084072265625
1.51985192299,0.06380859375
1.52095198631,0.073818359375
1.52199912071,0.107021484375
1.52304410934,0.106533203125
1.524091959,0.092861328125
1.52513790131,0.079921875
1.52618598938,0.07259765625
1.52723193169,0.124599609375
1.52827811241,0.15853515625
1.52932596207,0.162197265625
1.53041791916,0.128017578125
1.53146004677,0.1062890625
1.53249502182,0.121181640625
1.53353404999,0.126064453125
1.53457403183,0.115078125
1.53561401367,0.09798828125
1.53665113449,0.104580078125
1.53768992424,0.100673828125
1.53872799873,0.096767578125
1.53976297379,0.10140625
1.54081392288,0.119716796875
1.54186010361,0.107021484375
1.5429019928,0.1062890625
1.5439491272,0.13314453125
1.54499197006,0.15169921875
1.54603600502,0.110927734375
1.547082901,0.09603515625
1.54812598228,0.106044921875
1.54917502403,0.14779296875
1.55022192001,0.128505859375
1.55126404762,0.11751953125
1.5523121357,0.113125
1.55335497856,0.15658203125
1.55439805984,0.192958984375
1.5554459095,0.146083984375
1.55649113655,0.086513671875
1.55753493309,0.07162109375
1.55857992172,0.133388671875
1.55962109566,0.1121484375
1.56066799164,0.090419921875
1.56171512604,0.107509765625
1.56275606155,0.136318359375
1.56380009651,0.14046875
1.56484413147,0.134609375
1.56588292122,0.14095703125
1.56692695618,0.149990234375
1.56797003746,0.147548828125
1.56901311874,0.13509765625
1.57006311417,0.1219140625
1.5711081028,0.146572265625
1.57215189934,0.14681640625
1.57319903374,0.128505859375
1.5742430687,0.119228515625
1.57528710365,0.14193359375
1.57633495331,0.1199609375
1.57737708092,0.133876953125
1.57841992378,0.118251953125
1.57946491241,0.12337890625
1.58050894737,0.15853515625
1.581553936,0.115078125
1.58260011673,0.115322265625
1.58364391327,0.137783203125
1.58469104767,0.173671875
1.58573508263,0.1922265625
1.58677911758,0.17513671875
1.58782505989,0.14828125
1.58886790276,0.14486328125
1.58996510506,0.165859375
1.59101009369,0.15951171875
1.59205293655,0.13412109375
1.59309792519,0.10580078125
1.59413909912,0.142177734375
1.59518313408,0.136318359375
1.59622812271,0.119716796875
1.5972700119,0.132900390625
1.59831690788,0.12142578125
1.59939694405,0.1570703125
1.60045695305,0.14876953125
1.60150313377,0.183681640625
1.60254907608,0.196865234375
1.60359597206,0.1687890625
1.60464000702,0.15853515625
1.60568809509,0.182705078125
1.60673308372,0.178310546875
1.60777592659,0.147060546875
1.60882496834,0.1394921875
1.60986804962,0.1746484375
1.61096906662,0.1707421875
1.61201310158,0.1473046875
1.61305999756,0.107998046875
1.61410498619,0.144130859375
1.6151471138,0.154140625
1.61619305611,0.156826171875
1.61723709106,0.171962890625
1.6182820797,0.17123046875
1.61932897568,0.1551171875
1.62042212486,0.14583984375
1.62147212029,0.208828125
1.62251496315,0.204677734375
1.62356209755,0.18392578125
1.62460708618,0.17953125
1.62564897537,0.17953125
1.62669706345,0.191494140625
1.62774205208,0.193447265625
1.62878894806,0.1687890625
1.62983512878,0.13705078125
1.63093495369,0.1414453125
1.63197994232,0.137783203125
1.63302302361,0.13998046875
1.63406991959,0.16341796875
1.63511610031,0.186611328125
1.63616204262,0.227138671875
1.6372089386,0.190029296875
1.63825297356,0.169765625
1.63929891586,0.196376953125
1.6404531002,0.17904296875
1.64150595665,0.145595703125
1.64255404472,0.17025390625
1.64360404015,0.228115234375
1.64464712143,0.21517578125
1.64569592476,0.192470703125
1.64674210548,0.226650390625
1.64778900146,0.250576171875
1.64883708954,0.18001953125
1.64992904663,0.15169921875
1.65098404884,0.22787109375
1.6520280838,0.191494140625
1.65307712555,0.1043359375
1.65412092209,0.12875
1.65519499779,0.215419921875
1.65624213219,0.224453125
1.65728712082,0.1590234375
1.65833592415,0.17123046875
1.65938210487,0.27279296875
1.66043710709,0.2098046875
1.66148304939,0.179775390625
1.66252613068,0.2146875
1.66357207298,0.21517578125
1.66461896896,0.210048828125
1.66566610336,0.20296875
1.66671299934,0.216884765625
1.66775798798,0.20736328125
1.66880607605,0.215419921875
1.66985297203,0.220791015625
1.67095208168,0.19271484375
1.67199802399,0.16634765625
1.67304396629,0.212490234375
1.67409205437,0.229091796875
1.67513513565,0.204677734375
1.67618298531,0.19515625
1.67722892761,0.210537109375
1.67827296257,0.2371484375
1.67932105064,0.2488671875
1.68041706085,0.2273828125
1.6814661026,0.238857421875
1.68250989914,0.240322265625
1.68355703354,0.21859375
1.68460297585,0.23568359375
1.6856470108,0.268642578125
1.68669509888,0.22982421875
1.68774008751,0.174404296875
1.68878602982,0.21078125
1.6898329258,0.360439453125
1.69093394279,0.5691796875
1.69198107719,0.61263671875
1.69302606583,0.839931640625
1.69407296181,1.04055419922
1.69511890411,1.50930419922
1.69616413116,1.50930419922
1.69721198082,1.50930419922
1.69825696945,1.50930419922
1.69930505753,1.50930419922
1.70039796829,1.50930419922
1.70144891739,0.941494140625
1.70249390602,0.131923828125
1.70353913307,-0.413486328125
1.70458698273,3.38021484375
1.70563101768,3.21859375
1.70667695999,3.24447265625
1.70772504807,-0.391025390625
1.70876908302,0.141689453125
1.709815979,0.5086328125
1.71091508865,0.730068359375
1.71196508408,0.795009765625
1.71300911903,-0.48208984375
1.71405601501,1.71249023437
1.71511507034,1.50936523437
1.71616697311,1.50936523437
1.71722102165,1.52206054687
1.71827101707,1.66317382812
1.71932411194,1.345546875
1.72042107582,0.920009765625
1.72147107124,0.665126953125
1.7225151062,1.158046875
1.72356390953,1.50930419922
1.72461104393,1.50930419922
1.72565698624,0.48763671875
1.72670602798,-0.155185546875
1.72775411606,-0.36978515625
1.72880101204,-0.45279296875
1.72984910011,-0.4425390625
1.73094892502,-0.19400390625
1.73199295998,0.404384765625
1.73304104805,1.07180419922
1.73408794403,1.50930419922
1.73513293266,1.50930419922
1.73618102074,1.50930419922
1.73722791672,1.50930419922
1.73827290535,0.24349609375
1.73932290077,-0.440341796875
1.74042010307,-0.123447265625
1.74147105217,0.643642578125
1.74251508713,1.32333007812
1.74357008934,1.50930419922
1.74461698532,0.885830078125
1.74566292763,-0.162265625
1.74671196938,-0.46109375
1.74775600433,-0.30484375
1.74880194664,-0.11197265625
1.74984908104,0.23470703125
1.75094604492,0.80013671875
1.7519929409,0.560146484375
1.75303792953,3.50008789063
1.7540910244,3.1043359375
1.75513505936,3.35482421875
1.7561841011,3.41708007813
1.7572350502,1.50930419922
1.75828099251,1.50930419922
1.75932812691,1.50930419922
1.76042509079,1.50930419922
1.76147413254,1.50930419922
1.76251792908,1.50930419922
1.7635641098,0.754482421875
1.76461005211,0.06966796875
1.76565599442,0.361416015625
1.76670193672,0.25130859375
1.76774597168,3.50887695313
1.76879692078,3.15462890625
1.76984596252,-0.146884765625
1.77094697952,0.493740234375
1.77199292183,0.249599609375
1.77303910255,0.098232421875
1.77408790588,0.573330078125
1.77513098717,0.93880859375
1.77617692947,0.60091796875
1.77722501755,0.201015625
1.77826905251,0.1746484375
1.77931809425,-0.02408203125
1.78040504456,-0.02408203125
1.78144598007,0.16439453125
1.78248405457,0.3396875
1.78352093697,0.37728515625
1.78455996513,0.455166015625
1.78559613228,0.1004296875
1.78663110733,-0.44693359375
1.78766798973,3.18685546875
1.7887070179,3.14779296875
1.7897400856,-0.180087890625
1.79078912735,0.899929199219
1.79183697701,1.50930419922
1.79287910461,1.50930419922
1.79399013519,1.50930419922
1.79504203796,1.50930419922
1.79608893394,1.50930419922
1.79713201523,1.50930419922
1.79817605019,1.41390625
1.79922199249,0.812587890625
1.80026602745,0.03353515625
1.80131411552,3.41268554688
1.8023660183,3.20248046875
1.80341291428,-0.456455078125
1.804459095,-0.247470703125
1.80550408363,-0.375400390625
1.80654811859,-0.146396484375
1.8075940609,0.303798828125
1.80863809586,0.42708984375
1.80968594551,0.251796875
1.81073307991,0.2508203125
1.8117749691,0.48666015625
1.8128221035,0.46224609375
1.81386494637,0.147060546875
1.81491208076,0.178310546875
1.81595802307,0.362392578125
1.81699991226,0.290615234375
1.81804490089,-0.01578125
1.81909108162,3.41561523438
1.82014203072,-0.490634765625
1.82119011879,-0.332919921875
1.82223391533,0.04720703125
1.82328104973,0.93392578125
1.82432889938,1.25594726562
1.82537508011,0.86166015625
1.82642292976,0.702724609375
1.82747006416,0.71029296875
1.82851600647,1.3387109375
1.82956290245,1.50930419922
1.8306119442,1.50838867187
1.83166193962,1.12606445312
1.83271408081,0.554775390625
1.83375692368,0.207119140625
1.8348069191,-0.14712890625
1.83585309982,-0.445224609375
1.83689808846,-0.355869140625
1.83794593811,0.136806640625
1.83899211884,0.56673828125
1.84004092216,0.6199609375
1.84109091759,0.507900390625
1.84213495255,0.455166015625
1.84318304062,0.40951171875
1.84422898293,0.406826171875
1.84527301788,0.70541015625
1.84632301331,0.976162109375
1.84736704826,1.0965234375
1.84841394424,0.85775390625
1.84946203232,0.656826171875
1.85051012039,0.609462890625
1.85155701637,0.569912109375
1.85260295868,0.47689453125
1.85364794731,0.66048828125
1.85469698906,0.622646484375
1.85574197769,-0.100498046875
1.85681605339,2.68124023438
1.8578710556,1.50936523437
1.85892295837,1.50936523437
1.8599820137,1.50936523437
1.86103796959,1.5242578125
1.86208510399,1.50930419922
1.86312794685,1.50930419922
1.86417603493,1.50930419922
1.865224123,1.50930419922
1.86626911163,1.50930419922
1.86731791496,1.50930419922
1.86836194992,3.34188476563
1.86941409111,1.7459375
1.87046909332,1.50936523437
1.87151813507,2.5555078125
1.87256407738,0.134853515625
1.87361001968,0.53158203125
1.87465691566,-0.2335546875
1.87570500374,3.50741210938
1.87675595284,0.259304199219
1.87779998779,1.50930419922
1.87884712219,1.50930419922
1.87994408607,1.49959960937
1.88099694252,1.13827148437
1.88204908371,1.50936523437
1.88310194016,1.66708007812
1.8841509819,-0.48501953125
1.88519692421,0.483486328125
1.88624000549,1.00350585937
1.88729000092,1.50930419922
1.88833713531,1.50930419922
1.88937997818,1.50930419922
1.89043498039,1.50930419922
1.89147996902,0.894130859375
1.89252090454,-0.111728515625
1.89356708527,3.4187890625
1.89461112022,-0.396640625
1.89565610886,0.067470703125
1.89670300484,0.35384765625
1.89775204659,0.7156640625
1.89879798889,1.06869140625
1.89984512329,1.12923828125
1.90094304085,1.1053125
1.90198898315,1.05868164062
1.90303993225,0.68001953125
1.90408706665,0.2078515625
1.90512990952,-0.086337890625
1.90617609024,0.1863671875
1.90722298622,1.04647460937
1.90827202797,1.50930419922
1.90931892395,1.32845703125
1.91041707993,0.973232421875
1.91146707535,0.834560546875
1.91251111031,0.7957421875
1.91355800629,0.611904296875
1.91460490227,0.44369140625
1.91564893723,0.511806640625
1.91669797897,0.689052734375
1.91774201393,0.74447265625
1.91879010201,0.670009765625
1.91983604431,0.6687890625
1.92093396187,0.7859765625
1.92198204994,0.6473046875
1.92302513123,0.4422265625
1.92407298088,0.4676171875
1.92511510849,0.712001953125
1.9261610508,0.661220703125
1.92720794678,0.5242578125
1.9282541275,0.6726953125
1.92930102348,0.940517578125
1.93039393425,1.10702148437
1.93144893646,0.884609375
1.93249511719,0.612392578125
1.93354105949,0.542080078125
1.93458795547,0.605556640625
1.93563103676,0.6258203125
1.93667912483,0.531337890625
1.93772506714,0.43099609375
1.93877005577,0.25619140625
1.93981909752,0.331875
1.94091391563,0.646083984375
1.94196200371,0.534267578125
1.94300508499,0.355068359375
1.94405293465,-0.025546875
1.94509792328,-0.4718359375
1.94614005089,3.43465820313
1.94719290733,-0.36294921875
1.94831395149,-0.111484375
1.94936490059,0.10287109375
1.95046496391,0.117763671875
1.95151090622,0.095791015625
1.95255899429,0.032314453125
1.9536049366,0.02767578125
1.95464992523,0.12875
1.95569801331,0.312587890625
1.95674300194,0.296962890625
1.95781898499,0.28060546875
1.95886492729,0.385830078125
1.95995903015,0.404873046875
1.96100497246,0.466396484375
1.96205091476,0.387783203125
1.96309804916,0.413662109375
1.96414208412,0.536220703125
1.96518993378,0.495205078125
1.96623492241,0.34115234375
1.96728205681,0.400966796875
1.96832990646,0.55794921875
1.96937513351,0.57455078125
1.9704709053,0.525478515625
1.97151613235,0.588466796875
1.97256398201,1.11751953125
1.97361207008,1.41555419922
1.97465896606,1.50930419922
1.97570490837,1.50930419922
1.97675013542,1.50930419922
1.9777970314,1.50930419922
1.97884702682,1.50930419922
1.97993993759,1.13900390625
1.98098993301,0.072109375
1.98203706741,-0.4855078125
1.98308300972,3.27083984375
1.98412704468,3.43514648438
1.98517990112,-0.342197265625
1.98622703552,-0.12369140625
1.98727107048,0.0808984375
1.98831892014,0.175869140625
1.98936605453,0.290859375
1.99046111107,0.341396484375
1.99150800705,0.30990234375
1.99255490303,0.283779296875
1.99360108376,0.224208984375
1.99464607239,0.019130859375
1.99569392204,-0.016025390625
1.99673891068,0.024501953125
1.99778604507,0.0672265625
1.99883508682,0.210048828125
1.99992513657,0.838466796875
2.00097894669,1.17196289062
2.00202798843,1.40072265625
2.00307703018,1.31258789062
2.00412893295,0.923671875
2.00517892838,0.56380859375
2.00622606277,0.381435546875
2.00727009773,0.545009765625
2.00831794739,1.26864257812
2.00936794281,1.50930419922
2.01046490669,1.50930419922
2.01150894165,1.50930419922
2.01255607605,1.50399414062
2.01360797882,1.44686523437
2.01465797424,1.58749023437
2.01571202278,1.519375
2.01675391197,1.7625390625
2.0177989006,2.84481445313
2.01885008812,3.44588867188
2.019947052,0.235439453125
2.02099204063,1.50930419922
2.02204012871,1.50930419922
2.02308511734,1.20516601562
2.02413201332,1.50930419922
2.0251789093,0.655361328125
2.02622509003,3.38485351563
2.02727508545,-0.131015625
2.02832102776,0.9051171875
2.02936410904,0.878017578125
2.03045511246,0.140224609375
2.03148913383,-0.02994140625
2.03252696991,0.778408203125
2.03356695175,0.988857421875
2.0346031189,0.937587890625
2.03563809395,1.08114257812
2.03668093681,0.77474609375
2.03771805763,0.397548828125
2.03875207901,0.45052734375
2.03978896141,0.2801171875
2.04083800316,0.7723046875
2.04188013077,0.929775390625
2.0429251194,0.487880859375
2.04397106171,0.137783203125
2.04501390457,0.466396484375
2.04606103897,0.789150390625
2.04710412025,0.8738671875
2.04814696312,0.703701171875
2.04919505119,0.403408203125
2.0502409935,-0.003330078125
2.05128693581,-0.242587890625
2.05233311653,-0.265537109375
2.05337691307,-0.09341796875
2.05442094803,0.05501953125
2.05546808243,0.310146484375
2.05651092529,0.594326171875
2.05755710602,0.70052734375
2.05862593651,0.52962890625
2.05967211723,0.47005859375
2.06072092056,0.573330078125
2.06176304817,0.354091796875
2.06280994415,0.351162109375
2.06385302544,0.6141015625
2.06489491463,0.80306640625
2.0659430027,0.891201171875
2.06698894501,0.7391015625
2.06803297997,0.50716796875
2.06907892227,0.4910546875
2.0701239109,0.582607421875
2.07116699219,0.601162109375
2.07221293449,0.669033203125
2.0732550621,0.85384765625
2.07430410385,0.95931640625
2.07534909248,0.841640625
2.07639312744,0.755947265625
2.07744002342,0.700771484375
2.07848501205,0.6941796875
2.07953000069,0.633876953125
2.08057904243,0.662197265625
2.08162093163,0.712734375
2.08266711235,0.667568359375
2.08371210098,0.443203125
2.08475494385,0.396572265625
2.08579897881,0.217373046875
2.08684492111,0.14193359375
2.08788895607,0.258876953125
2.08893489838,0.3894921875
2.08998513222,0.329677734375
2.0910320282,0.223720703125
2.09207892418,0.284755859375
2.09312200546,0.427578125
2.09417009354,0.504970703125
2.09521603584,0.523525390625
2.09625697136,0.521572265625
2.09730410576,0.552333984375
2.0983479023,0.578701171875
2.09939193726,0.5965234375
2.10050010681,0.52279296875
2.10155391693,0.431728515625
2.10260009766,0.459560546875
2.10364198685,0.45931640625
2.10469007492,0.461513671875
2.10573410988,0.531337890625
2.10678100586,0.59115234375
2.10782694817,0.547939453125
2.10887503624,0.52572265625
2.10997509956,0.549404296875
2.11102104187,0.58236328125
2.11206698418,0.59359375
2.11311197281,0.6062890625
2.11415696144,0.5789453125
2.11520195007,0.52376953125
2.11625003815,0.442958984375
2.1172940731,0.41830078125
2.11833810806,0.419765625
2.11938095093,0.415126953125
2.12043404579,0.408291015625
2.1214799881,0.463955078125
2.12252402306,0.537197265625
2.12356901169,0.54525390625
2.12461304665,0.540859375
2.12565898895,0.74984375
2.12670707703,0.8709375
2.12774991989,0.80697265625
2.12879610062,0.62728515625
2.1298429966,0.501552734375
2.13094091415,0.392421875
2.13198709488,0.292080078125
2.13303208351,0.27181640625
2.13408112526,0.339443359375
2.13512396812,0.42025390625
2.13616991043,0.463955078125
2.13721609116,0.46322265625
2.13826012611,0.435634765625
2.13930892944,0.420986328125
2.14040207863,0.4598046875
2.14145112038,0.515712890625
2.14249897003,0.584072265625
2.14354395866,0.5975
2.14459109306,0.59896484375
2.14563512802,0.556484375
2.14668107033,0.483974609375
2.14772701263,0.422939453125
2.14876890182,0.45736328125
2.14981603622,0.5008203125
2.15091300011,0.462734375
2.15196013451,0.3836328125
2.15300512314,0.33822265625
2.15405297279,0.34310546875
2.1550989151,0.359951171875
2.15614295006,0.399990234375
2.15718793869,0.46224609375
2.15823411942,0.448818359375
2.15930700302,0.434658203125
2.16040205956,0.42025390625
2.16144990921,0.42318359375
2.16249203682,0.40169921875
2.16353702545,0.437587890625
2.16458106041,0.582607421875
2.1656229496,0.603115234375
2.16666793823,0.547451171875
2.16771507263,0.459560546875
2.16875696182,0.41830078125
2.16980195045,0.436611328125
2.17089295387,0.472744140625
2.1719379425,0.481533203125
2.17298293114,0.472744140625
2.17402791977,0.419521484375
2.1750729084,0.405849609375
2.17611503601,0.42904296875
2.1771569252,0.4090234375
2.17820191383,0.3250390625
2.17924594879,0.19662109375
2.18029308319,0.20345703125
2.18133807182,0.41732421875
2.18237900734,0.69125
2.18342399597,0.778896484375
2.1844689846,0.627041015625
2.18551301956,0.548916015625
2.18655896187,0.889248046875
2.18760299683,0.872646484375
2.18864512444,0.60775390625
2.18969011307,0.273037109375
2.19073605537,0.30404296875
2.19178104401,0.66439453125
2.19282698631,0.69564453125
2.1938700676,0.3553125
2.19491505623,0.177333984375
2.19596195221,0.43587890625
2.19700503349,0.628505859375
2.19805192947,0.604091796875
2.19909501076,0.57845703125
2.20014595985,0.569423828125
2.20120000839,0.416591796875
2.20225095749,0.409755859375
2.20330190659,0.423916015625
2.20434808731,0.5926171875
2.20539307594,0.622646484375
2.20644211769,0.47884765625
2.20748806,0.33919921875
2.20853495598,0.51888671875
2.20958399773,0.65853515625
2.21063113213,0.532314453125
2.21167898178,0.262294921875
2.21272611618,0.287197265625
2.21376991272,0.63216796875
2.21481704712,0.7820703125
2.21586203575,0.53841796875
2.21690893173,0.322841796875
2.21795606613,0.486904296875
2.21900010109,0.638271484375
2.22005009651,0.43001953125
2.22109699249,0.33626953125
2.22214198112,0.633876953125
2.2231900692,0.83236328125
2.22423696518,0.653408203125
2.22528290749,0.451259765625
2.22633194923,0.473232421875
2.22737503052,0.594326171875
2.2284219265,0.655849609375
2.22947096825,0.621181640625
2.23051691055,0.548427734375
2.2315659523,0.428310546875
2.23261213303,0.30208984375
2.23365998268,0.33822265625
2.23470902443,0.4803125
2.23575210571,0.61849609375
2.23679900169,0.47640625
2.23784613609,0.432705078125
2.23888993263,0.519130859375
2.23994398117,0.543544921875
2.2409889698,0.468837890625
2.24203705788,0.44515625
2.24308395386,0.370693359375
2.24412798882,0.2723046875
2.24517607689,0.26205078125
2.2462220192,0.60775390625
2.24726510048,0.77181640625
2.24831390381,0.50228515625
2.24936008453,0.2176171875
2.25046300888,0.49642578125
2.25150895119,0.44857421875
2.25255703926,0.22201171875
2.25360512733,0.228359375
2.25470995903,0.299892578125
2.25575995445,0.415126953125
2.25680708885,0.41048828125
2.25785303116,0.38802734375
2.25889801979,0.37630859375
2.25997710228,0.42611328125
2.26102399826,0.491787109375
2.26206994057,0.4988671875
2.26311397552,0.400234375
2.26416110992,-0.1446875
2.26520895958,2.40780273438
2.26626110077,1.58919921875
2.26731491089,2.53744140625
2.26836109161,0.294765625
2.26940798759,1.21242919922
2.27046394348,1.50930419922
2.27150893211,1.50930419922
2.27255797386,0.51205078125
2.27360701561,0.04330078125
2.27465605736,0.200771484375
2.27570390701,0.017666015625
2.27674913406,-0.459873046875
2.27779507637,2.79037109375
2.27884507179,2.82088867188
2.27994394302,3.47127929688
2.28098893166,0.470546875
2.28202795982,1.09603515625
2.28306698799,1.07552734375
2.28410410881,0.701748046875
2.28513908386,0.917080078125
2.28617691994,1.11922851562
2.2872209549,0.8152734375
2.28825712204,0.472255859375
2.28929495811,0.3660546875
2.29034304619,0.115810546875
2.29139113426,-0.183994140625
2.29243993759,0.043544921875
2.29348492622,0.444912109375
2.29453206062,0.4910546875
2.2955789566,0.39095703125
2.29662203789,0.6053125
2.29766893387,0.6199609375
2.29871797562,0.24251953125
2.29976201057,0.099208984375
2.30081295967,0.3562890625
2.3018579483,0.52865234375
2.30290412903,0.5789453125
2.30395197868,0.58431640625
2.30499696732,0.582607421875
2.30604290962,0.58041015625
2.3070909977,0.563564453125
2.30813407898,0.500087890625
2.30918097496,0.5144921875
2.31022810936,0.516689453125
2.31127500534,0.316494140625
2.31232309341,0.0379296875
2.31336593628,0.152919921875
2.31441402435,0.27279296875
2.31546092033,0.329189453125
2.31650400162,0.3406640625
2.31755304337,0.406826171875
2.318598032,0.571376953125
2.31964206696,0.635830078125
2.32069206238,0.606044921875
2.32173490524,0.579921875
2.32278299332,0.569912109375
2.32383108139,0.516201171875
2.32487511635,0.458828125
2.32592105865,0.415126953125
2.32696890831,0.395107421875
2.32801294327,0.34310546875
2.32906293869,0.26498046875
2.33011412621,0.1941796875
2.33116102219,0.177578125
2.33221006393,0.20248046875
2.33325600624,0.22201171875
2.33430600166,0.2371484375
2.33535194397,0.380458984375
2.33639597893,0.435146484375
2.337444067,0.4461328125
2.33849000931,0.46810546875
2.33953690529,0.49349609375
2.34058594704,0.52083984375
2.34163093567,0.502529296875
2.34267902374,0.443935546875
2.34372401237,0.4109765625
2.34476709366,0.38216796875
2.34581613541,0.39876953125
2.34686303139,0.372890625
2.34790992737,0.47591796875
2.34895801544,0.946804199219
2.35000491142,1.50930419922
2.35105490685,1.50930419922
2.35210204124,1.50930419922
2.3531460762,1.50545898437
2.35420012474,0.646083984375
2.35524892807,-0.231845703125
2.3562951088,3.47494140625
2.35734391212,-0.41373046875
2.35838699341,-0.321689453125
2.35943412781,-0.10025390625
2.3605120182,0.2771875
2.36156010628,0.454189453125
2.36260700226,0.64046875
2.36365294456,0.791591796875
2.36470103264,0.748623046875
2.3657450676,0.540615234375
2.36679196358,0.166591796875
2.36784005165,-0.03189453125
2.36888408661,-0.02212890625
2.36993908882,0.017421875
2.37098503113,-0.003818359375
2.37203192711,0.088466796875
2.37308001518,0.376064453125
2.37412405014,0.69857421875
2.3751718998,0.911220703125
2.37622094154,0.888515625
2.3772649765,0.484951171875
2.37831711769,0.34896484375
2.37936306,0.306484375
2.38046598434,0.331875
2.38151192665,0.360927734375
2.38255906105,0.4090234375
2.38360691071,0.417080078125
2.3846540451,0.38802734375
2.38570308685,0.33724609375
2.38674902916,0.376552734375
2.38779592514,0.41732421875
2.38884401321,0.383876953125
2.38993597031,0.3191796875
2.3909869194,0.28451171875
2.39203500748,0.278896484375
2.39308309555,0.318203125
2.39412713051,0.3484765625
2.39517593384,0.404384765625
2.39622211456,0.497158203125
2.3972659111,0.49837890625
2.39831590652,0.497646484375
2.39935994148,0.4959375
2.40045595169,0.47982421875
2.40150213242,0.39583984375
2.40254998207,0.315517578125
2.4035949707,0.281826171875
2.40463900566,0.283291015625
2.40568590164,0.294765625
2.40673112869,0.309169921875
2.4078309536,0.32015625
2.40888094902,0.328701171875
2.40993595123,0.398037109375
2.41098308563,0.4441796875
2.41202807426,0.495693359375
2.41307497025,0.5047265625
2.41411995888,0.15560546875
2.41516900063,-0.05533203125
2.41621494293,0.753017578125
2.41725802422,0.516689453125
2.41830897331,0.184169921875
2.41935491562,0.103603515625
2.42045497894,0.27328125
2.4214990139,0.515224609375
2.42254805565,0.585537109375
2.42359304428,0.413173828125
2.42463493347,0.25765625
2.42568206787,0.348232421875
2.4267270565,0.52474609375
2.42777109146,0.502041015625
2.42881703377,0.382412109375
2.42985892296,0.355556640625
2.43095803261,0.48373046875
2.43200111389,0.47494140625
2.43304896355,0.32357421875
2.43409490585,0.282314453125
2.43513894081,0.339931640625
2.43618392944,0.40267578125
2.43722891808,0.3328515625
2.43827390671,0.335048828125
2.43932199478,0.427333984375
2.44041609764,0.459560546875
2.44146490097,0.392666015625
2.44250702858,0.324306640625
2.44355511665,0.35287109375
2.44460105896,0.4266015625
2.44564294815,0.471767578125
2.44669008255,0.45931640625
2.44773507118,0.437587890625
2.44877910614,0.431240234375
2.44982409477,0.385830078125
2.45092511177,0.311611328125
2.45197105408,0.317958984375
2.45301413536,0.36703125
2.45406007767,0.378017578125
2.45510601997,0.36947265625
2.45615196228,0.394619140625
2.45719909668,0.387783203125
2.45824694633,0.392177734375
2.45929312706,0.41341796875
2.46034312248,0.410732421875
2.46138906479,0.372646484375
2.46243596077,0.352626953125
2.46348190308,0.38119140625
2.46452593803,0.4344140625
2.46557211876,0.466884765625
2.46661496162,0.4656640625
2.46765899658,0.43490234375
2.46870493889,0.416591796875
2.46974802017,0.4617578125
2.47079801559,0.467861328125
2.47184300423,0.477138671875
2.47288608551,0.4187890625
2.47393202782,0.40462890625
2.4749789238,0.374599609375
2.47602391243,0.33138671875
2.47707009315,0.299892578125
2.47811198235,0.29720703125
2.47915697098,0.302578125
2.48020601273,0.33626953125
2.48125004768,0.389248046875
2.48229503632,0.42953125
2.48334407806,0.45541015625
2.48438811302,0.46517578125
2.485435009,0.466640625
2.48648309708,0.46908203125
2.48752903938,0.455166015625
2.48857498169,0.4207421875
2.48961901665,0.393154296875
2.49066710472,0.368740234375
2.4917140007,0.37435546875
2.49275708199,0.361904296875
2.49380493164,0.341396484375
2.49484992027,0.357021484375
2.49589300156,0.355068359375
2.4969420433,0.355556640625
2.49798798561,0.3543359375
2.49903512001,0.376064453125
2.50008511543,0.412685546875
2.50112891197,0.427578125
2.50217700005,0.432705078125
2.50322413445,0.43734375
2.50426793098,0.43197265625
2.50531601906,0.43197265625
2.50636100769,0.409755859375
2.50740909576,0.3973046875
2.50845789909,0.377529296875
2.50950312614,0.35775390625
2.51055502892,0.352138671875
2.51160097122,0.349208984375
2.51264691353,0.3475
2.5136950016,0.341640625
2.51474404335,0.36556640625
2.51579403877,0.35970703125
2.51684308052,0.356044921875
2.51788806915,0.378017578125
2.51893591881,0.306728515625
2.51998591423,0.43490234375
2.52103710175,0.481533203125
2.52208399773,0.371181640625
2.52312803268,0.403408203125
2.52417612076,0.305751953125
2.52522301674,0.329677734375
2.5262670517,0.497890625
2.52731490135,0.52181640625
2.52835893631,0.366787109375
2.52940392494,0.2615625
2.53045701981,0.29916015625
2.53149294853,0.422451171875
2.53253102303,0.43392578125
2.53357100487,0.380703125
2.53460597992,0.33578125
2.53564310074,0.322841796875
2.53668212891,0.366298828125
2.53771901131,0.379482421875
2.53875398636,0.390712890625
2.53979206085,0.393642578125
2.54084300995,0.406337890625
2.54188799858,0.44564453125
2.54293704033,0.44173828125
2.54398202896,0.381923828125
2.54502701759,0.3562890625
2.54607391357,0.37826171875
2.54711890221,0.396083984375
2.54816412926,0.37240234375
2.54921007156,0.3475
2.55025601387,0.355556640625
2.55130290985,0.36849609375
2.55234599113,0.360439453125
2.55338907242,0.355556640625
2.5544359684,0.34896484375
2.55548000336,0.34896484375
2.55652403831,0.33529296875
2.55756902695,0.348232421875
2.55860996246,0.353359375
2.5596549511,0.392666015625
2.56070208549,0.420986328125
2.561825037,0.45248046875
2.5628759861,0.45248046875
2.56392407417,0.420009765625
2.56496810913,0.427333984375
2.56600999832,0.433193359375
2.56705594063,0.395595703125
2.56810092926,0.336025390625
2.56914305687,0.316982421875
2.57019305229,0.343837890625
2.57123708725,0.353115234375
2.57228207588,0.33822265625
2.57332897186,0.33529296875
2.57437205315,0.346279296875
2.57541704178,0.359951171875
2.57646393776,0.35970703125
2.57750701904,0.3641015625
2.57855296135,0.369716796875
2.57959890366,0.419521484375
2.58064413071,0.435146484375
2.58169007301,0.434658203125
2.5827319622,0.423916015625
2.58377599716,0.40951171875
2.58482098579,0.389248046875
2.58587002754,0.371669921875
2.58691501617,0.34896484375
2.58796310425,0.338955078125
2.58900499344,0.34115234375
2.59005403519,0.33724609375
2.59109902382,0.34603515625
2.59214091301,0.3621484375
2.59318590164,0.380458984375
2.5942299366,0.396328125
2.59527611732,0.4031640625
2.59632205963,0.4109765625
2.59736895561,0.40755859375
2.59841394424,0.38265625
2.59945893288,0.379970703125
2.60050392151,0.37142578125
2.60155105591,0.468837890625
2.60259604454,0.51009765625
2.60363912582,0.42123046875
2.60468697548,0.19076171875
2.60573101044,0.123623046875
2.60677504539,0.32552734375
2.60782194138,0.482998046875
2.60886597633,0.288173828125
2.60996794701,0.281826171875
2.61101412773,0.365078125
2.61206102371,0.389736328125
2.61310601234,0.381923828125
2.6141500473,0.422451171875
2.61519598961,0.440517578125
2.61623597145,0.351162109375
2.61728096008,0.30013671875
2.61832904816,0.345791015625
2.61937093735,0.365810546875
2.62046599388,0.349208984375
2.62150907516,0.37044921875
2.62255692482,0.4480859375
2.62360095978,0.412197265625
2.62464308739,0.3055078125
2.62568902969,0.267421875
2.62673306465,0.3396875
2.62777495384,0.393154296875
2.62882113457,0.357265625
2.62986803055,0.286708984375
2.6309659481,0.300625
2.63200902939,0.3211328125
2.63305497169,0.309169921875
2.63409996033,0.296962890625
2.63513994217,0.323818359375
2.6361849308,0.37728515625
2.63722801208,0.39046875
2.63826990128,0.366787109375
2.63931703568,0.328701171875
2.64041090012,0.34896484375
2.64145994186,0.36458984375
2.64250302315,0.367275390625
2.64355111122,0.34505859375
2.64459490776,0.353359375
2.64563703537,0.3933984375
2.646682024,0.36654296875
2.64772605896,0.311123046875
2.64876890182,0.309169921875
2.64981412888,0.35384765625
2.65090990067,0.331630859375
2.65195703506,0.297939453125
2.65299892426,0.288173828125
2.65404295921,0.305263671875
2.65508890152,0.322353515625
2.65613102913,0.3240625
2.65717792511,0.335048828125
2.65822291374,0.377041015625
2.65926504135,0.3914453125
2.66031312943,0.343837890625
2.66135597229,0.299892578125
2.66243004799,0.29623046875
2.66347503662,0.32259765625
2.66451692581,0.351650390625
2.66556191444,0.295009765625
2.6666059494,0.278896484375
2.66764998436,0.310634765625
2.66869592667,0.341396484375
2.66973590851,0.3475
2.67078304291,0.2928125
2.67182898521,0.418056640625
2.67287111282,0.352138671875
2.67391610146,0.230068359375
2.67496299744,0.25228515625
2.67600607872,0.36947265625
2.67705202103,0.35921875
2.67809700966,0.293056640625
2.67913794518,0.286220703125
2.6801841259,0.34896484375
2.68123006821,0.321376953125
2.68227291107,0.273037109375
2.68332004547,0.270595703125
2.68436908722,0.315517578125
2.68541407585,0.3035546875
2.68645811081,0.27279296875
2.6875,0.284755859375
2.68854403496,0.307705078125
2.68958997726,0.316005859375
2.6906349659,0.291103515625
2.69168305397,0.311611328125
2.6927280426,0.316494140625
2.69377398491,0.305751953125
2.69481992722,0.322109375
2.69585990906,0.32357421875
2.69690799713,0.302578125
2.69795298576,0.29134765625
2.69899606705,0.28353515625
2.70004296303,0.27767578125
2.70108890533,0.27279296875
2.70213198662,0.273037109375
2.70317792892,0.290615234375
2.70422005653,0.298916015625
2.70526194572,0.267666015625
2.7063100338,0.2820703125
2.70735406876,0.30404296875
2.70840001106,0.244228515625
2.70944690704,0.18197265625
2.71049308777,0.239833984375
2.71153903008,0.3308984375
2.71258592606,0.337978515625
2.71362805367,0.286708984375
2.71472406387,0.3367578125
2.71577501297,0.3758203125
2.71682190895,0.338955078125
2.71786904335,0.30306640625
2.71891593933,0.283291015625
2.71996903419,0.259609375
2.72101402283,0.238857421875
2.72206091881,0.23275390625
2.72310590744,0.238369140625
2.72415113449,0.2459375
2.72519803047,0.25375
2.7262430191,0.205654296875
2.72728896141,0.023037109375
2.72833609581,-0.246494140625
2.72937893867,-0.2980078125
2.73043394089,-0.1866796875
2.73148012161,-0.045078125
2.73252511024,0.118984375
2.73357105255,0.435146484375
2.73461508751,0.626064453125
2.73565793037,0.60970703125
2.73670506477,0.628994140625
2.73774790764,0.372890625
2.73879790306,0.128505859375
2.73984503746,0.142421875
2.74094700813,0.097255859375
2.74199104309,0.141689453125
2.7430369854,0.245205078125
2.74408507347,0.21859375
2.74512600899,0.210537109375
2.74617290497,0.370693359375
2.74721813202,0.332607421875
2.74826002121,0.256923828125
2.74930691719,0.25033203125
2.75040102005,0.2957421875
2.7514500618,0.301357421875
2.75249290466,0.32015625
2.75353813171,0.207607421875
2.75458407402,0.075771484375
2.75562691689,0.127041015625
2.75667500496,0.39486328125
2.75771999359,0.34798828125
2.75876402855,0.23470703125
2.75980901718,0.124599609375
2.76090598106,0.113369140625
2.76195192337,0.203212890625
2.76302289963,0.19466796875
2.7640709877,0.2058984375
2.76511502266,0.274013671875
2.76616096497,0.161708984375
2.76720690727,0.063076171875
2.76824998856,0.1805078125
2.76929497719,0.309658203125
2.77034497261,0.28109375
2.77138805389,0.217861328125
2.77243494987,0.153896484375
2.77347898483,0.101650390625
2.77786898613,0.13119140625
2.77893209457,0.118740234375
2.78007006645,0.15755859375
2.78111195564,0.28841796875
2.78215503693,0.25423828125
2.78319597244,0.1355859375
2.78423309326,0.13509765625
2.78527212143,0.2742578125
2.78631305695,0.337001953125
2.78735113144,0.3445703125
2.78838706017,0.3172265625
2.78942608833,0.236416015625
2.7904920578,0.19125
2.79153108597,0.154873046875
2.79257011414,0.1473046875
2.79361104965,0.209560546875
2.79465293884,0.17953125
2.79569196701,0.115078125
2.79672694206,0.13265625
2.79776191711,0.215419921875
2.79880094528,0.316982421875
2.7998380661,0.413173828125
2.8009750843,0.425869140625
2.80201911926,0.395595703125
2.80306005478,0.34603515625
2.80409812927,0.300869140625
2.805134058,0.254970703125
2.80617403984,0.214931640625
2.80721092224,0.17220703125
2.80824613571,0.116787109375
2.80928301811,0.052822265625
2.8103260994,0.024013671875
2.81136608124,0.01546875
2.81240391731,0.070888671875
2.81344509125,0.112392578125
2.81448698044,0.14193359375
2.81552600861,0.156337890625
2.81656503677,0.18685546875
2.8176009655,0.177333984375
2.81863999367,0.17025390625
2.81967997551,0.13900390625
2.82073307037,0.1277734375
2.8217830658,0.14779296875
2.82283091545,0.16341796875
2.82387399673,0.198330078125
2.82492399216,0.19271484375
2.82596898079,0.27279296875
2.82701301575,0.24642578125
2.8280620575,0.223720703125
2.82910609245,0.24740234375
2.83015394211,0.293056640625
2.83120012283,0.2234765625
2.8322429657,0.173427734375
2.8332901001,0.175869140625
2.83433890343,0.126064453125
2.83538413048,0.090419921875
2.83643198013,0.0945703125
2.83747792244,0.08822265625
2.83852505684,0.079921875
2.83957195282,0.1492578125
2.84061908722,0.207119140625
2.84166502953,0.22298828125
2.84271192551,0.267421875
2.84375596046,0.294521484375
2.84480404854,0.30453125
2.84584999084,0.286220703125
2.84689712524,0.243740234375
2.8479449749,0.190029296875
2.84898996353,0.160244140625
2.85003805161,0.14291015625
2.85108709335,0.09896484375
2.85213112831,0.080166015625
2.85317707062,0.109462890625
2.85422301292,0.1433984375
2.85526895523,0.148037109375
2.85631608963,0.167080078125
2.85736012459,0.213955078125
2.85840892792,0.274501953125
2.85945606232,0.292080078125
2.86050105095,0.229580078125
2.8615489006,0.172451171875
2.862596035,0.1648828125
2.86367702484,0.1316796875
2.86472296715,0.078212890625
2.86576509476,0.080654296875
2.86681604385,0.093837890625
2.86786007881,0.0848046875
2.86890506744,0.116298828125
2.86995911598,0.19662109375
2.87100696564,0.216396484375
2.87217998505,0.2703515625
2.87322998047,0.276455078125
2.87427592278,0.26791015625
2.87532711029,0.2156640625
2.87637090683,0.253994140625
2.8774189949,0.27865234375
2.8784661293,0.335537109375
2.87950992584,0.361171875
2.88056111336,0.424404296875
2.8816049099,0.47884765625
2.88264989853,0.459560546875
2.88369703293,0.3894921875
2.88474106789,0.332119140625
2.88578605652,0.239833984375
2.8868329525,0.177822265625
2.88787698746,0.130947265625
2.88892507553,0.1141015625
2.8899769783,0.08626953125
2.89101910591,0.043544921875
2.89205908775,0.065517578125
2.89309501648,0.10091796875
2.89413189888,0.099697265625
2.89516997337,0.090419921875
2.89620900154,0.096767578125
2.89724397659,0.084072265625
2.89828205109,0.04427734375
2.89932203293,0.024990234375
2.90048694611,-0.0519140625
2.90154099464,-0.0870703125
2.90259099007,-0.1124609375
2.90363502502,-0.104404296875
2.9046831131,-0.094150390625
2.9057290554,-0.0773046875
2.90677809715,-0.082919921875
2.90782499313,-0.0675390625
2.90886902809,-0.0226171875
2.90996599197,-0.006259765625
2.91101312637,0.01498046875
2.9120619297,0.02767578125
2.91310691833,0.045009765625
2.91415405273,0.06576171875
2.91520309448,0.056240234375
2.91624712944,0.056728515625
2.91729593277,0.05306640625
2.91834306717,0.04427734375
2.9193880558,0.119716796875
2.92044401169,0.188076171875
2.92149209976,0.258876953125
2.92253804207,0.31234375
2.92358613014,0.37337890625
2.92462992668,0.389248046875
2.92567896843,0.321865234375
2.92672491074,0.192958984375
2.92777109146,0.088466796875
2.92882013321,0.05892578125
2.92986512184,0.087001953125
2.93096590042,0.08578125
2.93201112747,0.073330078125
2.9330599308,0.06283203125
2.93410491943,0.019130859375
2.93515205383,0.019130859375
2.93619894981,0.03109375
2.93724393845,0.009609375
2.93829107285,0.03060546875
2.93934011459,0.098720703125
2.94043707848,0.135830078125
2.94148302078,0.189296875
2.94252991676,0.1980859375
2.94357705116,0.1746484375
2.94462203979,0.164638671875
2.94566893578,0.12142578125
2.9467151165,0.1004296875
2.94776010513,0.110927734375
2.94880700111,0.140224609375
2.94985294342,0.19076171875
2.95095205307,0.25375
2.9519970417,0.322841796875
2.95304608345,0.4334375
2.95409202576,0.56625
2.95513606071,0.6687890625
2.9561829567,0.73421875
2.95722794533,0.722744140625
2.9582760334,0.635830078125
2.95932507515,0.388759765625
2.96042299271,0.20296875
2.96146798134,0.144130859375
2.9625120163,0.230556640625
2.96356201172,0.308681640625
2.96463298798,0.33626953125
2.96568107605,0.339443359375
2.96672511101,0.36068359375
2.96777105331,0.370205078125
2.9688179493,0.39486328125
2.96986603737,0.327236328125
2.97096610069,0.257412109375
2.97200894356,0.171962890625
2.97305607796,0.14583984375
2.97410297394,0.08138671875
2.97514605522,0.026943359375
2.9761929512,0.03548828125
2.97723293304,0.02865234375
2.97828006744,0.04671875
2.97932696342,0.063564453125
2.98042201996,0.090419921875
2.98146796227,0.087978515625
2.98251199722,0.0769921875
2.98355793953,0.131923828125
2.98460292816,0.109462890625
2.98564910889,0.097255859375
2.98669505119,0.1746484375
2.98773908615,0.262783203125
2.98878312111,0.215908203125
2.98983001709,0.229580078125
2.99093103409,0.24056640625
2.99197697639,0.152919921875
2.99302196503,0.0945703125
2.9940700531,0.188076171875
2.99511408806,0.16634765625
2.99615812302,0.134609375
2.997205019,0.116298828125
2.99824690819,0.09603515625
2.99929499626,0.155361328125
