time (sec), y-accel
0.000319957733154,0.0146337890625
0.00143885612488,-0.0061181640625
0.00249099731445,-0.0024560546875
0.00354194641113,-0.0122216796875
0.00458908081055,0.0134130859375
0.00563788414001,-0.0029443359375
0.0066819190979,0.0048681640625
0.00773000717163,0.0026708984375
0.00877785682678,0.0031591796875
0.00982189178467,0.0041357421875
0.0108740329742,0.0087744140625
0.0119209289551,0.0034033203125
0.0129668712616,0.0048681640625
0.0140149593353,-0.0022119140625
0.0150589942932,0.0012060546875
0.016105890274,-0.0027001953125
0.0171530246735,-0.0061181640625
0.0181958675385,-0.0044091796875
0.0192439556122,0.0012060546875
0.0202889442444,-0.0005029296875
0.0213389396667,0.0012060546875
0.0223848819733,-0.0029443359375
0.0234289169312,-0.0041650390625
0.024472951889,-0.0139306640625
0.0255179405212,0.0168310546875
0.0265619754791,-0.0002587890625
0.027606010437,0.0019384765625
0.0286509990692,0.0053564453125
0.0296940803528,0.0036474609375
0.0307459831238,0.0041357421875
0.0317928791046,0.0048681640625
0.0328378677368,0.0031591796875
0.0338859558105,0.0041357421875
0.0349299907684,0.0021826171875
0.0359749794006,-0.0007470703125
0.0370209217072,-0.0014794921875
0.0380630493164,-0.0009912109375
0.0391089916229,-0.0141748046875
0.0401539802551,0.0031591796875
0.0412700176239,0.0014501953125
0.0423128604889,0.0051123046875
0.0433599948883,0.0165869140625
0.0444049835205,-0.0136865234375
0.0454468727112,0.0160986328125
0.0464930534363,0.0007177734375
0.0475389957428,-0.0007470703125
0.048583984375,-0.0034326171875
0.0496299266815,0.0014501953125
0.0507218837738,0.0026708984375
0.0517749786377,0.0031591796875
0.0528199672699,0.0014501953125
0.0538680553436,-0.0005029296875
0.0549130439758,-0.0009912109375
0.0559599399567,-0.0009912109375
0.0570070743561,0.0024267578125
0.0580489635468,0.0143896484375
0.0590970516205,-0.0009912109375
0.0601439476013,-1.46484375e-05
0.0612509250641,-0.0139306640625
0.062294960022,0.0060888671875
0.0633418560028,0.0036474609375
0.0643899440765,0.0041357421875
0.0654330253601,0.0165869140625
0.0664858818054,0.0007177734375
0.0675349235535,-0.0024560546875
0.0685789585114,-0.0056298828125
0.0696289539337,-0.0031884765625
0.0707249641418,-0.0014794921875
0.0717768669128,0.0016943359375
0.0728209018707,-0.0024560546875
0.0738699436188,-0.0012353515625
0.0749170780182,0.0009619140625
0.075963973999,0.0075537109375
0.0770130157471,0.0051123046875
0.078057050705,0.0165869140625
0.0791029930115,-0.0119775390625
0.0801510810852,0.0021826171875
0.0812439918518,0.0019384765625
0.0822899341583,0.0019384765625
0.0833380222321,0.0024267578125
0.0843849182129,0.0021826171875
0.0854289531708,0.0058447265625
0.0864748954773,0.0163427734375
0.087522983551,-0.0027001953125
0.0885660648346,-0.0009912109375
0.0896129608154,-0.0029443359375
0.0906569957733,0.0041357421875
0.0917570590973,0.0004736328125
0.0928089618683,0.0007177734375
0.0938539505005,0.0024267578125
0.0949020385742,0.0043798828125
0.0959448814392,0.0002294921875
0.0969929695129,-0.0036767578125
0.0980398654938,-0.0102685546875
0.099084854126,0.0038916015625
0.1001329422,0.0126806640625
0.101233959198,-1.46484375e-05
0.102287054062,-0.0005029296875
0.103333950043,-0.0129541015625
0.104382038116,0.0136572265625
0.105431079865,-0.0007470703125
0.106477975845,-0.0048974609375
0.107524871826,-0.0007470703125
0.10856795311,0.0029150390625
0.109616041183,0.0002294921875
0.110661029816,-1.46484375e-05
0.111763954163,-0.0014794921875
0.11280798912,-0.0024560546875
0.113853931427,-0.0019677734375
0.114901065826,-0.0041650390625
0.115942955017,-0.0014794921875
0.116988897324,0.0009619140625
0.118035078049,0.0007177734375
0.119076967239,0.0004736328125
0.120122909546,-0.0024560546875
0.121214866638,-0.0034326171875
0.122256994247,-0.0022119140625
0.123291969299,-0.0119775390625
0.1243288517,0.0158544921875
0.125367879868,-0.0022119140625
0.126405954361,-0.0031884765625
0.127440929413,-0.0005029296875
0.128479003906,0.0009619140625
0.129518032074,0.0019384765625
0.130552053452,0.0029150390625
0.131603002548,0.0058447265625
0.132649898529,0.0024267578125
0.133857965469,-0.0019677734375
0.134913921356,-1.46484375e-05
0.135963916779,-0.0012353515625
0.137012004852,0.0012060546875
0.13805603981,-0.0119775390625
0.139102935791,0.0043798828125
0.140148878098,0.0014501953125
0.141249895096,0.0029150390625
0.142293930054,0.0038916015625
0.143338918686,0.0156103515625
0.144386053085,-0.0009912109375
0.145431041718,0.0007177734375
0.146476984024,0.0002294921875
0.147525072098,0.0002294921875
0.148568868637,-0.0012353515625
0.149616956711,0.0026708984375
0.150663852692,0.0004736328125
0.151762962341,-1.46484375e-05
0.152811050415,-0.0063623046875
0.153859853745,-0.0002587890625
0.15490603447,0.0007177734375
0.155950069427,-0.0034326171875
0.156997919083,0.0012060546875
0.158042907715,0.0007177734375
0.159087896347,-0.0014794921875
0.160134077072,-0.0034326171875
0.161227941513,-0.0019677734375
0.162276029587,-0.0009912109375
0.163318872452,-0.0124658203125
0.16436290741,0.0043798828125
0.165408849716,-0.0009912109375
0.166452884674,-0.0022119140625
0.167500972748,0.0014501953125
0.168544054031,-0.0022119140625
0.169589996338,0.0031591796875
0.170636892319,0.0021826171875
0.171733856201,-0.0002587890625
0.172781944275,0.0043798828125
0.173825979233,-0.0002587890625
0.174872875214,0.0029150390625
0.175916910172,0.0038916015625
0.176961898804,0.0043798828125
0.178008079529,0.0021826171875
0.179051876068,0.0151220703125
0.180094957352,-0.0005029296875
0.181143045425,-0.0048974609375
0.182187080383,0.0007177734375
0.183234930038,0.0004736328125
0.184279918671,-0.0034326171875
0.18532204628,-0.0129541015625
0.186369895935,0.0038916015625
0.187414884567,0.0048681640625
0.188459873199,0.0034033203125
0.189507007599,0.0043798828125
0.190552949905,0.0016943359375
0.191602945328,0.0024267578125
0.192650079727,0.0036474609375
0.193693876266,0.0009619140625
0.194740056992,0.0009619140625
0.195785999298,0.0021826171875
0.196831941605,-0.0012353515625
0.197877883911,-0.0107568359375
0.198922872543,0.0024267578125
0.199969053268,0.0143896484375
0.201016902924,-0.0122216796875
0.202059984207,0.0053564453125
0.203108072281,0.0153662109375
0.204154968262,-0.0031884765625
0.20519900322,-0.0044091796875
0.2062458992,-0.0051416015625
0.207290887833,-0.0139306640625
0.208337068558,0.0009619140625
0.209383010864,0.0031591796875
0.210428953171,0.0026708984375
0.211478948593,-0.0029443359375
0.2125248909,-0.0012353515625
0.213568925858,0.0024267578125
0.214617013931,0.0021826171875
0.215662956238,0.0065771484375
0.216708898544,0.0060888671875
0.217756986618,-0.0017236328125
0.218805074692,-1.46484375e-05
0.219856023788,-0.0117333984375
0.220905065536,0.0153662109375
0.221948862076,-0.0061181640625
0.222995042801,0.0007177734375
0.224039077759,-0.0041650390625
0.225082874298,0.0026708984375
0.226130008698,0.0141455078125
0.227171897888,-0.0005029296875
0.228218078613,-0.0019677734375
0.229264974594,-1.46484375e-05
0.230311870575,0.0012060546875
0.231360912323,0.0046240234375
0.232405900955,0.0038916015625
0.233448028564,0.0048681640625
0.23452091217,-0.0041650390625
0.235565900803,-0.0031884765625
0.236612081528,-0.0036767578125
0.237658977509,-0.0066064453125
0.238702058792,0.0051123046875
0.239748001099,0.0136572265625
0.240797996521,-0.0136865234375
0.241845846176,0.0112158203125
0.242892980576,-0.0009912109375
0.243936061859,-0.0100244140625
0.244982004166,0.0043798828125
0.246026992798,0.0029150390625
0.247070074081,0.0148779296875
0.248116016388,0.0009619140625
0.249161958694,0.0012060546875
0.250205993652,0.0002294921875
0.251261949539,-0.0002587890625
0.252306938171,-0.0012353515625
0.253355979919,0.0021826171875
0.254400968552,0.0056005859375
0.255444049835,-0.0027001953125
0.25649189949,0.0034033203125
0.257538080215,0.0024267578125
0.258583068848,0.0058447265625
0.259629011154,0.0016943359375
0.260722875595,-0.0012353515625
0.261777877808,0.0002294921875
0.262821912766,-0.0134423828125
0.263869047165,0.0156103515625
0.264914989471,0.0007177734375
0.265959024429,-0.0119775390625
0.267004966736,0.0060888671875
0.268054008484,0.0016943359375
0.26909995079,0.0026708984375
0.270145893097,0.0160986328125
0.2713098526,-1.46484375e-05
0.272367954254,0.0007177734375
0.273412942886,-0.0005029296875
0.274460077286,0.0004736328125
0.275507926941,0.0036474609375
0.276551961899,0.0019384765625
0.277597904205,0.0026708984375
0.278645992279,0.0036474609375
0.27968788147,0.0136572265625
0.280741930008,-0.0014794921875
0.281789064407,-0.0097802734375
0.282835006714,0.0104833984375
0.283882856369,-0.0139306640625
0.284926891327,0.0021826171875
0.285971879959,0.0016943359375
0.287018060684,0.0136572265625
0.288061857224,-0.0034326171875
0.289109945297,-0.0024560546875
0.290153980255,0.0007177734375
0.291250944138,-0.0014794921875
0.292296886444,0.0016943359375
0.293339967728,-0.0029443359375
0.294386863708,0.0002294921875
0.295429944992,0.0021826171875
0.296477079391,-0.0002587890625
0.297523975372,0.0007177734375
0.298567056656,-0.0012353515625
0.299613952637,-0.0009912109375
0.300659894943,0.0029150390625
0.301758050919,0.0131689453125
0.302800893784,0.0002294921875
0.303845882416,-1.46484375e-05
0.304895877838,-0.0139306640625
0.305938005447,0.0053564453125
0.306983947754,0.0065771484375
0.308028936386,0.0024267578125
0.30907201767,0.0134130859375
0.310119867325,-0.0107568359375
0.311214923859,-0.0024560546875
0.312263965607,-0.0005029296875
0.31330704689,0.0046240234375
0.314352035522,0.0038916015625
0.315398931503,0.0014501953125
0.316442012787,-0.0039208984375
0.317487955093,0.0051123046875
0.318532943726,0.0048681640625
0.319576025009,0.0041357421875
0.320621967316,-1.46484375e-05
0.321722984314,0.0009619140625
0.322769880295,-0.0019677734375
0.323812007904,-0.0110009765625
0.324861049652,0.0041357421875
0.325906991959,0.0019384765625
0.326948881149,0.0158544921875
0.327995061874,-0.0122216796875
0.329040050507,0.0126806640625
0.330083847046,-0.0027001953125
0.331130981445,0.0019384765625
0.332175970078,0.0034033203125
0.333221912384,0.0034033203125
0.334267854691,0.0051123046875
0.3353099823,0.0024267578125
0.336358070374,0.0031591796875
0.337401866913,0.0051123046875
0.338444948196,0.0085302734375
0.339489936829,0.0041357421875
0.340533971786,0.0024267578125
0.341579914093,0.0153662109375
0.3426258564,-0.0139306640625
0.343668937683,0.0095068359375
0.34471487999,0.0080419921875
0.345762014389,0.0024267578125
0.34680390358,0.0148779296875
0.347851037979,-0.0141748046875
0.348898887634,0.0153662109375
0.349942922592,-0.0114892578125
0.350992918015,0.0068212890625
0.352038860321,0.0043798828125
0.353082895279,0.0024267578125
0.354129076004,-0.0019677734375
0.355170965195,-0.0019677734375
0.356217861176,-0.0014794921875
0.357267856598,-0.0056298828125
0.358313083649,-0.0056298828125
0.359361886978,-1.46484375e-05
0.360411882401,-0.0005029296875
0.361461877823,0.0029150390625
0.362509965897,0.0029150390625
0.363554000854,0.0063330078125
0.364599943161,0.0043798828125
0.365648984909,0.0160986328125
0.366693973541,-0.0119775390625
0.367742061615,0.0046240234375
0.368787050247,0.0148779296875
0.369832992554,-0.0127099609375
0.370882987976,0.0029150390625
0.371917009354,0.0014501953125
0.372956037521,0.0148779296875
0.373993873596,0.0007177734375
0.375030994415,0.0053564453125
0.376065969467,0.0056005859375
0.377102851868,0.0021826171875
0.378140926361,0.0024267578125
0.379176855087,0.0007177734375
0.380214929581,0.0014501953125
0.381288051605,0.0046240234375
0.382333040237,0.0031591796875
0.383379936218,0.0016943359375
0.38441991806,-0.0029443359375
0.385465860367,-1.46484375e-05
0.386515855789,-0.0024560546875
0.387558937073,-0.0019677734375
0.388606071472,0.0012060546875
0.389651060104,0.0004736328125
0.390739917755,-0.0141748046875
0.391787052155,0.0134130859375
0.392832040787,-0.0044091796875
0.393877983093,-0.0117333984375
0.394921064377,0.0036474609375
0.395964860916,0.0124365234375
0.397011041641,0.0021826171875
0.398052930832,-0.0019677734375
0.399096012115,-0.0019677734375
0.400141000748,0.0026708984375
0.401236057281,0.0068212890625
0.402281999588,0.0009619140625
0.403323888779,-0.0019677734375
0.404370069504,-0.0044091796875
0.405415058136,-1.46484375e-05
0.406463861465,-0.0014794921875
0.407510995865,0.0004736328125
0.408607959747,-0.0122216796875
0.409658908844,0.0021826171875
0.410753011703,0.0029150390625
0.411800861359,0.0058447265625
0.412852048874,0.0048681640625
0.41389799118,0.0153662109375
0.414941072464,-0.0117333984375
0.415987014771,0.0031591796875
0.417031049728,-0.0031884765625
0.418073892593,-0.0012353515625
0.419120073318,0.0041357421875
0.420162916183,0.0043798828125
0.421259880066,0.0016943359375
0.422302961349,0.0002294921875
0.42334985733,0.0012060546875
0.424396038055,-0.0027001953125
0.425436019897,-0.0014794921875
0.426481962204,-1.46484375e-05
0.427531957626,-0.0012353515625
0.428575992584,-0.0031884765625
0.429622888565,0.0007177734375
0.43071103096,-0.0119775390625
0.431762933731,0.0168310546875
0.432803869247,-0.0114892578125
0.43384885788,0.0058447265625
0.434892892838,0.0026708984375
0.435958862305,0.0019384765625
0.437003850937,-0.0005029296875
0.438050985336,-0.0009912109375
0.43909406662,0.0014501953125
0.440139055252,0.0034033203125
0.441232919693,-1.46484375e-05
0.442281007767,-0.0027001953125
0.443323850632,-0.0029443359375
0.444369077682,0.0036474609375
0.445414066315,0.0024267578125
0.44645690918,0.0124365234375
0.447501897812,-0.0024560546875
0.448544025421,-0.0007470703125
0.449586868286,-0.0005029296875
0.450633049011,-0.0014794921875
0.451724052429,-0.0031884765625
0.452771902084,-0.0002587890625
0.453814029694,-0.0141748046875
0.454859018326,0.0031591796875
0.455900907516,0.0026708984375
0.456940889359,0.0007177734375
0.457985877991,-0.0022119140625
0.4590280056,-0.0012353515625
0.460067987442,0.0002294921875
0.46111702919,0.0007177734375
0.462161064148,-0.0046533203125
0.46320605278,-0.0009912109375
0.464251995087,0.0019384765625
0.46529507637,0.0014501953125
0.46633887291,-0.0009912109375
0.467386007309,0.0014501953125
0.4684278965,0.0041357421875
0.469472885132,0.0143896484375
0.470519065857,0.0004736328125
0.471565008163,-0.0141748046875
0.47261095047,0.0014501953125
0.473654985428,0.0168310546875
0.474698066711,-0.0117333984375
0.475744009018,0.0031591796875
0.476789951324,0.0168310546875
0.477833032608,-0.0112451171875
0.478880882263,0.0051123046875
0.479924917221,-0.0012353515625
0.48097205162,0.0046240234375
0.482017993927,0.0016943359375
0.483059883118,-1.46484375e-05
0.48410987854,0.0058447265625
0.485154867172,0.0016943359375
0.486196041107,-0.0039208984375
0.487241983414,-0.0041650390625
0.488286018372,0.0009619140625
0.489331007004,-0.0063623046875
0.490378856659,0.0056005859375
0.491428852081,0.0160986328125
0.492474079132,-0.0007470703125
0.493520021439,-0.0009912109375
0.494561910629,-0.0027001953125
0.495606899261,-0.0075830078125
0.496651887894,0.0063330078125
0.497693061829,0.0029150390625
0.498738050461,0.0021826171875
0.499780893326,0.0036474609375
0.500824928284,0.0009619140625
0.50187087059,-0.0012353515625
0.502915859222,0.0002294921875
0.503960847855,-0.0007470703125
0.50500702858,-0.0014794921875
0.506049871445,-0.0005029296875
0.507093906403,-0.0029443359375
0.508139848709,-0.0027001953125
0.509181976318,-0.0019677734375
0.510228872299,-0.0066064453125
0.511281013489,0.0009619140625
0.512322902679,-0.0061181640625
0.513367891312,0.0004736328125
0.514412879944,-0.0066064453125
0.515456914902,-1.46484375e-05
0.516506910324,-0.0090478515625
0.517549991608,0.0143896484375
0.51859498024,-0.0012353515625
0.519640922546,0.0007177734375
0.520736932755,-0.0017236328125
0.521786928177,-1.46484375e-05
0.522835969925,-0.0014794921875
0.523882865906,0.0002294921875
0.524924993515,0.0014501953125
0.525969982147,0.0026708984375
0.527015924454,0.0034033203125
0.52805685997,0.0024267578125
0.529103040695,-0.0017236328125
0.530148029327,-0.0012353515625
0.531244039536,-1.46484375e-05
0.532293081284,-0.0007470703125
0.533339977264,-0.0046533203125
0.534384965897,-0.0039208984375
0.535434007645,-0.0039208984375
0.536514997482,-0.0029443359375
0.537562847137,0.0012060546875
0.538613080978,-0.0110009765625
0.539659023285,0.0153662109375
0.540756940842,0.0012060546875
0.541802883148,0.0024267578125
0.542850971222,0.0075537109375
0.543897867203,0.0021826171875
0.544941902161,0.0007177734375
0.546055078506,0.0002294921875
0.547107934952,-0.0036767578125
0.548155069351,-0.0041650390625
0.549200057983,0.0019384765625
0.550246953964,0.0056005859375
0.551298856735,0.0143896484375
0.552348852158,-0.0046533203125
0.553395032883,-0.0009912109375
0.554437875748,0.0007177734375
0.555484056473,-0.0007470703125
0.556529045105,-0.0022119140625
0.557573080063,-0.0019677734375
0.558620929718,-0.0110009765625
0.55966591835,0.0038916015625
0.560762882233,0.0070654296875
0.561807870865,0.0041357421875
0.562855958939,0.0002294921875
0.563900947571,0.0007177734375
0.56494307518,0.0060888671875
0.565988063812,0.0034033203125
0.567033052444,-1.46484375e-05
0.568078994751,-0.0005029296875
0.569125890732,0.0002294921875
0.570168018341,0.0026708984375
0.571261882782,0.0141455078125
0.572304964066,-0.0141748046875
0.573350906372,0.0141455078125
0.574395895004,-0.0056298828125
0.575438976288,-0.0027001953125
0.576487064362,-0.0007470703125
0.577530860901,-0.0005029296875
0.578572034836,-0.0036767578125
0.579617977142,-0.0041650390625
0.580662965775,0.0007177734375
0.581758975983,0.0051123046875
0.582802057266,0.0046240234375
0.583847045898,0.0009619140625
0.584892988205,-0.0029443359375
0.585936069489,-0.0007470703125
0.586983919144,0.0012060546875
0.588027954102,0.0009619140625
0.589071035385,-0.0007470703125
0.590116977692,0.0014501953125
0.591213941574,0.0129248046875
0.592259883881,-0.0122216796875
0.59330201149,0.0153662109375
0.594346046448,-0.0012353515625
0.595390081406,-0.0019677734375
0.596432924271,-0.0046533203125
0.597477912903,0.0077978515625
0.598520994186,0.0126806640625
0.599561929703,-0.0022119140625
0.600607872009,0.0002294921875
0.601698875427,0.0038916015625
0.602745056152,0.0004736328125
0.603788852692,0.0036474609375
0.604834079742,0.0070654296875
0.605879068375,0.0043798828125
0.606925010681,0.0043798828125
0.607969999313,0.0031591796875
0.60901594162,-0.0024560546875
0.610058069229,-0.0014794921875
0.611105918884,0.0041357421875
0.612150907516,0.0156103515625
0.613194942474,0.0012060546875
0.614240884781,-0.0141748046875
0.615284919739,0.0136572265625
0.616330862045,-0.0119775390625
0.617375850677,0.0031591796875
0.618424892426,0.0073095703125
0.619468927383,0.0016943359375
0.620512008667,0.0026708984375
0.621553897858,0.0153662109375
0.622591018677,-0.0044091796875
0.623628854752,-0.0009912109375
0.624665021896,0.0004736328125
0.625700950623,-0.0048974609375
0.62673997879,-0.0034326171875
0.627776861191,0.0007177734375
0.628812074661,-0.0014794921875
0.629849910736,-0.0002587890625
0.63089299202,-0.0002587890625
0.631938934326,0.0026708984375
0.632986068726,0.0051123046875
0.634029865265,-0.0019677734375
0.635073900223,-0.0009912109375
0.636121988297,0.0168310546875
0.637188911438,-0.0034326171875
0.638237953186,-0.0034326171875
0.639283895493,-0.0036767578125
0.640331029892,-0.0134423828125
0.641378879547,0.0021826171875
0.642422914505,0.0029150390625
0.643471002579,0.0126806640625
0.644515991211,-0.0129541015625
0.645559072495,0.0124365234375
0.646605014801,0.0043798828125
0.647650003433,0.0077978515625
0.648692846298,0.0029150390625
0.649738073349,0.0021826171875
0.650786876678,0.0026708984375
0.651834011078,-0.0007470703125
0.652880907059,0.0009619140625
0.653922080994,0.0026708984375
0.654964923859,-0.0014794921875
0.656009912491,0.0002294921875
0.6570520401,-0.0036767578125
0.658097028732,-0.0122216796875
0.659143924713,0.0036474609375
0.660184860229,0.0148779296875
0.661238908768,0.0012060546875
0.662281990051,-0.0131982421875
0.663326978683,0.0043798828125
0.664371967316,0.0038916015625
0.665412902832,0.0029150390625
0.66645693779,0.0151220703125
0.667501926422,-0.0019677734375
0.668547868729,-0.0029443359375
0.669591903687,-0.0017236328125
0.670636892319,0.0009619140625
0.671738862991,-0.0034326171875
0.672782897949,-0.0012353515625
0.673827886581,-0.0019677734375
0.674875020981,0.0031591796875
0.675916910172,0.0063330078125
0.676961898804,0.0029150390625
0.678006887436,0.0024267578125
0.679048061371,-0.0105126953125
0.68009185791,0.0041357421875
0.681139945984,0.0126806640625
0.682183027267,-0.0024560546875
0.683284044266,-0.0002587890625
0.684335947037,-0.0019677734375
0.68538403511,-1.46484375e-05
0.686430931091,-0.0027001953125
0.687478065491,-0.0102685546875
0.68852186203,0.0080419921875
0.689563035965,0.0031591796875
0.690608978271,0.0065771484375
0.691706895828,0.0038916015625
0.692756891251,0.0036474609375
0.69379901886,0.0007177734375
0.694844007492,0.0014501953125
0.695889949799,-0.0046533203125
0.696930885315,-1.46484375e-05
0.697980880737,-0.0012353515625
0.69902586937,-0.0041650390625
0.700068950653,-0.0014794921875
0.701117038727,-0.0063623046875
0.702162981033,0.0073095703125
0.703207015991,0.0153662109375
0.704252004623,-0.0017236328125
0.705298900604,-0.0012353515625
0.706345081329,-0.0002587890625
0.707391023636,-0.0022119140625
0.708433866501,-0.0139306640625
0.709480047226,0.0014501953125
0.710525035858,0.0009619140625
0.711569070816,-0.0014794921875
0.712615013123,-0.0002587890625
0.713660001755,0.0019384765625
0.714703083038,0.0024267578125
0.715749979019,-0.0034326171875
0.71679186821,-0.0007470703125
0.717838048935,0.0004736328125
0.718883991241,-0.0027001953125
0.719924926758,0.0012060546875
0.720973014832,0.0165869140625
0.722019910812,0.0009619140625
0.723062038422,-0.0007470703125
0.724107980728,-0.0112451171875
0.725152015686,0.0019384765625
0.726192951202,0.0014501953125
0.727237939835,0.0163427734375
0.728281974792,0.0004736328125
0.729326963425,-0.0129541015625
0.730372905731,0.0129248046875
0.731416940689,-0.0017236328125
0.732462882996,-0.0012353515625
0.733509063721,0.0026708984375
0.734549999237,0.0031591796875
0.735595941544,-0.0012353515625
0.736640930176,-0.0041650390625
0.737707853317,-1.46484375e-05
0.738759994507,-0.0024560546875
0.739801883698,-0.0041650390625
0.740850925446,-0.0007470703125
0.741895914078,0.0043798828125
0.74293589592,0.0136572265625
0.743984937668,-0.0027001953125
0.745028972626,-0.0139306640625
0.746070861816,0.0146337890625
0.747117042542,-0.0134423828125
0.748161077499,0.0148779296875
0.74920797348,-0.0048974609375
0.750252962112,0.0009619140625
0.751297950745,-0.0119775390625
0.752343893051,0.0156103515625
0.753390073776,-0.0017236328125
0.754431009293,-0.0041650390625
0.755476951599,0.0012060546875
0.756520032883,0.0024267578125
0.757561922073,0.0036474609375
0.75860786438,0.0009619140625
0.759652853012,-0.0046533203125
0.760747909546,-0.0005029296875
0.761791944504,-0.0036767578125
0.76283788681,-0.0024560546875
0.763884067535,-0.0044091796875
0.7649269104,-1.46484375e-05
0.765976905823,-0.0009912109375
0.767021894455,-0.0005029296875
0.76806306839,-0.0034326171875
0.769108057022,-0.0017236328125
0.770151853561,-0.0112451171875
0.771245956421,0.0029150390625
0.772289991379,0.0163427734375
0.773334026337,-0.0134423828125
0.774379968643,0.0016943359375
0.77542090416,0.0043798828125
0.776464939117,-0.0012353515625
0.777510881424,-0.0005029296875
0.778553009033,0.0053564453125
0.779595851898,0.0051123046875
0.780641078949,0.0019384765625
0.781738996506,0.0036474609375
0.782783985138,-0.0005029296875
0.78382897377,0.0034033203125
0.784875869751,0.0034033203125
0.785923957825,0.0046240234375
0.786967992783,0.0146337890625
0.788012981415,-0.0012353515625
0.789054870605,0.0009619140625
0.790101051331,-0.0005029296875
0.791189908981,0.0009619140625
0.792235851288,-0.0114892578125
0.793281078339,0.0148779296875
0.794322013855,-0.0027001953125
0.795367002487,0.0004736328125
0.796411037445,0.0026708984375
0.797456026077,-0.0017236328125
0.798501968384,0.0034033203125
0.799546003342,0.0048681640625
0.800592899323,-0.0019677734375
0.801643848419,-0.0012353515625
0.802687883377,0.0053564453125
0.803734064102,0.0043798828125
0.804777860641,0.0034033203125
0.805819034576,0.0016943359375
0.806864023209,-0.0027001953125
0.807909011841,-0.0019677734375
0.808954000473,-0.0014794921875
0.80999994278,-0.0002587890625
0.811043977737,-0.0131982421875
0.81208896637,0.0148779296875
0.813134908676,-0.0141748046875
0.814174890518,0.0156103515625
0.815218925476,-0.0002587890625
0.816264867783,-0.0083154296875
0.817306041718,0.0065771484375
0.818352937698,-0.0073388671875
0.819397926331,-0.0051416015625
0.820492982864,0.0021826171875
0.821542978287,0.0048681640625
0.822587966919,0.0029150390625
0.823633909225,-0.0014794921875
0.824676990509,0.0082861328125
0.825721979141,0.0019384765625
0.826766967773,0.0009619140625
0.82780790329,0.0041357421875
0.828854084015,0.0148779296875
0.829897880554,-0.0036767578125
0.830942869186,-0.0036767578125
0.831989049911,-0.0122216796875
0.833034038544,0.0063330078125
0.834076881409,0.0163427734375
0.835121870041,0.0002294921875
0.836163043976,0.0002294921875
0.837209939957,0.0012060546875
0.838280916214,-0.0017236328125
0.839326858521,0.0002294921875
0.840373039246,0.0029150390625
0.841415882111,0.0019384765625
0.842462062836,-0.0019677734375
0.843508005142,0.0002294921875
0.844554901123,0.0009619140625
0.845607042313,-0.0061181640625
0.846652984619,0.0014501953125
0.847697019577,-0.0041650390625
0.848743915558,-0.0024560546875
0.849786996841,0.0029150390625
0.850836992264,0.0141455078125
0.851886034012,-0.0044091796875
0.85293006897,0.0002294921875
0.853977918625,-0.0012353515625
0.855025053024,-0.0027001953125
0.856067895889,-0.0002587890625
0.857115983963,-0.0112451171875
0.85816192627,0.0048681640625
0.859206914902,0.0026708984375
0.860255002975,0.0046240234375
0.861304998398,0.0092626953125
0.862354040146,0.0070654296875
0.863398075104,0.0029150390625
0.864441871643,0.0034033203125
0.865488052368,-0.0009912109375
0.866533994675,-1.46484375e-05
0.867583036423,-0.0039208984375
0.868630886078,-1.46484375e-05
0.869678020477,0.0012060546875
0.8707280159,-1.46484375e-05
0.87176990509,0.0136572265625
0.872806072235,-0.0129541015625
0.87384390831,0.0163427734375
0.874881982803,-0.0105126953125
0.875916004181,0.0087744140625
0.876951932907,0.0016943359375
0.877989053726,0.0019384765625
0.879024028778,0.0014501953125
0.880056858063,0.0053564453125
0.881101846695,0.0131689453125
0.882149934769,-0.0027001953125
0.883193969727,-0.0114892578125
0.884240865707,0.0034033203125
0.88528585434,-0.0005029296875
0.886332035065,0.0012060546875
0.887377977371,0.0007177734375
0.888422012329,0.0014501953125
0.889464855194,0.0051123046875
0.890510082245,0.0029150390625
0.891553878784,0.0021826171875
0.892600059509,0.0073095703125
0.893646001816,0.0141455078125
0.894689083099,0.0168310546875
0.895735025406,0.0121923828125
0.896779060364,-0.0131982421875
0.897820949554,-0.0022119140625
0.898868083954,-0.0258935546875
0.899911880493,-0.0073388671875
0.900959014893,-0.0027001953125
0.902005910873,-0.0053857421875
0.903049945831,0.0065771484375
0.904094934464,0.0178076171875
0.905142068863,0.0292822265625
0.906184911728,0.0021826171875
0.907232999802,-0.0066064453125
0.908278942108,-0.0053857421875
0.909326076508,-0.0095361328125
0.910373926163,-0.0129541015625
0.911424875259,-0.0044091796875
0.912471055984,-0.0017236328125
0.913517951965,0.0119482421875
0.914560079575,0.0124365234375
0.91560792923,0.0046240234375
0.916652917862,0.0036474609375
0.917697906494,-0.0097802734375
0.918745040894,-0.0053857421875
0.919789075851,-0.0034326171875
0.920835971832,-0.0139306640625
0.92188501358,0.0117041015625
0.922930002213,0.0021826171875
0.923976898193,0.0268408203125
0.925024032593,0.0048681640625
0.926068067551,0.0051123046875
0.92711687088,0.0026708984375
0.928159952164,0.0019384765625
0.92920589447,0.0056005859375
0.93025302887,0.0016943359375
0.931298971176,-0.0002587890625
0.932348966599,-0.0056298828125
0.933395862579,-0.0088037109375
0.934439897537,-0.0031884765625
0.935487031937,0.0012060546875
0.936532020569,-0.0019677734375
0.937577962875,-0.0022119140625
0.938626050949,0.0051123046875
0.939697980881,0.0129248046875
0.940753936768,0.0063330078125
0.941801071167,0.0063330078125
0.942847013474,0.0151220703125
0.943894863129,-0.0012353515625
0.944939851761,-0.0131982421875
0.945987939835,0.0063330078125
0.947033882141,0.0063330078125
0.948080062866,0.0168310546875
0.949126958847,0.0058447265625
0.950170993805,0.0080419921875
0.951272964478,0.0056005859375
0.952316999435,0.0092626953125
0.953366041183,0.0126806640625
0.954411029816,0.0026708984375
0.955456972122,-0.0070947265625
0.95650601387,-0.0029443359375
0.957611083984,0.0048681640625
0.958662033081,0.0102392578125
0.959707975388,0.0077978515625
0.960759878159,0.0036474609375
0.961804866791,0.0129248046875
0.962851047516,-0.0427392578125
0.963896036148,-0.0913232421875
0.964938879013,-0.125258789062
0.965998888016,-0.160659179687
0.96705198288,-0.143813476562
0.968105077744,-0.0959619140625
0.969150066376,-0.0993798828125
0.970193862915,-0.125991210937
0.971253871918,-0.175795898437
0.972301959991,-0.229506835937
0.973353862762,-0.271010742187
0.974405050278,-0.292006835937
0.975455999374,-0.306655273437
0.976507902145,-0.306899414062
0.977556943893,-0.306899414062
0.978608846664,-0.292495117187
0.979659080505,-0.252700195312
0.980762004852,-0.222670898437
0.981813907623,-0.197768554687
0.982867002487,-0.182387695312
0.983914852142,-0.166518554687
0.984966039658,-0.152114257812
0.986016988754,-0.0952294921875
0.987061023712,-0.113784179687
0.988112926483,-0.117202148437
0.989162921906,-0.0969384765625
0.990207910538,-0.123305664062
0.991266012192,-0.138198242187
0.99231505394,-0.231215820312
0.993366956711,-0.248549804687
0.994413852692,-0.122084960937
0.995465040207,-0.123793945312
0.996517896652,-0.228041992187
0.997565984726,-0.268081054687
0.99861907959,-0.184584960937
0.999670028687,0.0732275390625
1.00076293945,0.176254882813
1.00181388855,0.101547851563
1.00286889076,0.0146337890625
1.00391387939,-0.129165039062
1.00496602058,-0.207778320312
1.00601792336,-0.0278466796875
1.00706195831,-0.0730126953125
1.00811004639,-0.231215820312
1.00916099548,-0.247817382812
1.01021099091,-0.0818017578125
1.01126694679,0.0776220703125
1.01231098175,0.0212255859375
1.01335906982,-0.0744775390625
1.01440596581,-0.0815576171875
1.01545286179,-0.115981445312
1.01650500298,-0.108657226562
1.01755285263,-0.225356445312
1.01860594749,-0.245864257812
1.01965785027,-0.158706054687
1.02076005936,-0.298842773437
1.0218129158,3.51170410156
1.02286195755,-0.222915039062
1.02391386032,0.291000976563
1.02496504784,0.577377929688
1.02601599693,-0.172133789062
1.02706503868,-0.253432617187
1.0281188488,-0.0014794921875
1.02916502953,0.204819335938
1.03021597862,0.590805664063
1.03127598763,0.393784179688
1.03232502937,0.229721679688
1.03337907791,-0.0393212890625
1.03442192078,-0.100600585937
1.03547501564,0.0107275390625
1.03652191162,0.136704101563
1.03757095337,-0.0295556640625
1.03861784935,-0.166274414062
1.03969407082,-0.136245117187
1.04075407982,0.205551757813
1.04180788994,0.307358398438
1.04286289215,-0.123305664062
1.04391503334,-0.264174804687
1.04497003555,0.222885742188
1.046022892,0.156235351563
1.04707503319,0.144028320313
1.0481300354,0.0029150390625
1.04917407036,-0.140395507812
1.0502269268,-0.235122070312
1.05128693581,-0.139418945312
1.052339077,0.279038085938
1.05339503288,0.344956054688
1.05444502831,0.0532080078125
1.05549407005,-0.163588867187
1.05654191971,-0.101821289062
1.05759501457,0.0319677734375
1.05864286423,0.0593115234375
1.05968594551,0.0563818359375
1.06074094772,0.0681005859375
1.06178498268,0.148178710938
1.06283688545,0.0654150390625
1.0638859272,-0.105483398437
1.0649368763,0.188217773438
1.06598997116,0.186752929688
1.06703996658,0.0563818359375
1.06808590889,0.0048681640625
1.06913304329,0.0024267578125
1.07017707825,0.0036474609375
1.07123208046,0.0129248046875
1.07227802277,0.0685888671875
1.07332587242,0.0539404296875
1.07437396049,0.0119482421875
1.07542204857,0.0224462890625
1.07646894455,0.0908056640625
1.07751607895,0.140610351563
1.07856488228,0.140366210938
1.07961702347,0.0297705078125
1.08066105843,-0.0669091796875
1.0817630291,0.0236669921875
1.08280801773,0.184067382813
1.08386087418,0.237045898438
1.08491301537,0.300766601563
1.08596491814,1.51701416016
1.08701205254,1.51701416016
1.08805584908,1.51701416016
1.08910393715,0.934311523438
1.09015393257,-0.297133789062
1.09125685692,-0.0698388671875
1.09230303764,-0.399428710937
1.09335589409,2.13353027344
1.09440398216,1.63255371094
1.09545087814,2.08323730469
1.09649801254,3.35936035156
1.09754705429,0.173569335938
1.09859991074,0.0397802734375
1.09964799881,0.527573242188
1.10080003738,1.22947753906
1.10185599327,1.00584472656
1.10290288925,3.32884277344
1.10394906998,-0.244399414062
1.10500001907,0.579575195313
1.10604786873,0.734360351563
1.10709905624,-0.176040039062
1.10814905167,2.76023925781
1.10919189453,3.01536621094
1.11023902893,0.146225585938
1.11129403114,0.906967773438
1.11234688759,0.836166992188
1.1133980751,0.239975585938
1.11444807053,-0.183608398437
1.11549901962,-0.335219726562
1.11654901505,-0.212416992187
1.11759901047,0.0053564453125
1.11864495277,0.190170898438
1.11969304085,0.150620117188
1.12074995041,-0.204604492187
1.12179398537,-0.451674804687
1.12283587456,0.248520507813
1.12387895584,0.401352539063
1.12491893768,0.232895507813
1.12595891953,0.0009619140625
1.12699699402,-0.215102539062
1.12803506851,-0.116713867187
1.12907600403,0.199936523438
1.13011884689,0.329819335938
1.13122296333,0.296860351563
1.13227105141,0.0241552734375
1.13331198692,-0.342055664062
1.13436102867,-0.369887695312
1.13540792465,-0.0478662109375
1.1364839077,0.266098632813
1.13753890991,0.163559570313
1.13859200478,-0.0691064453125
1.13963890076,-0.182387695312
1.14077401161,-0.130629882812
1.14182901382,0.213364257813
1.14288401604,0.322495117188
1.14393496513,0.229965820313
1.14498806,0.0646826171875
1.14603304863,0.0012060546875
1.14707708359,0.344711914063
1.14813089371,0.548325195313
1.14918088913,0.0356298828125
1.15022802353,-0.0312646484375
1.15128087997,0.288559570313
1.15233302116,-0.223403320312
1.15338492393,3.33958496094
1.15442895889,-0.343032226562
1.15548205376,0.189194335938
1.15653300285,0.138168945313
1.15758395195,-0.0788720703125
1.15863394737,0.207993164063
1.15968394279,0.705795898438
1.16074299812,0.551499023438
1.16179299355,-0.269301757812
1.16284704208,-0.152114257812
1.16389894485,-0.102797851562
1.16494894028,-0.214370117187
1.16600108147,-0.197036132812
1.16704893112,-0.0495751953125
1.1680970192,-0.0197900390625
1.1691429615,-0.130874023437
1.1701939106,-0.123305664062
1.1712539196,0.0751806640625
1.17229890823,0.148911132813
1.17335104942,0.0805517578125
1.17439889908,0.0805517578125
1.17544198036,0.177231445313
1.17649698257,0.191391601563
1.17754793167,0.0646826171875
1.17859387398,-0.0644677734375
1.17964100838,-0.0439599609375
1.18073797226,0.0302587890625
1.18178391457,-0.0566552734375
1.18283104897,-0.0717919921875
1.18387889862,-0.0588525390625
1.18492102623,-0.0739892578125
1.18596601486,-0.109633789062
1.18701696396,-0.178481445312
1.18806600571,-0.143813476562
1.18912005424,0.0519873046875
1.19016289711,0.173325195313
1.19126296043,0.155014648438
1.19231390953,0.111557617188
1.19336605072,0.0436865234375
1.19441199303,-0.0847314453125
1.19545793533,-0.0676416015625
1.19650602341,0.0539404296875
1.19754886627,0.0861669921875
1.19859886169,-0.0263818359375
1.19964504242,-0.111342773437
1.2007420063,0.0768896484375
1.20179200172,-0.182387695312
1.20284891129,3.13743652344
1.20389604568,3.21678222656
1.20494008064,0.550034179688
1.20599293709,0.242416992188
1.20704197884,-0.389174804687
1.20809602737,0.263413085938
1.20914793015,0.447983398438
1.21019697189,-0.272719726562
1.21125793457,3.23411621094
1.21230196953,-0.322280273437
1.21335697174,0.418686523438
1.21440887451,0.427475585938
1.21545886993,0.228256835938
1.2165119648,0.312485351563
1.21756196022,0.407456054688
1.21861505508,0.0390478515625
1.21965789795,-0.465590820312
1.22075986862,-0.0312646484375
1.22180700302,0.447495117188
1.22285985947,0.238022460938
1.22391104698,-0.216323242187
1.22496294975,-0.334243164062
1.22601485252,-0.0669091796875
1.22705888748,0.0856787109375
1.22810697556,0.147446289063
1.22915887833,0.186508789063
1.23020887375,0.152084960938
1.23126888275,0.0141455078125
1.23231196404,-0.139418945312
1.23336291313,-0.133803710937
1.23441290855,-0.0163720703125
1.23545885086,-0.0124658203125
1.23650598526,-0.130629882812
1.23755598068,-0.194594726562
1.23860788345,-0.0129541015625
1.23965501785,0.143051757813
1.24075293541,0.104965820313
1.24180603027,0.122299804688
1.24286007881,0.0126806640625
1.24390506744,-0.107924804687
1.24495601654,-0.0283349609375
1.24600195885,0.193833007813
1.24711108208,0.201645507813
1.2481648922,-0.132338867187
1.24921607971,-0.469008789062
1.25026607513,-0.392348632812
1.25131797791,0.0986181640625
1.25236606598,0.177963867188
1.2534160614,0.0412451171875
1.25446391106,0.155258789063
1.25551486015,0.0886083984375
1.25655794144,-0.312026367187
1.25761008263,-0.427504882812
1.25866103172,0.350571289063
1.25971293449,0.147446289063
1.26077389717,-0.150405273437
1.26182603836,-0.0764306640625
1.26287388802,0.126694335938
1.26392292976,-0.0022119140625
1.26497101784,-0.132583007812
1.26602292061,-0.0290673828125
1.26706695557,0.127670898438
1.26812005043,0.195786132813
1.26916885376,0.195297851563
1.27022385597,0.151108398438
1.27133607864,0.0817724609375
1.27238488197,0.0588232421875
1.2734310627,0.0080419921875
1.27447986603,-0.0007470703125
1.27552700043,-0.0481103515625
1.27657294273,-0.0783837890625
1.27762198448,-0.121108398437
1.2786719799,-0.197280273437
1.27972793579,-0.213393554687
1.28078699112,-0.137709960937
1.28184103966,-0.0224755859375
1.28289008141,0.0895849609375
1.28393387794,0.147202148438
1.28498601913,0.175522460938
1.28603601456,0.196030273438
1.287088871,0.215805664063
1.28814101219,0.161606445313
1.28919100761,0.186752929688
1.29024291039,0.156235351563
1.29129886627,-0.206557617187
1.29235291481,3.51365722656
1.29340100288,0.0732275390625
1.29444694519,0.0666357421875
1.29549598694,3.50315917969
1.29653787613,-0.250502929687
1.29759001732,-0.0891259765625
1.29863905907,-0.237807617187
1.29968595505,-0.0925439453125
1.30074095726,0.310043945313
1.30179190636,0.369614257813
1.30284786224,0.264389648438
1.30389904976,0.338120117188
1.30494785309,0.386459960938
1.30600094795,0.157700195313
1.3070499897,-0.301772460937
1.30810189247,3.40110839844
1.30914902687,-0.462905273437
1.31019687653,0.0234228515625
1.31125497818,0.186020507813
1.31230306625,-0.0908349609375
1.31335091591,-0.190688476562
1.31440091133,-0.0185693359375
1.31544685364,0.126206054688
1.31649804115,0.204331054688
1.31754899025,0.418686523438
1.31860399246,0.252670898438
1.31965303421,-0.154555664062
1.32076191902,-0.417983398437
1.32181501389,-0.240981445312
1.32286787033,0.0500341796875
1.32391285896,-0.0363916015625
1.32495999336,-0.257338867187
1.32601094246,-0.191176757812
1.32705998421,0.0168310546875
1.32810997963,0.0776220703125
1.32915401459,0.0278173828125
1.33019900322,0.0744482421875
1.33125495911,0.192124023438
1.33230185509,0.145981445313
1.3333568573,0.0473486328125
1.3344039917,-0.0022119140625
1.33544898033,-0.0764306640625
1.33649587631,-0.231948242187
1.33754706383,-0.0224755859375
1.33859491348,0.227524414063
1.33964586258,0.232407226563
1.34074687958,0.136948242188
1.34182500839,0.157944335938
1.34288096428,0.199936523438
1.34393191338,0.122055664063
1.34498596191,0.0226904296875
1.34603285789,-0.0705712890625
1.34707903862,-0.118178710937
1.34813094139,-0.102797851562
1.34918189049,-0.103530273437
1.35023403168,-0.136000976562
1.35129189491,-0.150161132812
1.35234594345,-0.113540039062
1.35339593887,-0.0678857421875
1.35443997383,-0.0014794921875
1.35548686981,0.0827490234375
1.35653185844,0.109848632813
1.35758495331,0.0463720703125
1.35863304138,0.0280615234375
1.35967803001,0.0519873046875
1.36073493958,0.0024267578125
1.36178302765,0.0097509765625
1.36282896996,0.139389648438
1.36388206482,0.108383789063
1.36493206024,-0.136489257812
1.36598491669,-0.0627587890625
1.36703205109,0.146225585938
1.36808300018,0.0390478515625
1.36913084984,-0.238784179687
1.37017893791,-0.306655273437
1.3712348938,-0.0180810546875
1.37227392197,0.246323242188
1.37331604958,0.165024414063
1.37436199188,0.0405126953125
1.37540006638,0.105942382813
1.37644290924,0.133041992188
1.3774869442,-0.0695947265625
1.37852501869,-0.189223632812
1.37956690788,-0.136977539062
1.38061404228,-0.0666650390625
1.38172197342,-0.0974267578125
1.38276696205,-0.117934570312
1.38381385803,-0.0146630859375
1.38485884666,0.0766455078125
1.38590192795,0.0732275390625
1.38694500923,0.0641943359375
1.38798999786,0.145004882813
1.39267492294,-0.0346826171875
1.3937330246,0.0363623046875
1.39490389824,0.0014501953125
1.3959479332,-0.0376123046875
1.39698886871,-0.131362304687
1.39803099632,-0.168227539062
1.39907503128,-0.0666650390625
1.40011405945,0.107651367188
1.40127205849,0.183334960938
1.40231585503,0.140366210938
1.40336108208,0.0759130859375
1.4043970108,0.0678564453125
1.40543198586,0.0429541015625
1.40646886826,-0.0539697265625
1.40750598907,-0.142348632812
1.40854501724,-0.107192382812
1.40958595276,-0.0180810546875
1.41062498093,-0.0027001953125
1.41176390648,-0.0276025390625
1.41280007362,-0.0092919921875
1.41383886337,0.0793310546875
1.41487693787,0.204331054688
1.41591596603,0.128891601563
1.41695785522,0.0236669921875
1.41799592972,0.0744482421875
1.41902899742,0.134506835938
1.42007088661,-0.135024414062
1.42111706734,-0.180678710937
1.4221599102,-0.0800927734375
1.42319703102,-0.172377929687
1.42424106598,-0.302016601562
1.42528104782,-0.228041992187
1.42632293701,0.0358740234375
1.42736291885,0.255600585938
1.42840504646,0.252182617188
1.42944693565,0.246323242188
1.43049097061,0.260727539063
1.43162703514,0.214584960938
1.43267893791,0.0114599609375
1.43372702599,-0.212172851562
1.43477988243,-0.269790039062
1.43582987785,-0.261489257812
1.43688297272,-0.274184570312
1.43793201447,-0.253920898437
1.43898296356,-0.118911132812
1.44003486633,0.0644384765625
1.44108390808,0.205307617188
1.44212794304,0.293930664063
1.44317007065,0.287583007813
1.44421291351,0.274643554688
1.44525885582,0.232163085938
1.44629693031,0.0749365234375
1.44733595848,-0.272963867187
1.44837999344,-0.242690429687
1.44941997528,-0.162124023437
1.45046186447,-0.140395507812
1.45151996613,-0.0722802734375
1.45256590843,0.0290380859375
1.45361399651,0.139145507813
1.45466399193,0.192612304688
1.4557158947,0.190415039063
1.45676898956,0.150864257813
1.45781993866,0.122299804688
1.45887303352,0.0466162109375
1.45991587639,-0.0593408203125
1.46096301079,-0.125747070312
1.46201491356,-0.176284179687
1.46306204796,-0.0974267578125
1.46410989761,-0.0131982421875
1.46515488625,0.0380712890625
1.4661989212,0.0524755859375
1.4672460556,0.125473632813
1.46829485893,0.0505224609375
1.46934485435,-0.0117333984375
1.47039008141,-0.0383447265625
1.47143507004,-0.0517724609375
1.47248291969,-0.0522607421875
1.47352695465,-0.0378564453125
1.47457289696,0.0019384765625
1.47561788559,0.0400244140625
1.47665905952,0.0641943359375
1.47770690918,0.0580908203125
1.47875404358,0.0319677734375
1.47979593277,0.0077978515625
1.48084497452,-0.0092919921875
1.48188996315,0.0068212890625
1.48293185234,0.0126806640625
1.48397994041,-0.0024560546875
1.48502397537,0.0060888671875
1.48606991768,0.0436865234375
1.48711585999,0.0275732421875
1.48815989494,-0.0070947265625
1.48920297623,-0.0171044921875
1.49024891853,0.0187841796875
1.49129486084,0.0265966796875
1.49234199524,0.0243994140625
1.49339008331,0.0212255859375
1.49443507195,0.0168310546875
1.49548196793,0.0090185546875
1.49652791023,0.0204931640625
1.49757385254,0.0251318359375
1.49862098694,0.0275732421875
1.49966692924,0.0239111328125
1.50076889992,0.0241552734375
1.50181508064,0.0446630859375
1.50286102295,0.0461279296875
1.50390505791,0.0224462890625
1.50495004654,0.0034033203125
1.50599598885,0.0077978515625
1.50703907013,0.0068212890625
1.50808191299,0.0095068359375
1.5091278553,-0.0090478515625
1.51017093658,-0.0066064453125
1.51126384735,0.0322119140625
1.51230788231,0.0375830078125
1.51335501671,0.0258642578125
1.51439905167,0.0134130859375
1.51544284821,0.0058447265625
1.5164899826,0.0099951171875
1.51753401756,0.0139013671875
1.51857686043,0.0224462890625
1.51962304115,0.0265966796875
1.52066493034,0.0385595703125
1.52176403999,0.0544287109375
1.52280592918,0.0436865234375
1.52385306358,0.0136572265625
1.52489805222,-0.0039208984375
1.52594184875,0.0124365234375
1.52698898315,0.0082861328125
1.52803397179,-0.0078271484375
1.52907800674,-0.0293115234375
1.53012490273,-0.0114892578125
1.53122186661,0.0204931640625
1.53226804733,0.0385595703125
1.53331208229,0.0656591796875
1.5343580246,0.0749365234375
1.5354039669,0.0578466796875
1.53644990921,0.0185400390625
1.53749489784,0.0080419921875
1.53861904144,0.0163427734375
1.53967189789,0.0229345703125
1.54076886177,0.0170751953125
1.5418150425,0.0322119140625
1.54289102554,0.0134130859375
1.54393696785,0.0117041015625
1.54498505592,0.0031591796875
1.54603004456,0.0265966796875
1.54707694054,0.0200048828125
1.54812502861,0.0463720703125
1.54917001724,0.0234228515625
1.55021595955,0.0197607421875
1.55127191544,0.0212255859375
1.55231499672,0.0095068359375
1.55336284637,-0.0002587890625
1.55440807343,0.0092626953125
1.55545306206,0.0292822265625
1.55650091171,0.0302587890625
1.55754494667,0.0214697265625
1.55859303474,0.0314794921875
1.5596370697,0.0434423828125
1.56072998047,0.0563818359375
1.56177997589,0.0458837890625
1.56282687187,0.0034033203125
1.56387495995,0.0151220703125
1.56491994858,-0.0022119140625
1.56596589088,-0.0027001953125
1.56701302528,-0.0127099609375
1.56805586815,0.0134130859375
1.56910395622,0.0119482421875
1.57014989853,0.0380712890625
1.57124686241,0.0363623046875
1.57229089737,0.0300146484375
1.57333898544,0.0300146484375
1.57438492775,0.0356298828125
1.57542896271,0.0436865234375
1.57647800446,0.0419775390625
1.57752490044,0.0334326171875
1.57856988907,0.0285498046875
1.57961797714,0.0202490234375
1.58071398735,0.0253759765625
1.58177089691,0.0187841796875
1.58281493187,0.0214697265625
1.58386301994,0.0163427734375
1.5849070549,-0.0083154296875
1.58595299721,0.0063330078125
1.58699989319,0.0295263671875
1.5880420208,0.0290380859375
1.58908891678,0.0287939453125
1.59013605118,0.0307470703125
1.59123206139,0.0241552734375
1.59227991104,0.0143896484375
1.59332585335,0.0151220703125
1.59437394142,0.0261083984375
1.59541606903,0.0366064453125
1.59646296501,0.0397802734375
1.59751105309,0.0366064453125
1.59855484962,0.0297705078125
1.5996029377,0.0285498046875
1.60064792633,0.0297705078125
1.60174703598,0.0195166015625
1.60279107094,0.0243994140625
1.60383701324,0.0021826171875
1.6048848629,0.0070654296875
1.60592794418,0.0085302734375
1.60697507858,0.0102392578125
1.60802006721,0.0048681640625
1.60906386375,0.0309912109375
1.61011195183,0.0380712890625
1.61120891571,0.0407568359375
1.61225605011,0.0466162109375
1.61330103874,0.0407568359375
1.61434793472,0.0273291015625
1.61539387703,0.0239111328125
1.61643695831,0.0280615234375
1.61748385429,0.0292822265625
1.61852908134,0.0168310546875
1.619576931,0.0077978515625
1.62062597275,0.0265966796875
1.62171792984,0.0241552734375
1.62275505066,0.0295263671875
1.62379002571,0.0165869140625
1.62482905388,0.0153662109375
1.62586808205,0.0192724609375
1.62690496445,0.0346533203125
1.62794089317,0.0478369140625
1.62897992134,0.0258642578125
1.63001704216,0.0463720703125
1.63105797768,0.0363623046875
1.63210606575,0.0202490234375
1.63315105438,0.0185400390625
1.63419485092,0.0351416015625
1.63524103165,0.0431982421875
1.63628292084,0.0336767578125
1.6373269558,0.0163427734375
1.63837385178,0.0334326171875
1.63941597939,0.0453955078125
1.64046001434,0.0392919921875
1.641507864,0.0204931640625
1.64255189896,0.0305029296875
1.64362406731,0.0302587890625
1.64466691017,0.0224462890625
1.64571499825,0.0204931640625
1.64675998688,0.0209814453125
1.64780187607,0.0422216796875
1.64884805679,0.0436865234375
1.64989304543,0.0373388671875
1.65093588829,0.0637060546875
1.65198302269,0.0397802734375
1.65302705765,0.0385595703125
1.65406990051,0.0412451171875
1.65511703491,0.0490576171875
1.65616488457,0.0353857421875
1.65720796585,0.0163427734375
1.65825295448,0.0265966796875
1.65929603577,0.0383154296875
1.66034007072,0.0380712890625
1.66139006615,0.0253759765625
1.66243195534,0.0263525390625
1.66347885132,0.0344091796875
1.66452407837,0.0615087890625
1.66556787491,0.0429541015625
1.66661405563,0.0373388671875
1.66765403748,0.0619970703125
1.66869997978,0.0500341796875
1.66974902153,0.0588232421875
1.67079401016,0.0436865234375
1.67183804512,0.0424658203125
1.6728849411,0.0429541015625
1.67392587662,0.0405126953125
1.67497086525,0.0305029296875
1.67601490021,0.0290380859375
1.67705607414,0.0300146484375
1.67810201645,0.0375830078125
1.67914700508,0.0449072265625
1.68018984795,0.0456396484375
1.68124198914,0.0434423828125
1.68235707283,0.0414892578125
1.68340587616,0.0407568359375
1.68445205688,0.0463720703125
1.68549799919,0.0468603515625
1.68653988838,0.0361181640625
1.68758487701,0.0578466796875
1.68862986565,0.0532080078125
1.68967294693,0.0622412109375
1.69077086449,0.0329443359375
1.69181799889,0.0600439453125
1.69286584854,0.0390478515625
1.69390797615,0.0368505859375
1.69495391846,0.0431982421875
1.69599890709,0.0427099609375
1.69704198837,0.0344091796875
1.69808602333,0.0300146484375
1.69913196564,0.0405126953125
1.70017385483,0.0507666015625
1.70126986504,0.0566259765625
1.70231699944,0.0497900390625
1.70336389542,0.0512548828125
1.70440506935,0.0578466796875
1.70545005798,0.0524755859375
1.70649695396,0.0554052734375
1.70753693581,0.0576025390625
1.70858192444,0.0495458984375
1.70962786674,0.0632177734375
1.71071696281,0.0414892578125
1.71176791191,0.0478369140625
1.71281003952,0.0344091796875
1.7138569355,0.0502783203125
1.71490192413,0.0497900390625
1.71594595909,0.0505224609375
1.71699094772,0.0505224609375
1.71803188324,0.0422216796875
1.71907687187,0.0488134765625
1.72012400627,0.0612646484375
1.72122097015,0.0607763671875
1.72226595879,0.0546728515625
1.7233068943,0.0451513671875
1.72435307503,0.0563818359375
1.72539806366,0.0632177734375
1.7264418602,0.0466162109375
1.72748804092,0.0361181640625
1.72853207588,0.0561376953125
1.72957587242,0.0588232421875
1.73062086105,0.0637060546875
1.73171687126,0.0634619140625
1.73276305199,0.0563818359375
1.73380303383,0.0485693359375
1.73484706879,0.0624853515625
1.73589086533,0.0449072265625
1.73693990707,0.0444189453125
1.73799395561,0.0436865234375
1.7390370369,0.0424658203125
1.74008107185,0.0605322265625
1.74112892151,0.0834814453125
1.74217200279,0.0585791015625
1.74321985245,0.0283056640625
1.74428796768,0.0453955078125
1.74533390999,0.0920263671875
1.74638104439,0.0876318359375
1.7474219799,0.0595556640625
1.74847006798,0.0390478515625
1.74951505661,0.0597998046875
1.7505569458,0.0556494140625
1.75160598755,0.0463720703125
1.75265002251,0.0173193359375
1.7536919117,0.0414892578125
1.754737854,0.0561376953125
1.75577998161,0.0732275390625
1.75682401657,0.0571142578125
1.75787091255,0.0717626953125
1.75891184807,0.0798193359375
1.75995588303,0.0627294921875
1.76100206375,0.0549169921875
1.76204490662,0.0612646484375
1.76309084892,0.0624853515625
1.76413488388,0.0556494140625
1.76517701149,0.0544287109375
1.7662229538,0.0610205078125
1.76726794243,0.0558935546875
1.76830887794,0.0590673828125
1.76935505867,0.0683447265625
1.77039790154,0.0922705078125
1.77144503593,0.0783544921875
1.77249193192,0.0461279296875
1.77354001999,0.0388037109375
1.7745859623,0.0656591796875
1.7756319046,0.0817724609375
1.77667403221,0.0771337890625
1.77771997452,0.0427099609375
1.77876400948,0.0475927734375
1.77980589867,0.0837255859375
1.78085398674,0.0812841796875
1.78189897537,0.102280273438
1.78294992447,0.100571289063
1.78400087357,0.0710302734375
1.78504300117,0.0510107421875
1.78608703613,0.0505224609375
1.78713393211,0.0590673828125
1.7881770134,0.0468603515625
1.78922390938,0.0441748046875
1.79026699066,0.0485693359375
1.79130887985,0.0839697265625
1.79235386848,0.0798193359375
1.79339694977,0.0910498046875
1.79444003105,0.0634619140625
1.79548501968,0.0500341796875
1.79652690887,0.0859228515625
1.79757189751,0.0871435546875
1.79861807823,0.0785986328125
1.79966187477,0.0541845703125
1.80075597763,0.0790869140625
1.80180096626,0.0873876953125
1.8028459549,0.0910498046875
1.80388998985,0.0827490234375
1.80493092537,0.0746923828125
1.80597805977,0.0676123046875
1.80701899529,0.0702978515625
1.8080599308,0.0739599609375
1.8091070652,0.0800634765625
1.81015086174,0.0807958984375
1.81124401093,0.0702978515625
1.81228590012,0.0668798828125
1.81333088875,0.0681005859375
1.81437587738,0.0764013671875
1.81541585922,0.0659033203125
1.81645894051,0.0939794921875
1.81750392914,0.0737158203125
1.81854486465,0.0844580078125
1.81959104538,0.108139648438
1.8206410408,0.103745117188
1.8217458725,0.0839697265625
1.82278895378,0.0712744140625
1.82383203506,0.0644384765625
1.82487893105,0.0749365234375
1.82597899437,0.0764013671875
1.82726192474,0.0710302734375
1.82831001282,0.0883642578125
1.82936191559,0.0893408203125
1.83040595055,0.0822607421875
1.83145594597,0.0842138671875
1.83250308037,0.0795751953125
1.83354687691,0.103256835938
1.83460187912,0.0934912109375
1.83564901352,0.0676123046875
1.83669495583,0.0920263671875
1.83774399757,0.102036132813
1.838793993,0.103500976563
1.83984899521,0.0981298828125
1.84089899063,0.101303710938
1.84194993973,0.0939794921875
1.8429980278,0.0949560546875
1.84404301643,0.0803076171875
1.84511804581,0.0761572265625
1.84616494179,0.0812841796875
1.84721207619,0.0832373046875
1.84825801849,0.0820166015625
1.84930300713,0.0890966796875
1.85034990311,0.0932470703125
1.85139799118,0.0959326171875
1.85244297981,0.114731445313
1.85349702835,0.0959326171875
1.85453987122,0.116196289063
1.85559391975,0.126694335938
1.85664486885,0.123764648438
1.85769701004,0.0639501953125
1.8587448597,0.0842138671875
1.85978889465,0.100815429688
1.86084485054,0.111069335938
1.8618979454,0.0993505859375
1.86294388771,0.0939794921875
1.86399197578,0.0925146484375
1.86503696442,0.0925146484375
1.86608290672,0.0998388671875
1.8671309948,0.124008789063
1.86818099022,0.112778320313
1.86923694611,0.115708007813
1.87028598785,0.0971533203125
1.87133097649,0.105454101563
1.87237691879,0.0976416015625
1.87341189384,0.104721679688
1.87445497513,0.107407226563
1.87549686432,0.0973974609375
1.87653303146,0.115219726563
1.87757587433,0.104233398438
1.87862205505,0.106186523438
1.87966299057,0.106186523438
1.88076686859,0.107163085938
1.88181805611,0.0942236328125
1.88286685944,0.0973974609375
1.88391184807,0.105942382813
1.88496494293,0.101059570313
1.8860168457,0.111069335938
1.88706707954,0.101059570313
1.88811993599,0.108872070313
1.88917088509,0.121567382813
1.89022493362,0.140854492188
1.89128494263,0.109360351563
1.89233803749,0.0732275390625
1.89338803291,0.111557617188
1.89443707466,0.166245117188
1.89549088478,0.143295898438
1.89654302597,0.100083007813
1.89759397507,0.112778320313
1.89864587784,0.130112304688
1.89969801903,0.129135742188
1.90075802803,0.111557617188
1.9018099308,0.106674804688
1.90286493301,0.111801757813
1.90391898155,0.114243164063
1.90497303009,0.113022460938
1.90602397919,0.121811523438
1.90707492828,0.125717773438
1.90812802315,0.104721679688
1.90917801857,0.106186523438
1.91022992134,0.126938476563
1.91128587723,0.172104492188
1.91233897209,0.137680664063
1.91338992119,0.111069335938
1.91443991661,0.131821289063
1.91549396515,0.128891601563
1.91654205322,0.132309570313
1.91759300232,0.122788085938
1.91864395142,0.107651367188
1.91969490051,0.117416992188
1.92075300217,0.140122070313
1.92180299759,0.146225585938
1.92285490036,0.121811523438
1.92390704155,0.108139648438
1.92495799065,0.121811523438
1.92600989342,0.135239257813
1.92705702782,0.155747070313
1.92810797691,0.135727539063
1.92915606499,0.139389648438
1.93020606041,0.122299804688
1.93126487732,0.128403320313
1.93231296539,0.164536132813
1.93336486816,0.160629882813
1.93441796303,0.129868164063
1.93547105789,0.124985351563
1.93652200699,0.120346679688
1.93757295609,0.136215820313
1.93862390518,0.131821289063
1.93967294693,0.124741210938
1.94073486328,0.133774414063
1.9417848587,0.160141601563
1.94283986092,0.170395507813
1.94389200211,0.158188476563
1.94494390488,0.135971679688
1.94602394104,0.114975585938
1.94707608223,0.129379882813
1.94812893867,0.147202148438
1.94917798042,0.154282226563
1.95023107529,0.133774414063
1.9512898922,0.137680664063
1.95234704018,0.145004882813
1.95339798927,0.181137695313
1.95444893837,0.171127929688
1.95550394058,0.165268554688
1.956553936,0.158676757813
1.95760989189,0.136948242188
1.95865988731,0.142807617188
1.95971488953,0.160874023438
1.96077203751,0.166000976563
1.96182703972,0.130112304688
1.96287989616,0.123032226563
1.96392989159,0.143540039063
1.96498394012,0.158432617188
1.96603298187,0.179672851563
1.96708488464,0.159409179688
1.96814107895,0.178208007813
1.96918988228,0.174301757813
1.97024297714,0.165512695313
1.97129392624,0.156723632813
1.9723470211,0.142563476563
1.97339987755,0.164047851563
1.97451591492,0.155502929688
1.9755730629,0.163071289063
1.97662901878,0.146225585938
1.97767806053,0.125229492188
1.97873306274,0.142807617188
1.97978186607,0.237534179688
1.98083686829,0.300034179688
1.98189091682,0.249741210938
1.98293995857,0.141098632813
1.98399305344,0.0739599609375
1.98503684998,0.146958007813
1.98609089851,0.209946289063
1.9871430397,0.199936523438
1.98819494247,0.124985351563
1.98925089836,0.123276367188
1.99030089378,0.163559570313
1.99135804176,0.192368164063
1.99240899086,0.216293945313
1.99346089363,0.218979492188
1.99451398849,0.206040039063
1.99556303024,0.199204101563
1.99661707878,0.191879882813
1.99766588211,0.145737304688
1.99871993065,0.122299804688
1.99977207184,0.140122070313
2.00082707405,0.179428710938
2.00188088417,0.197006835938
2.00293207169,0.211166992188
2.00398588181,0.201889648438
2.00503492355,0.183823242188
2.00608897209,0.213120117188
2.00714087486,0.250717773438
2.00818896294,0.219467773438
2.00924301147,0.175278320313
2.01029396057,0.192612304688
2.01134991646,0.208481445313
2.01240205765,0.225083007813
2.01345491409,0.114243164063
2.01450800896,0.132797851563
2.0155570507,0.220932617188
2.01661086082,0.273178710938
2.0176589489,0.244614257813
2.01871490479,0.211411132813
2.01976704597,0.205795898438
2.02081990242,0.187241210938
2.02187395096,0.169418945313
2.02292394638,0.192124023438
2.02397489548,0.238266601563
2.02502608299,0.261704101563
2.02607607841,0.235336914063
2.02712798119,0.195786132813
2.02817606926,0.190415039063
2.02922987938,0.214096679688
2.0302798748,0.209458007813
2.03133296967,0.224106445313
2.03238296509,0.242905273438
2.03343105316,0.228745117188
2.03448390961,0.207993164063
2.03553390503,0.187973632813
2.03658604622,0.191879882813
2.03763890266,0.234848632813
2.03868508339,0.272934570313
2.03973793983,0.269028320313
2.04079389572,0.242661132813
2.04184508324,0.237778320313
2.04289507866,0.245834960938
2.04394602776,0.281723632813
2.04499793053,0.287094726563
2.04604506493,0.259018554688
2.04709792137,0.188706054688
2.04815006256,0.207749023438
2.04920101166,0.304184570313
2.05025100708,0.253647460938
2.05130195618,0.196274414063
2.05235385895,0.345444335938
2.05340504646,0.283920898438
2.05445384979,0.202622070313
2.05550503731,0.240708007813
2.05655193329,0.335678710938
2.05760407448,0.273422851563
2.05865287781,0.201157226563
2.05970287323,0.242661132813
2.06076097488,0.326889648438
2.06181097031,0.322739257813
2.06286501884,0.284165039063
2.0639128685,0.321274414063
2.06496691704,0.374497070313
2.06601691246,0.356186523438
2.06706690788,0.304184570313
2.06811904907,0.302719726563
2.06916689873,0.301499023438
2.07021903992,0.252915039063
2.07127594948,0.214340820313
2.0723259449,0.309555664063
2.07337784767,0.327622070313
2.07442688942,0.328842773438
2.07547903061,0.352036132813
2.07652902603,0.397934570313
2.07757997513,0.402084960938
2.07863092422,0.371811523438
2.07967996597,0.343491210938
2.08074188232,0.292954101563
2.08179187775,0.293930664063
2.08284592628,0.287827148438
2.08389902115,0.330795898438
2.08495187759,0.328354492188
2.08600592613,0.305161132813
2.08705401421,0.345932617188
2.08810591698,0.470688476563
2.08915495872,0.458237304688
2.09020805359,0.377670898438
2.09126806259,0.379868164063
2.09232187271,0.529038085938
2.09337687492,0.570297851563
2.09442806244,0.844467773438
2.09547996521,1.21067871094
2.09652590752,1.51701416016
2.09757089615,1.51701416016
2.0986199379,1.51701416016
2.09966301918,1.51701416016
2.10077595711,1.51701416016
2.10182595253,1.51701416016
2.10287499428,1.51316894531
2.10391902924,1.18113769531
2.10496687889,0.505112304688
2.10601806641,0.131088867188
2.1070690155,-0.0056298828125
2.10811805725,0.0561376953125
2.10916185379,0.114731445313
2.11021399498,0.432846679688
2.11127495766,1.13304199219
2.11232185364,1.23655761719
2.11337184906,1.24559082031
2.11441707611,0.342758789063
2.11546993256,3.35081542969
2.11651802063,-0.118422851562
2.11757087708,0.585434570313
2.11862492561,0.404770507813
2.11967492104,0.796372070313
2.12073397636,1.51701416016
2.12177205086,1.08592285156
2.1228659153,0.0036474609375
2.12390899658,0.235336914063
2.12495303154,0.988022460938
2.1259958744,1.05613769531
2.12703204155,0.847397460938
2.12807607651,0.866196289063
2.12911891937,0.847397460938
2.13015985489,0.727036132813
2.131264925,0.633041992188
2.13231396675,0.704575195313
2.13336706161,0.902084960938
2.13441491127,0.937241210938
2.13546586037,0.779770507813
2.13651704788,0.682358398438
2.13756299019,0.782456054688
2.13861298561,0.697983398438
2.13966393471,0.334702148438
2.14076590538,0.253891601563
2.14181995392,0.595200195313
2.14287304878,0.799545898438
2.14391899109,0.561752929688
2.14497089386,0.458725585938
2.14602088928,0.726547851563
2.14709687233,0.718979492188
2.14814901352,0.528793945313
2.14920091629,0.637924804688
2.15025401115,0.655502929688
2.15130496025,0.558090820313
2.15235590935,0.543930664063
2.15340399742,0.498520507813
2.15445494652,0.511459960938
2.15550589561,0.568588867188
2.15655398369,0.327866210938
2.15760707855,0.194321289063
2.15865588188,0.371323242188
2.1597058773,0.252426757813
2.16076397896,0.107163085938
2.16181588173,2.95457519531
2.1628639698,1.51707519531
2.16390800476,1.52903808594
2.16495084763,2.50138916016
2.16599702835,1.51701416016
2.16703987122,1.50633300781
2.16808485985,-0.0464013671875
2.16913104057,-0.0842431640625
2.17017292976,1.03807128906
2.17126989365,3.36521972656
2.17231607437,1.51707519531
2.173361063,1.51707519531
2.17440891266,1.51707519531
2.17545485497,1.51707519531
2.17650198936,1.51707519531
2.17754602432,2.84935058594
2.17859101295,1.51701416016
2.17963600159,1.51701416016
2.180727005,1.51701416016
2.18177604675,1.51683105469
2.18282103539,0.616196289063
2.18387293816,0.511948242188
2.18492102623,0.500473632813
2.18597507477,3.16136230469
2.18702197075,2.36497558594
2.18806791306,2.69822753906
2.18911600113,3.02171386719
2.19016003609,-0.295668945312
2.19125890732,-0.0793603515625
2.19230008125,-0.115737304687
2.19335103035,0.0129248046875
2.19439697266,0.193344726563
2.1954460144,0.895737304688
2.19649887085,0.940415039063
2.19754505157,0.455063476563
2.19859790802,-0.0007470703125
2.19964289665,-0.364760742187
2.20073795319,3.23899902344
2.20178484917,3.37638916016
2.20283007622,1.51701416016
2.20387506485,1.51701416016
2.20491695404,1.51701416016
2.205960989,1.50535644531
2.20700502396,-0.0625146484375
2.20804595947,3.31614746094
2.2090909481,3.27439941406
2.21013498306,1.64305175781
2.21122694016,1.51707519531
2.21227192879,2.49583496094
2.21331596375,0.0268408203125
2.2143599987,1.10887207031
2.21540188789,1.25389160156
2.21644496918,0.765122070313
2.2174949646,0.747543945313
2.21854305267,1.08836425781
2.21958899498,0.775375976563
2.22063589096,3.41429199219
2.22173404694,2.20555175781
2.2227768898,2.61033691406
2.22381997108,3.31663574219
2.22486495972,-0.410903320312
2.2259118557,0.688889160156
2.22695803642,1.51701416016
2.22800207138,1.51701416016
2.22904491425,1.51701416016
2.23009085655,0.922104492188
2.23114299774,-0.172622070312
2.23219394684,3.23289550781
2.23324108124,3.27366699219
2.23428201675,-0.0442041015625
2.23532795906,0.423569335938
2.23637890816,0.285874023438
2.23742699623,-0.121840820312
2.23847794533,-0.222182617187
2.23952698708,0.107407226563
2.24057602882,0.778793945313
2.24162888527,1.09227050781
2.24267196655,1.00193847656
2.24371695518,0.686752929688
2.24476790428,0.226059570313
2.2458178997,0.115463867188
2.24687099457,0.140122070313
2.24791789055,0.263168945313
2.24897003174,0.260971679688
2.25002002716,0.313950195313
2.25107192993,0.140854492188
2.25212192535,0.328842773438
2.25316905975,0.511215820313
2.25421786308,0.449204101563
2.25526595116,0.351791992188
2.25631189346,0.359116210938
2.25736308098,0.348862304688
2.25840592384,0.322250976563
2.25945591927,0.460434570313
2.26050686836,0.606186523438
2.26155495644,0.539291992188
2.26260495186,0.298569335938
2.26365303993,0.191879882813
2.26470208168,0.288803710938
2.26575088501,0.561752929688
2.26679706573,0.666245117188
2.26784801483,0.619614257813
2.26889801025,0.490952148438
2.26994585991,0.402573242188
2.27099895477,0.248520507813
2.27204489708,0.277817382813
2.27314996719,0.308334960938
2.27420806885,0.313461914063
2.27526092529,0.264389648438
2.27630901337,0.238999023438
2.2773630619,0.257065429688
2.27841305733,0.336655273438
2.27946305275,0.362290039063
2.28051185608,0.374252929688
2.28156495094,0.400620117188
2.28261685371,0.485581054688
2.28366494179,0.487534179688
2.28471899033,0.512680664063
2.28576993942,0.491440429688
2.28681993484,0.460922851563
2.28787302971,0.426010742188
2.28891992569,0.435776367188
2.28997087479,0.447983398438
2.29102301598,0.390854492188
2.29207396507,0.306137695313
2.29312586784,0.227036132813
2.29417395592,0.225327148438
2.29522395134,0.241196289063
2.29627490044,0.262680664063
2.29732704163,0.259018554688
2.29837799072,0.275131835938
2.2994260788,0.329575195313
2.30047798157,0.378403320313
2.30152988434,0.442856445313
2.30257987976,0.454819335938
2.30363202095,0.502915039063
2.30467891693,0.556381835938
2.3057320118,0.537827148438
2.30678200722,0.427719726563
2.30783200264,0.334946289063
2.30888390541,0.328842773438
2.30993199348,0.306137695313
2.31098794937,0.275864257813
2.31203603745,0.291733398438
2.31308603287,0.310043945313
2.31413698196,0.368149414063
2.31518387794,0.569565429688
2.31623601913,0.950180664063
2.31728601456,1.08030761719
2.31833600998,0.647934570313
2.31938385963,0.0336767578125
2.32042694092,-0.359633789062
2.32148098946,-0.340346679687
2.32252788544,-0.177504882812
2.32357907295,-0.398940429687
2.3246319294,3.37107910156
2.32567501068,-0.418227539062
2.32672595978,-0.0510400390625
2.32777094841,-0.0632470703125
2.32881593704,0.0148779296875
2.32986187935,0.364975585938
2.33091402054,0.659897460938
2.33196401596,0.455551757813
2.33301496506,0.270004882813
2.33405995369,0.199448242188
2.33511185646,0.0397802734375
2.33615589142,-0.121108398437
2.33720898628,-0.158461914062
2.33827185631,-0.139418945312
2.33932805061,-0.152846679687
2.3403840065,-0.132583007812
2.34143590927,-0.0156396484375
2.34248399734,0.274887695313
2.34353804588,0.738266601563
2.344591856,1.23576416016
2.34563708305,1.51701416016
2.34668087959,1.50755371094
2.34772992134,1.41014160156
2.34880304337,1.10740722656
2.34985184669,0.937241210938
2.35090494156,0.902084960938
2.35195708275,0.824204101563
2.35300898552,0.738999023438
2.35405898094,0.647446289063
2.35511302948,0.439438476563
2.35616087914,0.194077148438
2.35721588135,0.0597998046875
2.35826301575,0.109604492188
2.35930991173,0.265854492188
2.36036396027,0.442124023438
2.36141490936,0.596665039063
2.36246800423,0.687729492188
2.36351895332,0.619858398438
2.36456894875,0.458481445313
2.36562204361,0.307358398438
2.36667084694,0.210922851563
2.3677239418,0.172104492188
2.36877608299,0.183823242188
2.36982798576,0.137436523438
2.37088298798,0.0471044921875
2.37191987038,0.0942236328125
2.37295794487,0.194809570313
2.37400197983,0.266831054688
2.37504196167,0.391586914063
2.3760869503,0.562241210938
2.37713098526,0.718002929688
2.37817287445,0.795395507813
2.37921905518,0.855209960938
2.38026189804,0.875473632813
2.38131594658,0.842758789063
2.38237094879,0.737534179688
2.38341903687,0.593491210938
2.38447284698,0.294907226563
2.3855240345,0.0546728515625
2.38657093048,-0.0063623046875
2.38761901855,0.0605322265625
2.38866496086,0.160874023438
2.38972306252,0.259262695313
2.39077806473,0.325913085938
2.39183306694,0.446030273438
2.39288592339,0.462387695313
2.39393496513,0.452866210938
2.39498901367,0.434311523438
2.39603996277,0.424301757813
2.39709496498,0.380112304688
2.39814591408,0.362778320313
2.39919805527,0.368637695313
2.40025091171,0.392319335938
2.4013030529,0.366928710938
2.40235900879,0.382309570313
2.403414011,0.428208007813
2.40446901321,0.463608398438
2.40552091599,0.464829101563
2.40657305717,0.441391601563
2.40762805939,0.420151367188
2.40867805481,0.336166992188
2.40973186493,0.281723632813
2.41078591347,0.294174804688
2.4118449688,0.330795898438
2.41289901733,0.337631835938
2.41394996643,0.339584960938
2.4150018692,0.369370117188
2.41605186462,0.392075195313
2.41710686684,0.329331054688
2.41815495491,0.294418945313
2.41920995712,0.353500976563
2.42026090622,0.420395507813
2.42137885094,0.345932617188
2.42243599892,0.321762695313
2.42348885536,0.368637695313
2.42453789711,0.461899414063
2.42558884621,0.461411132813
2.4266409874,0.392319335938
2.42769289017,0.375229492188
2.42874693871,0.348618164063
2.42979502678,0.310043945313
2.43085098267,0.309799804688
2.43190097809,0.334702148438
2.43295192719,0.331772460938
2.43400287628,0.306625976563
2.43505191803,0.339584960938
2.43610405922,0.362534179688
2.43715405464,0.323715820313
2.43820500374,0.302963867188
2.43925499916,0.363999023438
2.44030404091,0.435288085938
2.44135785103,0.352524414063
2.4424059391,0.304428710938
2.44345903397,0.366440429688
2.44450998306,0.455063476563
2.44555807114,0.443344726563
2.44661092758,0.366684570313
2.447660923,0.314194335938
2.44871401787,0.296860351563
2.44976687431,0.285141601563
2.45081996918,0.275131835938
2.45187187195,0.211899414063
2.4529209137,0.203354492188
2.45397305489,0.283188476563
2.45502305031,0.394760742188
2.45607304573,0.392319335938
2.45712399483,0.319809570313
2.45817089081,0.311020507813
2.459223032,0.387436523438
2.46027398109,0.453110351563
2.46132707596,0.465561523438
2.46237897873,0.418686523438
2.4634270668,0.316635742188
2.46447896957,0.241928710938
2.46552586555,0.240708007813
2.4665749073,0.339829101563
2.46762800217,0.380356445313
2.46867585182,0.233872070313
2.46972894669,0.246811523438
2.47078084946,0.330551757813
2.47183489799,0.387680664063
2.47288489342,0.353500976563
2.47393393517,0.353745117188
2.47498703003,0.390366210938
2.47603392601,0.404526367188
2.47708702087,0.348862304688
2.47813796997,0.300522460938
2.47918796539,0.300766601563
2.48024106026,0.359604492188
2.48129105568,0.331528320313
2.4823448658,0.315903320313
2.48339700699,0.299301757813
2.48444795609,0.317124023438
2.48550200462,0.325668945313
2.48655104637,0.323227539063
2.48760485649,0.315415039063
2.48865485191,0.330551757813
2.48970603943,0.324204101563
2.49076485634,0.324692382813
2.49182105064,0.337631835938
2.49287486076,0.363022460938
2.49392485619,0.360092773438
2.49497890472,0.344956054688
2.49602890015,0.337143554688
2.49708104134,0.321274414063
2.49813389778,0.322983398438
2.4991838932,0.316391601563
2.50023698807,0.322006835938
2.50129294395,0.282700195313
2.50234603882,0.310776367188
2.50339698792,0.317368164063
2.50444889069,0.318344726563
2.50550103188,0.293198242188
2.50654888153,0.271713867188
2.50760293007,0.315659179688
2.50865197182,0.350083007813
2.50970602036,0.324936523438
2.51076292992,0.329819335938
2.51181387901,0.331284179688
2.51286697388,0.337143554688
2.51391601562,0.322739257813
2.51497292519,0.319565429688
2.51602292061,0.326889648438
2.51707601547,0.348374023438
2.51812887192,0.328598632813
2.51917886734,0.284165039063
2.52023291588,0.287094726563
2.52128601074,0.300278320313
2.52233791351,0.321274414063
2.5233900547,0.290756835938
2.52444291115,0.264389648438
2.52549791336,0.281967773438
2.52654695511,0.305893554688
2.52760004997,0.305161132813
2.52865099907,0.308090820313
2.52970385551,0.338608398438
2.53076100349,0.364243164063
2.53181385994,0.345200195313
2.5328669548,0.313950195313
2.53391599655,0.309067382813
2.534968853,0.314926757813
2.53602290154,0.321030273438
2.5370759964,0.312241210938
2.53812885284,0.291733398438
2.53917884827,0.293930664063
2.5402328968,0.292954101563
2.54128694534,0.291000976563
2.54234004021,0.295639648438
2.5433909893,0.283676757813
2.54444289207,0.297104492188
2.54549598694,0.252426757813
2.54654502869,0.273178710938
2.54759907722,0.292709960938
2.54864907265,0.296127929688
2.54972696304,0.329331054688
2.55078101158,0.339340820313
2.55183386803,0.335190429688
2.55288696289,0.320541992188
2.55393886566,0.303940429688
2.5549929142,0.298813476563
2.5560438633,0.297592773438
2.55709791183,0.279038085938
2.55815005302,0.235581054688
2.5592019558,0.231186523438
2.56025600433,0.280014648438
2.56130695343,0.288559570313
2.56236100197,0.280502929688
2.56341099739,0.282211914063
2.56446504593,0.286850585938
2.5655169487,0.313706054688
2.56656885147,0.292954101563
2.56762194633,0.296616210938
2.56867098808,0.294174804688
2.56972408295,0.287583007813
2.57082986832,0.276108398438
2.57189202309,0.282700195313
2.57294392586,0.277084960938
2.57399702072,0.279038085938
2.57504487038,0.273422851563
2.57609605789,0.261948242188
2.57714486122,0.250961914063
2.57819700241,0.266586914063
2.57924795151,0.261459960938
2.58029603958,0.238510742188
2.5813498497,0.235825195313
2.58240008354,0.281967773438
2.58345103264,0.277329101563
2.58450198174,0.276108398438
2.58555006981,0.277817382813
2.58660006523,0.277084960938
2.58764886856,0.273178710938
2.58870005608,0.272934570313
2.58975195885,0.278305664063
2.59080195427,0.283432617188
2.59185290337,0.271469726563
2.59290099144,0.249985351563
2.59395289421,0.246323242188
2.5950050354,0.260971679688
2.59605288506,0.262680664063
2.59710597992,0.244370117188
2.59815502167,0.243393554688
2.59920597076,0.258286132813
2.60025691986,0.253647460938
2.60130691528,0.264877929688
2.60235905647,0.252182617188
2.6034078598,0.275131835938
2.60446500778,0.276352539063
2.60551595688,0.258041992188
2.60656785965,0.233627929688
2.60762190819,0.238022460938
2.60867094994,0.250229492188
2.6097240448,0.242172851563
2.61078000069,0.225815429688
2.6118350029,0.220200195313
2.61288785934,0.223374023438
2.61393904686,0.245346679688
2.61499404907,0.261704101563
2.6160428524,0.248276367188
2.61709690094,0.208725585938
2.61814904213,0.247055664063
2.61919999123,0.272202148438
2.62025403976,0.240219726563
2.62130188942,0.214829101563
2.62234687805,0.229965820313
2.62338995934,0.265610351563
2.62443399429,0.219223632813
2.62547802925,0.211655273438
2.62651991844,0.249008789063
2.62756299973,0.271225585938
2.62860894203,0.253403320313
2.62964987755,0.210190429688
2.63075304031,0.201157226563
2.63180804253,0.236069335938
2.63286304474,0.252426757813
2.63391184807,0.239243164063
2.63496589661,0.227036132813
2.63601589203,0.208481445313
2.63706898689,0.206040039063
2.63812208176,0.222153320313
2.63916993141,0.247299804688
2.64022397995,0.232895507813
2.64127898216,0.212875976563
2.64233398438,0.221665039063
2.64338994026,0.245834960938
2.64444208145,0.200668945313
2.64549589157,0.202377929688
2.64654707909,0.233383789063
2.64759993553,0.246811523438
2.64864897728,0.221420898438
2.64970088005,0.200424804688
2.65078401566,0.206284179688
2.65184187889,0.207260742188
2.65289402008,0.192124023438
2.65394592285,0.225815429688
2.65499901772,0.233872070313
2.65604805946,0.211166992188
2.65710091591,0.217270507813
2.65814805031,0.203354492188
2.65919995308,0.203354492188
2.66025400162,0.190903320313
2.66130590439,0.208725585938
2.66235995293,0.208725585938
2.66340994835,0.202866210938
2.66446304321,0.202133789063
2.66551399231,0.198715820313
2.66656589508,0.200913085938
2.66761898994,0.198959960938
2.66866588593,0.206040039063
2.66971898079,0.211899414063
2.67077589035,0.207260742188
2.67183303833,0.193344726563
2.67288303375,0.202866210938
2.67393302917,0.175034179688
2.67498707771,0.194809570313
2.67603588104,0.218247070313
2.67708992958,0.232895507813
2.67814087868,0.206528320313
2.67919206619,0.185776367188
2.68024492264,0.172348632813
2.6812980175,0.204331054688
2.68235206604,0.210922851563
2.68340301514,0.197250976563
2.68445706367,0.172592773438
2.68550896645,0.169174804688
2.68655896187,0.205063476563
2.68761086464,0.228989257813
2.68866205215,0.211899414063
2.6897149086,0.190170898438
2.69077205658,0.174057617188
2.69182705879,0.178696289063
2.69288086891,0.213608398438
2.69393086433,0.217514648438
2.69498491287,0.179184570313
2.69603490829,0.203354492188
2.69708895683,0.190170898438
2.69813990593,0.205063476563
2.69919085503,0.201157226563
2.70024490356,0.169663085938
2.70129704475,0.188706054688
2.70235204697,0.218491210938
2.7034008503,0.206772460938
2.70445299149,0.187485351563
2.70550584793,0.167465820313
2.70655608177,0.187241210938
2.70760893822,0.191879882813
2.70866203308,0.181381835938
2.70971703529,0.161362304688
2.71077489853,0.164536132813
2.71183204651,0.178696289063
2.71288299561,0.219956054688
2.71392989159,0.201401367188
2.71498203278,0.174301757813
2.71603298187,0.175034179688
2.71708488464,0.194565429688
2.71813392639,0.208237304688
2.71918106079,0.176499023438
2.72028899193,0.151840820313
2.72134900093,0.176987304688
2.72239804268,0.184799804688
2.7234480381,0.183823242188
2.7244989872,0.181870117188
2.72554802895,0.187973632813
2.72659993172,0.198715820313
2.72764801979,0.208969726563
2.72869706154,0.192856445313
2.72974801064,0.163071289063
2.73079705238,0.161362304688
2.73184990883,0.190415039063
2.7328979969,0.191635742188
2.733948946,0.166000976563
2.73500084877,0.139145507813
2.73604893684,0.138901367188
2.73709988594,0.149887695313
2.73814797401,0.181137695313
2.73919796944,0.190903320313
2.74024891853,0.172104492188
2.74129986763,0.172836914063
2.74235391617,0.180405273438
2.74340105057,0.154770507813
2.74445104599,0.160141601563
2.74550294876,0.185288085938
2.74655103683,0.175766601563
2.74760293961,0.148911132813
2.74865198135,0.145981445313
2.74970602989,0.166977539063
2.75079298019,0.197250976563
2.75185203552,0.173325195313
2.75290298462,0.150620117188
2.75395703316,0.127915039063
2.75500798225,0.143051757813
2.75605797768,0.176254882813
2.75711202621,0.192856445313
2.75815987587,0.174545898438
2.75921297073,0.148666992188
2.7602648735,0.161118164063
2.76132106781,0.185532226563
2.76237487793,0.170151367188
2.76342487335,0.148666992188
2.76447892189,0.149643554688
2.76552796364,0.161606445313
2.76658296585,0.161850585938
2.76763296127,0.153061523438
2.76868200302,0.161606445313
2.76973605156,0.171860351563
2.770788908,0.162094726563
2.77184295654,0.152573242188
2.77289485931,0.137192382813
2.7739470005,0.135971679688
2.77500200272,0.148666992188
2.77605199814,0.169418945313
2.77710700035,0.165024414063
2.77815890312,0.157944335938
2.77921104431,0.158188476563
2.78026294708,0.175278320313
2.7813179493,0.180893554688
2.78237199783,0.164047851563
2.78342294693,0.155258789063
2.78447699547,0.158188476563
2.78552699089,0.151108398438
2.78658103943,0.135971679688
2.78763389587,0.134018554688
2.78868508339,0.142075195313
2.78973698616,0.163071289063
2.79078793526,0.126938476563
2.7918419838,0.147446289063
2.79289388657,0.166733398438
2.79394507408,0.163803710938
2.7949988842,0.168930664063
2.79604887962,0.160629882813
2.79710197449,0.202622070313
2.79815196991,0.165512695313
2.79920291901,0.148422851563
2.8002550602,0.140854492188
2.80130887032,0.129135742188
2.80236387253,0.145981445313
2.80341386795,0.150864257813
2.80446791649,0.136215820313
2.80552101135,0.137924804688
2.8065738678,0.161118164063
2.80762696266,0.161606445313
2.80867791176,0.161362304688
2.80973100662,0.159653320313
2.81078886986,0.168686523438
2.8118429184,0.169663085938
2.81289505959,0.168686523438
2.81394791603,0.154038085938
2.81500101089,0.127426757813
2.81605005264,0.148911132813
2.81710290909,0.143051757813
2.81815290451,0.118149414063
2.8192050457,0.160385742188
2.82025790215,0.185288085938
2.82131290436,0.156723632813
2.82236599922,0.131333007813
2.82341599464,0.145981445313
2.82446885109,0.168686523438
2.82552099228,0.170151367188
2.82657384872,0.135483398438
2.82762598991,0.104477539063
2.82867693901,0.131821289063
2.82973194122,0.169907226563
2.83078289032,0.143051757813
2.83183789253,0.157211914063
2.83289003372,0.120834960938
2.83394098282,0.114731445313
2.83499503136,0.153061523438
2.83604502678,0.149643554688
2.83709788322,0.109848632813
2.83815002441,0.113510742188
2.83920288086,0.122299804688
2.8402569294,0.140366210938
2.84131002426,0.147690429688
2.8423640728,0.140854492188
2.84341192245,0.145493164063
2.84446597099,0.165268554688
2.84551787376,0.176499023438
2.84657001495,0.132553710938
2.8476228714,0.135727539063
2.84867405891,0.207260742188
2.84972596169,0.203354492188
2.85080385208,0.0624853515625
2.85185599327,0.0080419921875
2.8529009819,0.0927587890625
2.85394787788,0.192612304688
2.85500001907,0.218735351563
2.85604691505,0.0576025390625
2.85709404945,0.170639648438
2.85814404488,0.234360351563
2.85919499397,0.150620117188
2.86024689674,0.103989257813
2.86129903793,0.119858398438
2.86235189438,0.143051757813
2.8634018898,0.128647460938
2.86445498466,0.131088867188
2.86550498009,0.169418945313
2.86655497551,0.100083007813
2.86760592461,0.0319677734375
2.86865401268,0.0239111328125
2.86974692345,0.108139648438
2.87080287933,0.155258789063
2.87184906006,0.166245117188
2.87289094925,0.133530273438
2.87393188477,0.130844726563
2.87497496605,0.0854345703125
2.8760099411,0.118881835938
2.87705087662,0.210922851563
2.8780939579,0.143540039063
2.87913703918,0.112045898438
2.88017988205,0.112778320313
2.88131594658,0.105942382813
2.88236784935,0.126694335938
2.88341498375,0.121811523438
2.88446688652,0.105454101563
2.88551688194,0.118393554688
2.88656401634,0.106186523438
2.88761401176,0.0781103515625
2.88865399361,0.0485693359375
2.89361906052,0.116196289063
2.89468407631,0.185776367188
2.89573407173,0.129379882813
2.89678001404,0.0949560546875
2.8978228569,0.105942382813
2.89886903763,0.134995117188
2.89990997314,0.127670898438
2.90095806122,0.141586914063
2.9020049572,0.101059570313
2.90304803848,0.132065429688
2.90409398079,0.122055664063
2.90513586998,0.0727392578125
2.90617203712,0.0793310546875
2.90721106529,0.101303710938
2.90825295448,0.0942236328125
2.9092900753,0.0771337890625
2.91033005714,0.0524755859375
2.91137290001,0.0610205078125
2.91241002083,0.0729833984375
2.9134478569,0.0856787109375
2.9144859314,0.0820166015625
2.91552186012,0.124497070313
2.91656684875,0.0756689453125
2.91760587692,0.0712744140625
2.91864204407,0.0671240234375
2.91967797279,0.0893408203125
2.92077708244,0.104477539063
2.92182302475,0.115219726563
2.92286705971,0.0969091796875
2.92390298843,0.0937353515625
2.92494106293,0.0842138671875
2.92597794533,0.116684570313
2.9270169735,0.0910498046875
2.92805600166,0.0837255859375
2.92909502983,0.0981298828125
2.93013095856,0.0876318359375
2.93125200272,0.0602880859375
2.93229603767,0.0309912109375
2.93334293365,0.0178076171875
2.93438696861,0.0187841796875
2.93543100357,0.0319677734375
2.93647503853,0.0229345703125
2.93751597404,0.0512548828125
2.93857693672,0.0900732421875
2.93963289261,0.107895507813
2.94073486328,0.0842138671875
2.9417860508,0.0920263671875
2.94283485413,0.0785986328125
2.94388103485,0.0583349609375
2.94492506981,0.0056005859375
2.94597291946,-0.0310205078125
2.94701695442,-0.0422509765625
2.9480638504,-0.0285791015625
2.94911289215,-0.0017236328125
2.95015597343,0.0051123046875
2.95129704475,-0.0041650390625
2.95234704018,0.0073095703125
2.95339202881,0.0124365234375
2.95443797112,0.0143896484375
2.95548605919,-0.0095361328125
2.95652890205,-0.0273583984375
2.9575779438,-0.0520166015625
2.95862603188,-0.0935205078125
2.95967006683,-0.131850585937
2.96076989174,-0.129409179687
2.9618229866,-0.126479492187
2.96287703514,-0.142592773437
2.96392798424,-0.137221679687
2.96498298645,-0.144301757812
2.96603298187,-0.142104492187
2.96708488464,-0.105239257812
2.96813702583,-0.0649560546875
2.96918392181,-0.0354150390625
2.97023105621,-0.0171044921875
2.97127604485,-0.0146630859375
2.97232294083,-0.0146630859375
2.97337007523,0.0165869140625
2.97441291809,0.0590673828125
2.97546195984,0.101303710938
2.97651290894,0.137436523438
2.97756505013,0.190903320313
2.97861790657,0.244370117188
2.97966694832,0.188706054688
2.98076796532,0.0969091796875
2.98181796074,0.108872070313
2.9828710556,0.0634619140625
2.98391604424,-0.0078271484375
2.98496389389,-0.0564111328125
2.98601007462,-0.0276025390625
2.9870569706,0.0038916015625
2.98810386658,-0.0134423828125
2.98915290833,-0.0078271484375
2.9902009964,-0.0005029296875
2.99125599861,-0.0393212890625
2.99230098724,-0.0615380859375
2.99334788322,-0.0835107421875
2.99439191818,-0.134047851562
2.99544405937,-0.147963867187
2.99649691582,-0.108413085937
2.99754691124,-0.0810693359375
2.99859690666,-0.0324853515625
2.99964284897,0.0063330078125
