0, -0.003876953125,-0.01832
0.003, 0.001982421875,-0.05832
0.006, -0.00314453125,-0.04232
0.009, 0.003447265625,0.02968
0.012, 0.00125,0.08568
0.015, -0.001923828125,0.06968
0.018, -0.00314453125,0.07768
0.021, 0.00125,0.04568
0.024, 0.001005859375,0.02168
0.027, 2.9296875e-05,-0.06632
0.03, -0.0055859375,0.02968
0.033, 0.001494140625,-0.02232
0.036, 0.00125,0.00168
0.039, 0.00125,-0.05032
0.042, 0.003935546875,-0.01432
0.045, 0.004423828125,0.04168
0.048, 0.00271484375,0.00968
0.051, 0.00173828125,-0.05832
0.054, 0.00564453125,-0.03432
0.057, -0.0036328125,-0.06632
0.06, 0.001982421875,0.05368
0.063, 0.00271484375,0.01768
0.066, 0.0002734375,-0.06632
0.069, -0.000458984375,0.04968
0.072, 0.006865234375,0.03768
0.075, 0.000517578125,0.03768
0.078, 0.00271484375,-0.05432
0.081, -0.015107421875,-0.01032
0.084, 0.001494140625,-0.00232
0.087, 0.005400390625,-0.01832
0.09, -0.001435546875,0.04168
0.093, 0.011259765625,-0.02232
0.096, -0.000947265625,0.05368
0.099, -0.018525390625,0.00968
0.102, 0.001005859375,0.08968
0.105, 0.001005859375,-0.11432
0.108, 0.000517578125,-0.08232
0.111, 0.00466796875,0.00168
0.114, 0.0090625,-0.05432
0.117, 0.000517578125,0.00568
0.12, -0.000703125,-0.00232
0.123, -0.000458984375,0.02168
0.126, -0.00021484375,0.04568
0.129, 0.002470703125,-0.00232
0.132, -0.01828125,-0.01832
0.135, -0.00265625,0.00968
0.138, 0.006376953125,-0.04232
0.141, 0.00466796875,0.02168
0.144, -0.0016796875,-0.09432
0.147, -0.00216796875,-0.87032
0.15, -0.0036328125,0.01368
0.153, -0.00119140625,0.04968
0.156, -0.00119140625,0.06168
0.159, 2.9296875e-05,-0.11432
0.162, 0.00369140625,-0.00632
0.165, 0.00076171875,0.01368
0.168, 0.00076171875,-0.04632
0.171, 0.00271484375,0.02168
0.174, -0.001435546875,-0.04632
0.177, -0.002412109375,-0.00232
0.18, 0.0022265625,-0.00632
0.183, 0.01248046875,-0.00632
0.186, 0.002958984375,0.06968
0.189, -0.004365234375,0.03368
0.192, -0.00021484375,0.03368
0.195, -0.00216796875,-0.01832
0.198, -0.00119140625,0.00968
0.201, -0.0036328125,0.13768
0.204, -0.00119140625,-0.00632
0.207, 0.0002734375,0.04168
0.21, -0.000947265625,0.02568
0.213, 0.00125,0.07768
0.216, -0.001923828125,0.08168
0.219, -0.016328125,-0.08632
0.222, 0.00076171875,0.01768
0.225, 2.9296875e-05,0.00968
0.228, -0.00216796875,-0.01832
0.231, -0.000947265625,0.01768
0.234, -0.011201171875,-0.03832
0.237, -0.012421875,0.00168
0.24, 0.001982421875,-0.05032
0.243, 0.002958984375,-0.01832
0.246, 0.0119921875,-0.01432
0.249, 0.00271484375,0.01768
0.252, 0.01150390625,-0.06632
0.255, -0.000458984375,-0.09832
0.258, -0.002412109375,-0.05032
0.261, 0.001005859375,0.00168
0.264, 0.0022265625,0.00968
0.267, -0.000947265625,0.01368
0.27, 0.000517578125,-0.01832
0.273, 0.00125,-0.09032
0.276, -0.004609375,0.00568
0.279, -0.009248046875,0.04968
0.282, -0.0016796875,-0.01832
0.285, 2.9296875e-05,0.08568
0.288, 0.012236328125,-0.06232
0.291, 0.00466796875,0.00568
0.294, -0.002412109375,0.00568
0.297, 2.9296875e-05,0.02568
0.3, 0.002958984375,-0.02232
0.303, -0.013642578125,0.04568
0.306, -0.000703125,-0.04232
0.309, -0.004609375,-0.01432
0.312, 0.00076171875,0.07368
0.315, -0.00119140625,-0.03832
0.318, 0.001005859375,-0.02232
0.321, 2.9296875e-05,-0.09432
0.324, -0.00021484375,-0.03032
0.327, -0.000947265625,-0.06632
0.33, 0.00564453125,-0.00232
0.333, -0.00607421875,0.04168
0.336, 0.010283203125,0.05368
0.339, 0.003935546875,0.05368
0.342, 0.0022265625,0.04968
0.345, -0.000703125,0.03768
0.348, -0.00314453125,-0.06632
0.351, 0.002958984375,-0.05032
0.354, 0.00369140625,0.09368
0.357, -0.004365234375,-0.05432
0.36, -0.00509765625,0.05368
0.363, 0.005400390625,0.03368
0.366, 0.001982421875,0.00968
0.369, -0.000703125,0.06168
0.372, -0.002900390625,0.02968
0.375, -0.002412109375,-0.01832
0.378, -0.003876953125,-0.05032
0.381, 0.00271484375,0.02968
0.384, -0.000947265625,-0.01432
0.387, -0.01681640625,0.05768
0.39, 0.002958984375,0.04568
0.393, -0.013154296875,-0.01832
0.396, -0.00021484375,0.04568
0.399, -0.00216796875,-0.05032
0.402, -0.000703125,-0.14232
0.405, 0.0022265625,-0.07432
0.408, -0.00314453125,0.02568
0.411, 0.01150390625,0.01768
0.414, 0.003203125,-0.00632
0.417, -0.001435546875,-0.09032
0.42, -0.0016796875,-0.01432
0.423, -0.000947265625,-0.00232
0.426, -0.001923828125,0.01768
0.429, 0.001494140625,0.15368
0.432, 0.00369140625,-0.06632
0.435, -0.000458984375,0.10968
0.438, -0.005341796875,0.06568
0.441, 0.00173828125,-0.09832
0.444, -0.01388671875,-0.02232
0.447, -0.000703125,-0.02632
0.45, 0.002958984375,-0.04232
0.453, 0.001982421875,0.02568
0.456, 0.0022265625,0.01768
0.459, 0.00076171875,-0.09432
0.462, 0.00173828125,0.06568
0.465, 0.00466796875,-0.03032
0.468, -0.004365234375,-0.05832
0.471, 0.00125,0.03768
0.474, 0.00125,-0.00232
0.477, -0.0173046875,-0.01432
0.48, -0.000458984375,-0.04232
0.483, 0.00125,-0.06232
0.486, -0.00412109375,0.04568
0.489, -0.001435546875,0.13368
0.492, 0.0041796875,0.04168
0.495, 0.0022265625,-0.06632
0.498, 2.9296875e-05,0.04968
0.501, -0.00265625,0.03768
0.504, -0.002412109375,0.07768
0.507, 0.0002734375,0.07368
0.51, 0.002470703125,-0.00232
0.513, 0.0061328125,-0.03432
0.516, -0.001435546875,0.00968
0.519, -0.005830078125,0.12568
0.522, 0.000517578125,0.03768
0.525, -0.000947265625,0.02168
0.528, -0.000703125,-0.05832
0.531, -0.000947265625,0.02568
0.534, 0.002958984375,-0.87432
0.537, -0.000703125,-0.01832
0.54, 2.9296875e-05,0.03368
0.543, 0.004912109375,0.03368
0.546, 0.000517578125,0.08968
0.549, -0.00021484375,0.01368
0.552, 0.0061328125,0.09768
0.555, -0.002412109375,-0.05032
0.558, 0.001982421875,-0.05832
0.561, -0.000458984375,0.01368
0.564, 2.9296875e-05,0.02968
0.567, 0.003447265625,0.02968
0.57, 0.009794921875,0.07368
0.573, -0.000703125,-0.01432
0.576, 0.006376953125,-0.06232
0.579, 0.00271484375,-0.02232
0.582, -0.00314453125,0.03368
0.585, -0.00216796875,-0.07032
0.588, 2.9296875e-05,-0.03832
0.591, 0.00515625,-0.02632
0.594, 0.0002734375,-0.05032
0.597, 0.003203125,-0.02232
0.6, -0.00314453125,0.03368
0.603, 0.005400390625,-0.03832
0.606, 0.00173828125,-0.04632
0.609, 0.011259765625,0.04168
0.612, 0.00076171875,-0.87832
0.615, 0.002470703125,-0.07832
0.618, 0.00271484375,-0.00232
0.621, 0.00173828125,0.04968
0.624, 0.0002734375,-0.07832
0.627, 0.004423828125,0.08568
0.63, -0.0016796875,0.05368
0.633, 0.00466796875,-0.04632
0.636, 0.000517578125,0.00568
0.639, 0.001982421875,0.02568
0.642, -0.0036328125,-0.00632
0.645, 0.00759765625,0.00968
0.648, -0.00021484375,-0.01432
0.651, 0.002470703125,0.05368
0.654, 0.003447265625,0.09368
0.657, 0.00564453125,0.08968
0.66, -0.012177734375,0.07768
0.663, 0.003935546875,-0.09432
0.666, -0.00314453125,-0.01032
0.669, -0.00119140625,0.03368
0.672, 0.00515625,0.07368
0.675, -0.0016796875,0.01768
0.678, -0.001435546875,-0.01032
0.681, 2.9296875e-05,0.04968
0.684, 0.002958984375,0.03768
0.687, -0.005830078125,0.02168
0.69, 0.007841796875,0.12168
0.693, 0.00076171875,-0.00232
0.696, 0.001005859375,-0.01832
0.699, 0.00076171875,-0.06232
0.702, -0.002412109375,0.04968
0.705, 0.00271484375,0.00968
0.708, 0.01248046875,-0.08232
0.711, -0.00216796875,0.02968
0.714, 0.001982421875,-0.01032
0.717, 0.003203125,-0.04232
0.72, 0.00271484375,0.04968
0.723, 2.9296875e-05,0.04568
0.726, -0.002412109375,-0.06232
0.729, -0.00119140625,-0.07832
0.732, -0.000458984375,-0.07432
0.735, -0.0036328125,-0.03032
0.738, 0.007841796875,0.05368
0.741, 0.0002734375,0.00168
0.744, -0.002412109375,0.07368
0.747, -0.002412109375,0.02168
0.75, 0.003935546875,0.09768
0.753, -0.005341796875,0.03368
0.756, 0.0041796875,-0.02232
0.759, 0.00173828125,-0.00632
0.762, -0.011689453125,0.02168
0.765, -0.000458984375,0.03368
0.768, 0.0022265625,-0.05432
0.771, -0.000703125,-0.04232
0.774, -0.012421875,0.00968
0.777, -0.0016796875,-0.01032
0.78, -0.002900390625,-0.07032
0.783, -0.011201171875,-0.02632
0.786, -0.0036328125,0.07768
0.789, -0.002412109375,0.02168
0.792, 0.00076171875,-0.00232
0.795, -0.014375,0.09768
0.798, 0.01248046875,-0.06232
0.801, -0.000947265625,-0.03832
0.804, -0.0036328125,0.10168
0.807, -0.00119140625,-0.04632
0.81, 0.00173828125,-0.03432
0.813, -0.000703125,0.01768
0.816, 0.00173828125,-0.04632
0.819, -0.00021484375,-0.03832
0.822, -0.000703125,0.02168
0.825, -0.000703125,-0.01032
0.828, 0.0041796875,0.00968
0.831, -0.004853515625,0.06168
0.834, -0.002900390625,0.02968
0.837, -0.001923828125,-0.02232
0.84, 0.003203125,0.08968
0.843, 0.003447265625,-0.05832
0.846, -0.001435546875,-0.01832
0.849, 0.0002734375,-0.11432
0.852, 0.00564453125,-0.01032
0.855, -0.003388671875,0.02968
0.858, -0.00216796875,0.00168
0.861, -0.00021484375,-0.04632
0.864, 0.0002734375,0.01768
0.867, 0.004912109375,-0.10632
0.87, -0.001435546875,0.02968
0.873, 0.007109375,0.04168
0.876, 0.000517578125,0.10168
0.879, 0.00271484375,0.01368
0.882, 0.0002734375,0.02968
0.885, -0.004609375,-0.04232
0.888, 0.004423828125,-0.01832
0.891, -0.00216796875,-0.04232
0.894, -0.004365234375,-0.06232
0.897, 0.0002734375,-0.02632
0.9, -0.001923828125,0.06168
0.903, 0.00271484375,0.06968
0.906, -0.000458984375,0.00168
0.909, -0.00021484375,-0.05832
0.912, 0.000517578125,0.07368
0.915, 0.0061328125,-0.04632
0.918, 0.001494140625,-0.09832
0.921, -0.000703125,-0.09432
0.924, -0.00265625,0.00568
0.927, 0.003203125,0.04568
0.93, 0.0002734375,0.03368
0.933, 0.003447265625,-0.02632
0.936, -0.002900390625,0.04168
0.939, 0.002958984375,-0.00632
0.942, -0.00265625,0.07768
0.945, 0.009794921875,-0.02232
0.948, -0.007294921875,-0.05432
0.951, 0.00125,0.06968
0.954, -0.00216796875,0.00968
0.957, 0.003203125,0.05368
0.96, -0.00119140625,-0.02632
0.963, 0.001005859375,-0.05432
0.966, -0.000458984375,0.02568
0.969, 0.0002734375,0.02168
0.972, -0.003388671875,0.06168
0.975, -0.008271484375,-0.07432
0.978, 0.001982421875,0.00168
0.981, 0.00271484375,0.07368
0.984, 0.003447265625,-0.86232
0.987, -0.000458984375,0.02968
0.99, 0.00173828125,1.14568
0.993, 0.002958984375,0.03368
0.996, 0.00515625,0.05368
0.999, 0.002470703125,0.02968
1.002, -0.001435546875,0.08968
1.005, 0.0041796875,-0.00632
1.008, 0.001494140625,0.00168
1.011, 0.00125,0.07368
1.014, -0.0153515625,0.02968
1.017, -0.01486328125,0.04168
1.02, 0.0022265625,-0.03432
1.023, 0.001982421875,0.07368
1.026, -0.004365234375,0.02968
1.029, 0.003203125,-0.02232
1.032, 0.0080859375,0.01768
1.035, 0.006865234375,-0.07032
1.038, 0.0022265625,-0.06232
1.041, -0.00216796875,0.08168
1.044, -0.016328125,0.02968
1.047, -0.00021484375,0.00168
1.05, -0.00021484375,0.03368
1.053, -0.000703125,0.00968
1.056, -0.000947265625,-0.06232
1.059, 2.9296875e-05,0.00968
1.062, -0.001923828125,0.09368
1.065, -0.000703125,-0.13032
1.068, 0.000517578125,0.06168
1.071, 0.000517578125,0.03368
1.074, -0.000703125,0.06168
1.077, -0.000458984375,0.02968
1.08, -0.00216796875,-0.01032
1.083, -0.0016796875,0.03368
1.086, -0.00021484375,-0.13832
1.089, -0.003388671875,0.01768
1.092, 0.005400390625,0.01768
1.095, -0.016572265625,-0.07832
1.098, -0.010712890625,-0.07432
1.101, 2.9296875e-05,0.00968
1.104, 0.0061328125,0.04968
1.107, -0.00705078125,-0.04632
1.11, -0.00119140625,0.05368
1.113, 0.000517578125,0.02168
1.116, -0.00021484375,-0.03432
1.119, 0.003935546875,0.08168
1.122, -0.0065625,-0.01832
1.125, -0.005341796875,0.07368
1.128, 0.00125,0.01768
1.131, -0.00119140625,0.08968
1.134, -0.015107421875,0.03768
1.137, 0.001494140625,0.07368
1.14, 0.00125,-0.02632
1.143, 0.002958984375,-0.01432
1.146, -0.00119140625,-0.03832
1.149, -0.001923828125,-0.01832
1.152, 0.000517578125,0.03368
1.155, 0.004912109375,-0.01032
1.158, -0.003876953125,0.06168
1.161, -0.004365234375,-0.68632
1.164, -0.05783203125,1.09368
1.167, -0.03830078125,1.16568
1.17, -0.0544140625,0.68968
1.173, 0.05984375,-0.54632
1.176, 0.05642578125,-0.28232
1.179, 0.088408203125,-0.85832
1.182, 0.0041796875,-0.83032
1.185, -0.01779296875,0.28968
1.188, 0.003203125,-0.06632
1.191, -0.01681640625,0.13768
1.194, 0.004912109375,-0.79032
1.197, -0.008515625,1.12568
1.2, -0.000947265625,0.04568
1.203, -0.011689453125,-0.26632
1.206, 0.036650390625,-0.62232
1.209, 0.035673828125,-0.02632
1.212, 0.002958984375,-1.81432
1.215, 0.132353515625,-0.26632
1.218, 0.018095703125,-0.54632
1.221, 0.053251953125,-0.57032
1.224, 0.02810546875,0.66568
1.227, -0.034638671875,0.48568
1.23, 0.00271484375,0.54168
1.233, -0.044892578125,1.08968
1.236, 0.00759765625,0.06968
1.239, 0.04470703125,0.59768
1.242, -0.014619140625,0.00568
1.245, -0.0798046875,-0.49032
1.248, -0.01095703125,1.16168
1.251, -0.15353515625,0.59368
1.254, -0.0290234375,-0.09432
1.257, -0.020478515625,-0.31032
1.26, 0.00857421875,-0.78632
1.263, 0.046416015625,-0.75832
1.266, -0.01291015625,-0.19032
1.269, 0.20486328125,-2.11832
1.272, 0.07791015625,-0.71432
1.275, 0.206572265625,-0.65432
1.278, 0.025908203125,1.17768
1.281, 0.063994140625,1.04168
1.284, -0.090546875,0.47368
1.287, -0.043671875,1.02568
1.29, -0.030244140625,-1.54632
1.293, 0.011015625,-2.31832
1.296, 0.105986328125,-1.28232
1.299, 0.159453125,-0.73432
1.302, -0.026337890625,2.20168
1.305, -0.15744140625,-1.31832
1.308, -0.06564453125,-1.48632
1.311, 0.007109375,0.86568
1.314, 0.28396484375,-2.63432
1.317, -0.0065625,-0.42232
1.32, -0.022919921875,1.50568
1.323, -0.016328125,-0.13832
1.326, -0.02609375,1.66568
1.329, 3.75540039063,1.26168
1.332, 0.011015625,-0.57832
1.335, 0.054228515625,-1.53432
1.338, 0.1096484375,-1.06232
1.341, -0.12619140625,1.55768
1.344, 0.172392578125,-0.89832
1.347, -0.145966796875,1.59368
1.35, 0.020048828125,-1.09032
1.353, -0.11544921875,1.31768
1.356, 0.294951171875,1.42968
1.359, -0.13009765625,-3.16232
1.362, 3.8186328125,3.83368
1.365, 0.148466796875,1.12568
1.368, -0.135712890625,-1.75432
1.371, 0.223173828125,-1.45832
1.374, 3.65725585938,3.62968
1.377, 0.0920703125,-2.84232
1.38, 0.126005859375,0.44568
1.383, 0.304716796875,-3.55832
1.386, 0.112333984375,-1.29432
1.389, 3.81301757813,4.08568
1.392, -0.12521484375,0.12568
1.395, 3.68850585938,2.32568
1.398, -0.0641796875,-1.21032
1.401, 0.183134765625,1.71368
1.404, 0.155302734375,-2.71032
1.407, 0.114775390625,1.88168
1.41, 3.82400390625,-2.37832
1.413, -0.14474609375,2.69368
1.416, 3.83572265625,0.04568
1.419, 0.00466796875,3.27768
1.422, 3.7170703125,-2.22232
1.425, 3.714140625,3.88568
1.428, 0.051787109375,-3.51032
1.431, 3.83254882813,2.23768
1.434, 0.241484375,-3.82632
1.437, 0.120390625,1.66568
1.44, 0.255400390625,0.27768
1.443, -0.03146484375,-0.41832
1.446, 0.13796875,2.84968
1.449, 0.432158203125,-4.33032
1.452, -0.022919921875,2.29368
1.455, 0.072294921875,-1.57832
1.458, 0.048369140625,-1.48232
1.461, -0.051240234375,2.92568
1.464, -0.00119140625,-0.67832
1.467, 3.764921875,-1.30632
1.47, -0.132294921875,0.79368
1.473, 0.285673828125,-0.93832
1.476, -0.0778515625,0.24568
1.479, 0.175078125,-0.27032
1.482, -0.057587890625,-0.43832
1.485, 3.800078125,1.16968
1.488, 0.091337890625,-0.66232
1.491, 0.369169921875,-1.25032
1.494, 0.047392578125,-1.19032
1.497, 0.248564453125,-0.60232
1.5, 0.2434375,0.56568
1.503, 0.496123046875,-2.52232
1.506, 0.393583984375,-2.12232
1.509, 0.526884765625,-2.73832
1.512, 0.31912109375,-1.44232
1.515, 0.284453125,0.23368
1.518, 0.026396484375,-0.80232
1.521, -0.0114453125,-0.29432
1.524, 0.0158984375,1.55768
1.527, -0.044404296875,0.72968
1.53, 0.073271484375,1.74568
1.533, 3.58181640625,0.82568
1.536, 3.5920703125,2.28168
1.539, 3.36477539063,4.28568
1.542, 3.66287109375,-1.10632
1.545, 3.51833984375,0.44568
1.548, 3.64236328125,-1.23432
1.551, 0.27810546875,0.57368
1.554, 0.03640625,-1.39432
1.557, 0.40408203125,-2.25832
1.56, 0.383330078125,-0.09032
1.563, 0.4221484375,-2.35032
1.566, -0.067841796875,2.69368
1.569, -0.091279296875,2.18568
1.572, 3.44509765625,1.74568
1.575, 3.57571289063,4.19768
1.578, 3.4465625,3.09768
1.581, 3.40896484375,3.74968
1.584, -0.154755859375,0.12968
1.587, -0.054169921875,-1.26632
1.59, 0.249296875,-3.07032
1.593, 1.06790039062,-6.87432
1.596, 0.5979296875,-4.41032
1.599, 0.47244140625,0.18568
1.602, -0.025849609375,1.52168
1.605, 3.35256835938,2.50968
1.608, 3.31545898438,4.96968
1.611, 3.40310546875,3.14568
1.614, 3.40115234375,3.61768
1.617, 0.176298828125,-0.20232
1.62, 0.392607421875,-6.22632
1.623, 0.52517578125,-1.85032
1.626, 0.0315234375,-0.10232
1.629, 3.57034179688,0.17768
1.632, 3.5061328125,2.61768
1.635, 0.016875,0.72568
1.638, 3.40188476563,2.78968
1.641, -0.03830078125,-0.98232
1.644, 0.29080078125,-3.22632
1.647, 0.676787109375,-3.65032
1.65, 0.7776171875,-3.79832
1.653, 0.210966796875,0.77368
1.656, 0.01931640625,4.17768
1.659, 2.878203125,4.46568
1.662, 2.9280078125,3.62968
1.665, 3.65188476563,0.26168
1.668, 3.76565429688,-2.23032
1.671, 0.798125,-3.45432
1.674, 0.653349609375,-2.62232
1.677, 3.79421875,0.32168
1.68, 3.68313476563,1.28168
1.683, 3.24075195313,2.34568
1.686, 3.05227539063,1.52568
1.689, 0.905546875,-2.54232
1.692, 0.95486328125,-4.07032
1.695, 0.811796875,-0.13032
1.698, 0.5959765625,0.75768
1.701, 3.64700195313,1.76968
1.704, 3.33743164063,2.79368
1.707, 3.45999023438,-0.69832
1.71, 0.084501953125,-0.83432
1.713, 0.50271484375,-1.88632
1.716, 0.88552734375,-3.90632
1.719, 3.546171875,4.94968
1.722, 3.62600585938,1.12168
1.725, 3.29934570313,2.17768
1.728, 3.68826171875,1.11768
1.731, 0.172880859375,-3.33432
1.734, 0.35427734375,0.71768
1.737, 0.22927734375,0.12968
1.74, 3.51321289063,1.00968
1.743, 3.4397265625,1.82168
1.746, 3.49807617188,-1.18632
1.749, 3.66580078125,-0.46632
1.752, 0.980986328125,-3.19832
1.755, 0.55935546875,-2.38632
1.758, 0.4123828125,1.27768
1.761, 3.83108398438,2.31768
1.764, 3.28274414063,4.11368
1.767, 3.69143554688,2.08968
1.77, 0.044951171875,-3.74632
1.773, 0.221953125,0.77768
1.776, 0.576201171875,0.37368
1.779, 3.37893554688,0.01768
1.782, 3.311796875,2.56568
1.785, 3.77810546875,-1.83432
1.788, -0.0505078125,-0.80232
1.791, 0.72634765625,-1.71032
1.794, 0.0373828125,-1.45432
1.797, -0.090546875,1.24168
1.8, 3.792265625,0.84568
1.803, 3.32717773438,3.08968
1.806, -0.127412109375,-1.51032
1.809, 0.407255859375,-1.47032
1.812, 0.367216796875,0.41768
1.815, -0.004609375,1.34168
1.818, 3.526640625,0.44168
1.821, 3.49758789063,1.26568
1.824, 3.75198242188,-2.29432
1.827, 0.30251953125,0.42568
1.83, 0.60134765625,0.03368
1.833, -0.111298828125,0.60568
1.836, 3.66189453125,2.33768
1.839, -0.15744140625,-0.15832
1.842, 0.029814453125,-0.09032
1.845, 0.77810546875,-1.35432
1.848, 0.5530078125,-1.77832
1.851, 0.3713671875,1.48568
1.854, 3.73196289063,0.39368
1.857, 3.76931640625,0.74568
1.86, 0.07009765625,-0.08232
1.863, 0.267119140625,-0.88632
1.866, 0.11599609375,2.90968
1.869, 3.70559570313,1.88168
1.872, 3.085234375,3.60568
1.875, 3.60598632813,1.22568
1.878, 3.73684570313,-0.52232
1.881, 0.0744921875,0.15368
1.884, 0.359404296875,-0.45032
1.887, 3.64407226563,1.64568
1.89, 3.63381835938,2.66168
1.893, 3.60916015625,0.78968
1.896, 3.686796875,0.90968
1.899, 0.35916015625,-1.66632
1.902, 0.125517578125,0.22568
1.905, -0.121796875,2.97768
1.908, 3.69143554688,1.31768
1.911, 3.36282226563,1.55368
1.914, -0.0846875,-0.17432
1.917, 0.337919921875,0.55368
1.92, 0.079375,2.70168
1.923, 0.02908203125,2.68168
1.926, 3.370390625,3.11768
1.929, 3.75344726563,0.70568
1.932, 0.212919921875,0.68168
1.935, 0.236357421875,1.39768
1.938, 0.413603515625,2.18968
1.941, 3.54397460938,2.25768
1.944, 3.62673828125,2.66968
1.947, 0.032744140625,0.50168
1.95, 0.227568359375,0.57368
1.953, 0.75857421875,0.10168
1.956, 0.144560546875,1.90568
1.959, 0.04080078125,4.22168
1.962, 3.68166992188,1.80968
1.965, -0.07736328125,1.98168
1.968, 0.538359375,0.82568
1.971, 0.519072265625,0.32168
1.974, 0.299833984375,3.08568
1.977, 3.79763671875,3.84968
1.98, 3.75955078125,2.44568
1.983, 0.29958984375,1.65368
1.986, 0.41775390625,-0.03832
1.989, 0.413603515625,3.85768
1.992, 0.441435546875,2.58968
1.995, 3.3987109375,5.26168
1.998, -0.01291015625,2.40968
2.001, 0.11013671875,1.08968
2.004, 0.378935546875,3.79768
2.007, 0.690458984375,1.44568
2.01, 3.46975585938,5.14168
2.013, 3.75149414063,3.24168
2.016, 3.81936523438,2.01368
2.019, 0.10330078125,4.21368
2.022, 0.634794921875,1.87368
2.025, 3.72170898438,2.23368
2.028, 3.76614257813,4.24968
2.031, -0.119111328125,3.05768
2.034, 0.009794921875,2.74568
2.037, 0.59890625,1.13368
2.04, 0.11208984375,2.33768
2.043, 0.1487109375,4.82568
2.046, 0.0881640625,3.78568
2.049, -0.03,2.52568
2.052, 0.308134765625,3.10968
2.055, 0.53201171875,2.15368
2.058, 0.284453125,4.92168
2.061, 0.230986328125,3.33768
2.064, 3.6028125,4.62568
2.067, -0.00412109375,2.48568
2.07, 0.52126953125,2.34168
2.073, 0.438994140625,5.29368
2.076, 0.438505859375,3.16968
2.079, 3.80349609375,4.88968
2.082, -0.059541015625,4.58968
2.085, 0.37966796875,2.38568
2.088, 0.407255859375,5.74168
2.091, 0.582548828125,5.56168
2.094, 3.6897265625,6.62968
2.097, 3.72366210938,5.38968
2.1, -0.037080078125,4.27768
2.103, 0.1623828125,5.40568
2.106, 0.68630859375,3.96168
2.109, 0.196806640625,6.66168
2.112, -0.09640625,6.64568
2.115, 3.77590820313,6.11368
2.118, 0.08181640625,5.78968
2.121, 0.542509765625,4.42568
2.124, 0.4934375,4.95768
2.127, 0.050078125,7.46568
2.13, 3.72512695313,8.24168
2.133, 3.72,7.29768
2.136, 0.17703125,6.52968
2.139, 0.23513671875,4.79768
2.142, 0.053740234375,9.28968
2.145, 0.355498046875,7.49768
2.148, 3.59744140625,8.12968
2.151, 0.092314453125,8.21768
2.154, 0.146025390625,4.42568
2.157, 0.2717578125,8.41768
2.16, 0.62673828125,9.12568
2.163, 3.48538085938,10.16568
2.166, 3.70510742188,8.47368
2.169, 3.7287890625,6.80568
2.172, -0.04708984375,8.77768
2.175, 0.311552734375,8.72968
2.178, 3.69924804688,9.75768
2.181, 3.75442382813,8.36568
2.184, -0.156708984375,7.67768
2.187, 0.149931640625,9.64168
2.19, 0.339384765625,9.32568
2.193, 3.42336914063,13.78168
2.196, 3.42532226563,11.40568
2.199, 3.58352539063,10.81368
2.202, 3.77981445313,7.55768
2.205, 0.436552734375,10.17368
2.208, 0.16140625,12.26568
2.211, 3.6701953125,11.54168
2.214, 3.78005859375,15.23768
2.217, 3.2746875,11.56168
2.22, 0.157255859375,10.80968
2.223, 0.56716796875,11.22568
2.226, 0.3459765625,13.73768
2.229, 0.395048828125,13.63368
2.232, 3.77908203125,13.45768
2.235, 0.510771484375,12.61368
2.238, 0.560087890625,10.38168
2.241, 0.4241015625,15.66168
2.244, 0.8674609375,10.69368
2.247, 0.110380859375,14.12968
2.25, 0.472685546875,13.43368
2.253, 0.145048828125,12.08968
2.256, 0.289091796875,15.44968
2.259, 0.620390625,12.72168
2.262, -0.140595703125,15.70168
2.265, 3.81106445313,13.56968
2.268, 3.53616210938,14.40968
2.271, 0.19216796875,11.62568
2.274, 0.609404296875,10.93368
2.277, 0.7873828125,12.94168
2.28, 0.343046875,14.88568
2.283, 3.831328125,15.60568
2.286, 0.075224609375,12.46168
2.289, 0.30837890625,12.48168
2.292, 0.383330078125,15.11768
2.295, 3.82693359375,15.36568
2.298, 0.0608203125,16.28968
2.301, 0.283720703125,10.35368
2.304, 0.5901171875,13.81368
2.307, 0.567412109375,8.33768
2.31, 0.491728515625,17.96568
2.313, -0.019990234375,14.62568
2.316, 3.577421875,13.62968
2.319, 3.67703125,16.42568
2.322, -0.14083984375,8.22168
2.325, 0.178984375,14.76168
2.328, 0.608916015625,11.34968
2.331, -0.155,13.74568
2.334, 0.090849609375,13.41368
2.337, 0.09548828125,9.33768
2.34, 0.345244140625,12.67768
2.343, 0.829130859375,9.20568
2.346, 0.12576171875,11.69368
2.349, -0.013154296875,11.75768
2.352, 0.012236328125,9.36568
2.355, 0.05740234375,10.98968
2.358, 0.68044921875,7.72568
2.361, 0.268828125,8.74568
2.364, -0.09982421875,11.32168
2.367, 0.0022265625,9.82568
2.37, -0.138154296875,6.92968
2.373, 0.25955078125,5.65768
2.376, 0.8166796875,4.59768
2.379, 0.399443359375,8.82168
2.382, 0.27078125,9.30568
2.385, 3.70071289063,6.48968
2.388, -0.10080078125,3.61368
2.391, 0.83474609375,1.55768
2.394, 0.630888671875,6.80168
2.397, 0.609404296875,6.14568
2.4, 3.78665039063,4.25368
2.403, 3.60427734375,3.28168
2.406, 0.636015625,-1.73432
2.409, 0.75955078125,1.99768
2.412, 1.01272460937,2.80168
2.415, 0.326201171875,3.01368
2.418, 3.75295898438,3.90168
2.421, 0.224150390625,-2.14232
2.424, 0.4436328125,-1.85032
2.427, 0.75466796875,-0.25032
2.43, 0.498076171875,-0.23032
2.433, -0.012666015625,0.82568
2.436, 0.17361328125,-3.75832
2.439, 0.281767578125,-5.59032
2.442, 0.757109375,-3.77432
2.445, 0.681181640625,-2.45832
2.448, 0.30203125,-0.55432
2.451, -0.116669921875,-3.61832
2.454, -0.06759765625,-5.17032
2.457, 0.648466796875,-7.19032
2.46, 0.878447265625,-6.01432
2.463, 0.802275390625,-2.15032
2.466, 3.83254882813,-3.92232
2.469, 3.48123046875,-3.15432
2.472, -0.02609375,-7.35832
2.475, 0.358671875,-7.04232
2.478, 0.45388671875,-6.57832
2.481, -0.090546875,-3.13032
2.484, 3.47268554688,-3.37432
2.487, 3.6467578125,-5.94232
2.49, -0.008515625,-7.77432
2.493, 0.08279296875,-7.76232
2.496, 0.419951171875,-4.70232
2.499, -0.058076171875,-5.69032
2.502, 3.6858203125,-3.01032
2.505, -0.071015625,-6.09032
2.508, 3.83352539063,-6.85032
2.511, 0.605009765625,-5.09032
2.514, 0.14236328125,-5.63432
2.517, 3.78201171875,-2.57832
2.52, 3.80666992188,-5.01432
2.523, 3.5823046875,-3.30632
2.526, 0.7483203125,-5.21032
2.529, 0.513212890625,-5.48232
2.532, 0.217802734375,-1.22632
2.535, -0.0446484375,-4.38232
2.538, 3.55959960938,-2.47032
2.541, 0.673369140625,-4.06632
2.544, 0.5451953125,-3.22232
2.547, 0.347197265625,-1.80632
2.55, 0.052763671875,1.10568
2.553, 3.49099609375,-0.57032
2.556, 0.19412109375,-1.99832
2.559, 0.553740234375,-4.08632
2.562, 0.5588671875,-3.88232
2.565, 0.742705078125,-0.19032
2.568, -0.12375,0.00568
2.571, -0.11984375,-2.44632
2.574, 0.27126953125,-3.29032
2.577, 0.488310546875,-3.16232
2.58, 0.816923828125,0.03768
2.583, 0.214873046875,0.50568
2.586, 3.64309570313,-0.49032
2.589, -0.076875,-1.04632
2.592, 0.15212890625,-2.89832
2.595, 0.85525390625,-2.69832
2.598, 0.682890625,-0.75432
2.601, 3.66262695313,0.57368
2.604, 3.81643554688,-0.28232
2.607, -0.14181640625,-1.43032
2.61, 0.492705078125,-3.33832
2.613, 0.71853515625,-1.31032
2.616, 0.396025390625,0.50168
2.619, 3.77053710938,1.12568
2.622, 3.6936328125,-0.30632
2.625, 0.077421875,-1.88232
2.628, 0.465849609375,-2.25432
2.631, 0.34939453125,2.06968
2.634, -0.090546875,1.21368
2.637, 3.5354296875,0.69768
2.64, 3.82034179688,-0.19432
2.643, 0.242216796875,-3.88232
2.646, 0.380888671875,-0.23832
2.649, 0.338896484375,1.48568
2.652, 3.63186523438,1.82568
2.655, 3.55154296875,1.46568
2.658, -0.08517578125,-1.48232
2.661, 0.11306640625,-2.10232
2.664, 0.72927734375,-0.22232
2.667, 0.09548828125,1.19368
2.67, 3.81643554688,0.76168
2.673, -0.0661328125,-1.47832
2.676, 0.008330078125,-2.69032
2.679, 0.62576171875,0.28168
2.682, 0.39236328125,-0.40232
2.685, 3.82620117188,1.57368
2.688, 3.81619140625,0.20568
2.691, 3.65334960938,-2.66632
2.694, 0.759306640625,-0.95432
2.697, 0.7678515625,-1.22632
2.7, 0.1965625,1.17768
2.703, 0.099638671875,2.49368
2.706, 3.68752929688,0.12968
2.709, 3.83279296875,-0.17032
2.712, 0.800322265625,-3.08632
2.715, 0.479033203125,0.54568
2.718, 0.462919921875,1.04168
2.721, -0.072724609375,-0.61832
2.724, 3.67043945313,0.00168
2.727, 0.5686328125,-5.87432
2.73, 0.42703125,-0.90632
2.733, 0.521513671875,-0.24632
2.736, 0.22927734375,-1.81032
2.739, 3.65579101563,-0.24632
2.742, 0.415068359375,-4.39432
2.745, 0.4260546875,-4.54632
2.748, 0.708037109375,-1.53032
2.751, 0.553984375,-2.28632
2.754, -0.003388671875,-0.83032
2.757, 0.11794921875,-3.18632
2.76, 0.15359375,-5.85832
2.763, 0.62283203125,-4.82232
2.766, 0.8528125,-4.04632
2.769, 0.32107421875,-1.40232
2.772, 3.81326171875,-2.66632
2.775, 3.77639648438,-4.58632
2.778, 0.17947265625,-5.71432
2.781, 0.5217578125,-6.64232
2.784, 0.403837890625,-3.38232
2.787, -0.120576171875,-2.06232
2.79, 3.647734375,-3.63032
2.793, -0.154267578125,-3.69032
2.796, 0.37869140625,-7.04232
2.799, 0.281767578125,-5.19032
2.802, 0.80935546875,-4.40232
2.805, -0.135224609375,-5.59832
2.808, 3.59475585938,-2.03432
2.811, -0.08078125,-4.01432
2.814, -0.144013671875,-4.69432
2.817, 0.36208984375,-4.26632
2.82, 0.159697265625,-4.42232
2.823, 3.77981445313,-2.01032
2.826, -0.0221875,-4.53432
2.829, -0.11203125,-4.47432
2.832, 0.24978515625,-3.53032
2.835, 0.249541015625,-3.69032
2.838, 3.78860351563,-1.60232
2.841, -0.1520703125,-2.15832
2.844, 3.63333007813,-3.31032
2.847, -0.029267578125,-3.00232
2.85, 0.6721484375,-4.15432
2.853, 0.128935546875,-1.02232
2.856, 0.27029296875,-1.33432
2.859, 3.64016601563,-2.68632
2.862, 3.81594726563,-3.30232
2.865, 0.373564453125,-2.27832
2.868, 0.257109375,-2.39432
2.871, 0.46560546875,-0.86632
2.874, 3.67629882813,-0.43432
2.877, 3.82009765625,-3.15032
2.88, -0.048798828125,-1.18632
2.883, 0.287626953125,-3.46232
2.886, 0.598173828125,-0.09032
2.889, 0.079375,-0.67432
2.892, 3.79592773438,-1.39032
2.895, 0.014189453125,-2.02232
2.898, 0.005400390625,-2.50632
2.901, 0.615751953125,-3.68632
2.904, 0.61990234375,-2.59432
2.907, 0.1975390625,-1.83432
2.91, -0.06271484375,-1.41432
2.913, -0.098603515625,-2.35032
2.916, 0.542021484375,-3.72232
2.919, 0.252958984375,-2.80232
2.922, 0.386259765625,-1.63432
2.925, 3.74368164063,-2.71432
2.928, 0.0608203125,-2.18632
2.931, 0.37771484375,-5.25032
2.934, 0.343046875,-2.19032
2.937, 0.106962890625,-0.97832
2.94, 3.63284179688,-2.67832
2.943, 3.6653125,-2.86232
2.946, 0.229765625,-6.43832
2.949, 0.14236328125,-5.12232
2.952, 0.7444140625,-3.60632
2.955, -0.110810546875,-3.21432
2.958, 3.55984375,-1.45832
2.961, -0.009736328125,-5.51432
2.964, -0.11203125,-6.02232
2.967, 0.42361328125,-5.36232
2.97, 0.32791015625,-5.46632
2.973, 3.81521484375,-3.92632
2.976, -0.103486328125,-4.79032
2.979, 3.72024414063,-6.74232
2.982, 0.034453125,-6.08232
2.985, 0.66384765625,-7.05432
2.988, 0.215849609375,-5.29432
2.991, 0.26345703125,-3.96632
2.994, 3.73538085938,-5.19032
2.997, 3.66384765625,-4.04232
3.0, 0.48171875,-7.63832
3.003, 0.229765625,-5.44232
3.006, 0.499052734375,-4.97832
3.009, -0.143037109375,-5.87832
3.012, 3.73635742188,-5.29032
3.015, -0.086396484375,-7.98232
3.018, 0.239287109375,-7.04632
3.021, 0.642607421875,-6.55832
3.024, 0.263701171875,-6.31032
3.027, -0.061982421875,-4.75432
3.03, -0.000458984375,-6.88232
3.033, 3.831328125,-5.96232
3.036, 0.5842578125,-6.91032
3.039, 0.5237109375,-7.27432
3.042, 0.253203125,-5.18232
3.045, 0.246611328125,-7.82232
3.048, -0.033662109375,-5.78232
3.051, 0.3674609375,-7.05032
3.054, 0.48806640625,-7.08232
3.057, 0.331572265625,-5.24232
3.06, 0.44998046875,-6.53032
3.063, 3.4338671875,-4.13432
3.066, 3.75491210938,-6.80632
3.069, 0.113798828125,-7.86632
3.072, 0.182890625,-7.80632
3.075, 0.889921875,-6.15032
3.078, 3.50930664063,-6.28632
3.081, 3.68044921875,-6.10632
3.084, -0.091279296875,-6.46632
3.087, 0.058623046875,-7.47832
3.09, 0.444609375,-6.09432
3.093, 3.831328125,-7.08632
3.096, 3.73000976563,-3.99832
3.099, 3.75344726563,-7.79432
3.102, 3.54690429688,-5.93032
3.105, 0.9065234375,-8.78232
3.108, 0.380888671875,-8.10632
3.111, 0.32205078125,-5.19432
3.114, 0.0764453125,-7.03432
3.117, 3.7405078125,-4.26232
3.12, 0.36892578125,-8.79032
3.123, 0.345,-8.76632
3.126, 0.30544921875,-6.17832
3.129, 0.1858203125,-6.98232
3.132, 3.49392578125,-4.11432
3.135, 0.054716796875,-7.19832
3.138, 0.214873046875,-8.36232
3.141, 0.2971484375,-9.46232
3.144, 0.792021484375,-8.21432
3.147, -0.00216796875,-8.12632
3.15, 3.47244140625,-6.87432
3.153, 3.71658203125,-8.34232
3.156, 3.81692382813,-9.77832
3.159, 0.68923828125,-10.18632
3.162, 0.315458984375,-9.21032
3.165, 3.79177734375,-8.28632
3.168, 3.74685546875,-10.63032
3.171, 3.57766601563,-7.63832
3.174, 0.479033203125,-12.61032
3.177, 0.59451171875,-11.34632
3.18, 0.340361328125,-10.25032
3.183, 3.79788085938,-11.89432
3.186, 3.56936523438,-8.26232
3.189, -0.1188671875,-10.16232
3.192, 0.311064453125,-12.70632
3.195, 0.454375,-11.87432
3.198, 0.230009765625,-12.10232
3.201, 3.55984375,-10.75432
3.204, 3.72439453125,-11.91832
3.207, -0.0993359375,-11.53832
3.21, 0.045927734375,-12.78232
3.213, 0.335234375,-12.83032
3.216, 3.4465625,-11.76632
3.219, 3.83108398438,-10.50632
3.222, 3.68020507813,-11.23432
3.225, 3.76565429688,-12.02632
3.228, 0.6428515625,-13.69032
3.231, 0.039091796875,-12.63432
3.234, 0.41677734375,-10.25432
3.237, 3.60061523438,-12.45832
3.24, -0.118623046875,-8.13032
3.243, 0.312529296875,-12.85832
3.246, 0.40798828125,-12.98232
3.249, 0.342802734375,-9.49832
3.252, 1.84084960937,-14.88232
3.255, 0.432646484375,-0.59432
3.258, -0.0934765625,0.52168
3.261, 2.358671875,4.21368
3.264, 3.4778125,-0.94632
3.267, 1.007109375,-3.45832
3.27, 0.5100390625,-2.01432
3.273, 1.11721679687,-2.39032
3.276, 0.920927734375,-12.13032
3.279, 0.264677734375,2.67768
3.282, 1.84084960937,0.60968
3.285, 1.27908203125,5.15768
3.288, 0.053984375,-1.97432
3.291, -0.050751953125,5.24568
3.294, 3.71462890625,2.80568
3.297, 0.088896484375,5.00168
3.3, -0.145478515625,3.42168
3.303, 3.72146484375,2.70968
3.306, 0.078642578125,0.38168
3.309, 3.421171875,1.61768
3.312, 0.044951171875,2.99368
3.315, 3.81008789063,0.33368
3.318, -0.082734375,1.17368
3.321, 0.514189453125,-1.17032
3.324, -0.148896484375,-0.73432
3.327, 0.05447265625,1.56568
3.33, 3.79299804688,-0.58232
3.333, 3.58010742188,3.88168
3.336, 0.225126953125,-0.62232
3.339, 3.66555664063,-0.67832
3.342, 3.80056640625,0.73368
3.345, 3.757109375,-0.28632
3.348, 3.507109375,2.47768
3.351, 0.128935546875,-1.10232
3.354, 0.01345703125,-1.69032
3.357, 0.085234375,-0.67032
3.36, 0.237578125,-2.97832
3.363, 3.55984375,1.17768
3.366, -0.056123046875,-0.52232
3.369, 2.9296875e-05,-2.67432
3.372, -0.09005859375,-0.69832
3.375, 0.538115234375,-3.71432
3.378, 3.6877734375,-2.27432
3.381, 3.815703125,-0.20232
3.384, 3.82693359375,-1.49032
3.387, 3.25955078125,3.38568
3.39, 0.458037109375,0.19768
3.393, 3.3323046875,2.44168
3.396, 0.085966796875,-2.26232
3.399, 3.3791796875,2.35368
3.402, 3.5666796875,2.46168
3.405, 0.085966796875,-0.42232
3.408, 3.38748046875,1.83768
3.411, 3.61770507813,0.33768
3.414, 3.33791992188,1.06568
3.417, 3.34353515625,3.53768
3.42, -0.14083984375,1.76568
3.423, 3.82375976563,-0.93432
3.426, 0.02029296875,0.18968
3.429, 0.195830078125,-0.26632
3.432, 3.6350390625,0.18968
3.435, -0.071259765625,2.02568
3.438, 3.76125976563,-0.17432
3.441, 0.21755859375,1.38968
3.444, 0.71169921875,-2.36232
3.447, 0.42068359375,-4.79832
3.45, 0.358671875,-0.43432
3.453, 0.374541015625,-0.13432
3.456, 3.69827148438,2.09768
3.459, 0.38748046875,-1.67432
3.462, 0.02126953125,-0.19032
3.465, 0.110625,0.07768
3.468, 0.097197265625,-0.34632
3.471, 3.74783203125,1.13368
3.474, 0.19412109375,0.58568
3.477, 0.162626953125,-0.37832
3.48, 0.211943359375,1.14568
3.483, 0.33865234375,-0.57432
3.486, 3.68728515625,0.74568
3.489, 3.81375,3.16968
3.492, 3.72830078125,0.96168
3.495, 3.72708007813,1.62168
3.498, 0.300810546875,-1.13032
3.501, -0.0719921875,0.77368
3.504, 0.041533203125,0.68568
3.507, 3.7893359375,0.59368
3.51, 3.8059375,1.80968
3.513, 0.287626953125,-1.69032
3.516, -0.01779296875,-0.29832
3.519, 0.065458984375,0.92968
3.522, -0.117158203125,0.60968
3.525, 3.69412109375,1.88168
3.528, 0.155546875,0.26968
3.531, 0.169951171875,0.72168
3.534, 0.202421875,-0.78232
3.537, 0.226591796875,0.84968
3.54, 3.80227539063,0.14568
3.543, -0.1423046875,2.74168
3.546, 0.073271484375,0.11768
3.549, 3.835234375,3.06168
3.552, 0.307890625,0.84568
3.555, 3.50149414063,3.17368
3.558, -0.028291015625,0.72968
3.561, 3.74099609375,1.62168
3.564, 0.011259765625,2.15368
3.567, 0.528349609375,-1.74632
3.57, 0.08962890625,0.87768
3.573, 0.165068359375,0.65368
3.576, 0.00466796875,-0.09032
3.579, 3.78323242188,2.64568
3.582, 0.3283984375,-0.28632
3.585, 0.18240234375,0.26168
3.588, 0.094267578125,-0.49032
3.591, 0.3147265625,0.67368
3.594, 3.50637695313,2.56568
3.597, -0.099580078125,2.28168
3.6, 3.74099609375,0.24568
3.603, -0.01046875,1.63368
3.606, 0.432890625,0.73768
3.609, 3.63577148438,0.95768
3.612, 3.61575195313,3.48968
3.615, 3.64626953125,0.70968
3.618, 3.70901367188,3.74968
3.621, 0.233427734375,0.67768
3.624, 3.66799804688,1.81768
3.627, 0.027861328125,0.98568
3.63, -0.1579296875,0.88168
3.633, -0.10666015625,1.68968
3.636, 0.0588671875,0.22568
3.639, 0.23953125,-0.15032
3.642, 0.029814453125,1.22568
3.645, 0.003203125,0.86968
3.648, 3.59841796875,2.87768
3.651, 3.77786132813,2.84968
3.654, 3.71877929688,0.78568
3.657, 0.075224609375,2.29768
3.66, 0.256376953125,-0.44232
3.663, 3.6858203125,2.07768
3.666, 3.79592773438,2.88168
3.669, -0.039033203125,-0.39432
3.672, 0.162626953125,3.03368
3.675, 0.67068359375,-0.22232
3.678, 0.446806640625,-1.71432
3.681, 0.245390625,1.65768
3.684, 0.128935546875,0.36168
3.687, 3.8303515625,2.27768
3.69, 0.428251953125,0.78168
3.693, 0.132353515625,1.38168
3.696, 0.292021484375,-0.03032
3.699, 0.319365234375,1.30968
3.702, -0.1149609375,1.89368
3.705, 0.159453125,2.32968
3.708, 0.1701953125,-0.26632
3.711, 0.164091796875,3.49368
3.714, 0.392119140625,0.84968
3.717, 3.57424804688,3.17368
3.72, 3.64700195313,3.34168
3.723, 3.62747070313,1.78968
3.726, 3.74587890625,3.45768
3.729, 0.413359375,0.93368
3.732, 3.72048828125,1.29768
3.735, -0.1266796875,1.29768
3.738, 3.70510742188,3.45768
3.741, 3.68118164063,3.88568
3.744, 0.07107421875,2.66968
3.747, 0.0276171875,1.42568
3.75, -0.084443359375,2.04568
3.753, -0.069306640625,3.38968
3.756, 3.78225585938,4.18968
3.759, 0.049345703125,3.52168
3.762, 0.17068359375,0.89768
3.765, 0.04275390625,3.69368
3.768, 0.397490234375,1.62568
3.771, 3.682890625,4.15368
3.774, -0.075654296875,5.09368
3.777, -0.1305859375,2.09368
3.78, 0.115751953125,5.16168
3.783, 0.582060546875,0.25368
3.786, 0.25173828125,2.00168
3.789, 0.103056640625,3.18568
3.792, 3.7278125,3.13768
3.795, 3.79495117188,4.58168
3.798, 0.31765625,2.12168
3.801, 0.17166015625,3.75768
3.804, 0.244169921875,2.41368
3.807, 3.6721484375,4.60168
3.81, 3.80764648438,3.90168
3.813, -0.055634765625,4.92968
3.816, 0.025419921875,3.89768
3.819, 0.060576171875,5.09768
3.822, 0.164091796875,2.60568
3.825, -0.127412109375,3.36568
3.828, 0.12380859375,4.90168
3.831, 0.0256640625,1.16968
3.834, 0.073515625,4.45768
3.837, 0.5588671875,1.90568
3.84, 3.74587890625,4.72168
3.843, 3.75393554688,3.42968
3.846, 3.5871875,6.33768
3.849, 3.61819335938,4.30168
3.852, 0.198515625,5.50968
3.855, -0.0133984375,4.77368
3.858, -0.078583984375,3.82968
3.861, 0.049345703125,6.64168
3.864, -0.11837890625,3.36168
3.867, 0.270048828125,5.17768
3.87, 0.288359375,3.94568
3.873, 0.15896484375,7.14168
3.876, 0.358916015625,4.67768
3.879, 3.46682617188,6.79768
3.882, -0.01193359375,5.91768
3.885, 3.75637695313,5.50168
3.888, -0.1188671875,7.45768
3.891, 0.180693359375,5.80168
3.894, 3.766875,7.97368
3.897, 3.766875,5.77768
3.9, 3.74685546875,7.64168
3.903, 0.094267578125,5.35768
3.906, 0.397978515625,5.86968
3.909, 0.5022265625,4.42168
3.912, 0.2151171875,6.76168
3.915, -0.06759765625,7.16568
3.918, 3.8401171875,8.06968
3.921, 0.1369921875,8.38168
3.924, 0.04763671875,3.95768
3.927, 0.08474609375,8.81768
3.93, 0.3381640625,5.56568
3.933, 3.39822265625,9.21368
3.936, 3.557890625,8.34568
3.939, 3.28030273438,8.49368
3.942, 3.65481445313,7.72168
3.945, 0.378935546875,7.72968
3.948, 0.023466796875,7.51368
3.951, 0.124541015625,4.48168
3.954, 0.16482421875,7.46168
3.957, 0.226103515625,7.24968
3.96, 0.53298828125,5.60168
3.963, 0.5871875,5.72168
3.966, 0.303251953125,7.62968
3.969, 0.459990234375,7.51368
3.972, -0.052705078125,7.57368
3.975, -0.02267578125,10.28968
3.978, 0.077177734375,4.80168
3.981, -0.10373046875,9.36968
3.984, 0.24197265625,6.44168
3.987, 3.49221679688,10.08968
3.99, -0.007294921875,8.28168
3.993, 3.75784179688,6.11368
3.996, 0.07400390625,8.94968
3.999, 0.72244140625,3.40168
4.002, 0.093046875,7.28568
4.005, 0.090849609375,6.67368
4.008, -0.0387890625,6.61368
4.011, 3.75784179688,6.50568
4.014, 0.50564453125,4.29368
4.017, 0.303251953125,5.48968
4.02, 0.291533203125,4.35768
4.023, 0.2746875,7.24968
4.026, -0.0934765625,5.01368
4.029, 0.148466796875,6.35768
4.032, 0.381865234375,1.97368
4.035, 0.096708984375,5.70168
4.038, 0.550078125,2.26568
4.041, -0.09787109375,4.46968
4.044, 0.116728515625,4.51768
4.047, -0.073701171875,3.10968
4.05, -0.0690625,5.10568
4.053, 0.49587890625,0.73768
4.056, 0.3518359375,3.69368
4.059, 0.29861328125,2.46568
4.062, 3.77834960938,3.86168
4.065, 3.81741210938,4.02968
4.068, 0.17556640625,2.53368
4.071, 0.348662109375,0.78568
4.074, 0.315947265625,3.03768
4.077, 0.143828125,2.80968
4.08, 3.67458984375,3.32968
4.083, 3.74612304688,4.45768
4.086, -0.156220703125,-0.57832
4.089, -0.027314453125,3.81768
4.092, 0.4944140625,0.68968
4.095, -0.117158203125,1.29768
4.098, 3.84060546875,3.22168
4.101, -0.149873046875,1.50168
4.104, 3.68997070313,2.48568
4.107, 0.83474609375,-0.31832
4.11, 0.4866015625,1.25368
4.113, 0.30642578125,1.40168
4.116, 0.168974609375,3.40968
4.119, 3.62258789063,4.16568
4.122, 3.6897265625,4.99768
4.125, 0.192900390625,2.03768
4.128, 0.18142578125,3.62968
4.131, 0.571318359375,1.96568
4.134, -0.107392578125,3.71368
4.137, -0.07296875,5.00968
4.14, -0.130830078125,2.68168
4.143, 0.105498046875,2.79768
4.146, 0.673857421875,1.41368
4.149, 0.563505859375,2.43368
4.152, 0.3401171875,3.51368
4.155, 3.81643554688,4.46168
4.158, -0.106171875,4.20968
4.161, 0.149931640625,3.65368
4.164, 0.458525390625,2.00168
4.167, 0.17947265625,2.44168
4.17, 0.441435546875,2.88168
4.173, 0.066923828125,2.54168
4.176, 0.1662890625,5.52968
4.179, 0.006865234375,1.98568
4.182, -0.0290234375,4.87768
4.185, 0.644072265625,1.66568
4.188, 0.015654296875,3.84168
4.191, 0.264921875,5.12568
4.194, 0.0608203125,2.80168
4.197, 0.05251953125,3.45368
4.2, 0.827177734375,1.24968
4.203, 0.420927734375,4.31368
4.206, 0.3674609375,3.11368
4.209, 0.265166015625,7.39768
4.212, 3.75393554688,5.05768
4.215, 0.15017578125,6.02568
4.218, 0.376982421875,3.60968
4.221, 0.183134765625,4.92568
4.224, 0.60525390625,4.44968
4.227, 3.78689453125,5.76168
4.23, -0.0133984375,6.14968
4.233, -0.079560546875,3.78568
4.236, 0.021025390625,5.42568
4.239, 0.29373046875,4.14968
4.242, 0.253447265625,5.21368
4.245, 0.144072265625,5.01768
4.248, 0.0959765625,6.48168
4.251, 0.2483203125,4.57768
4.254, 0.287626953125,5.55768
4.257, 0.5559375,3.24168
4.26, 0.271513671875,6.77768
4.263, 0.27224609375,5.54968
4.266, -0.077607421875,5.36568
4.269, -0.12619140625,9.19368
4.272, -0.114716796875,3.53368
4.275, -0.084931640625,7.58968
4.278, 0.61599609375,4.04968
4.281, 3.76638671875,7.96168
4.284, 0.044462890625,6.73368
4.287, -0.057099609375,4.27768
4.29, 0.077666015625,6.16168
4.293, 0.816435546875,4.32168
4.296, 0.73025390625,3.53368
4.299, 0.32546875,6.19768
4.302, 0.591337890625,7.20968
4.305, -0.11935546875,6.64968
4.308, 0.316435546875,5.57368
4.311, 0.39724609375,3.44968
4.314, 0.401396484375,5.92168
4.317, 0.868681640625,4.07768
4.32, 0.275419921875,4.45768
4.323, 0.173857421875,7.71368
4.326, 3.80911132813,5.24168
4.329, 3.79983398438,5.44968
4.332, 0.48513671875,1.56568
4.335, 0.4807421875,2.49368
4.338, 0.349638671875,2.78168
4.341, -0.0329296875,6.24568
4.344, -0.1012890625,3.53768
4.347, 0.1330859375,3.67368
4.35, 0.3264453125,1.15368
4.353, 0.270537109375,2.56968
4.356, 0.353544921875,2.74168
4.359, 3.78884765625,2.58968
4.362, -0.132294921875,3.36968
4.365, 3.75125,-1.08232
4.368, 3.82595703125,0.70568
4.371, 0.734892578125,-1.63032
4.374, 0.151640625,0.92968
4.377, 3.80325195313,3.07768
4.38, 3.75198242188,-0.33032
4.383, 3.69094726563,-0.47432
4.386, 0.561064453125,-1.40232
4.389, 0.6311328125,-3.57832
4.392, 0.487578125,-1.41032
4.395, 0.326689453125,-0.60632
4.398, 3.80325195313,-0.70232
4.401, 0.211455078125,0.13768
4.404, 0.568876953125,-6.73832
4.407, 0.423369140625,-3.31832
4.41, 0.84353515625,-4.32632
4.413, 0.272734375,-3.86232
4.416, 3.80959960938,-1.77832
4.419, -0.066376953125,-4.49432
4.422, -0.1462109375,-3.29032
4.425, 0.518095703125,-4.74232
4.428, 0.551787109375,-4.97432
4.431, 0.44705078125,-3.13432
4.434, -0.041474609375,-3.77032
4.437, 3.72537109375,-2.13032
4.44, 0.153349609375,-5.49832
4.443, 0.36697265625,-7.88232
4.446, 0.284208984375,-4.76232
4.449, 0.22830078125,-4.41032
4.452, -0.059296875,-5.15832
4.455, 3.71975585938,-2.07832
4.458, 0.08279296875,-7.79832
4.461, 3.71731445313,-5.17432
4.464, 1.04543945312,-8.35832
4.467, 0.2658984375,-5.65832
4.47, 0.3987109375,-4.04232
4.473, -0.050263671875,-4.89832
4.476, 3.68655273438,-2.57432
4.479, 0.2424609375,-6.72232
4.482, 0.347197265625,-5.04632
4.485, 0.3186328125,-5.96632
4.488, 0.472197265625,-3.21832
4.491, 3.75076171875,-3.21432
4.494, -0.021455078125,-5.17432
4.497, 0.034453125,-7.01832
4.5, 0.201201171875,-6.82632
4.503, 0.671171875,-5.04232
4.506, 0.39626953125,-6.20632
4.509, 3.503203125,-1.36632
4.512, 3.79934570313,-6.63832
4.515, 3.5647265625,-4.40632
4.518, 0.41189453125,-7.53432
4.521, 0.521513671875,-5.33832
4.524, 0.30056640625,-5.48632
4.527, -0.077119140625,-3.71432
4.53, 3.73611328125,-3.79832
4.533, 3.7541796875,-3.54232
4.536, 0.109404296875,-7.09032
4.539, 0.44998046875,-5.73432
4.542, 0.448271484375,-5.32632
4.545, 0.009306640625,-5.43832
4.548, 0.00955078125,-2.07832
4.551, 0.00759765625,-7.73832
4.554, 0.1877734375,-4.25832
4.557, 0.96462890625,-8.05832
4.56, 0.2795703125,-3.81432
4.563, 0.378203125,-3.75032
4.566, 0.08962890625,-4.07432
4.569, 3.698515625,-2.79032
4.572, 0.216826171875,-4.73832
4.575, 0.316435546875,-6.03432
4.578, 0.45974609375,-5.53832
4.581, 0.43484375,-3.58232
4.584, 0.005400390625,-4.72632
4.587, -0.074189453125,-2.31032
4.59, 0.300078125,-7.33832
4.593, 0.14431640625,-4.63432
4.596, 1.10940429687,-7.31032
4.599, 0.749541015625,-5.51832
4.602, 3.81619140625,-2.17832
4.605, 3.64553710938,-3.35832
4.608, 3.5315234375,-1.87432
4.611, -0.112763671875,-5.82232
4.614, 0.32546875,-5.90232
4.617, 0.37380859375,-4.09032
4.62, 0.175078125,-3.71832
4.623, -0.14767578125,-4.05432
