0.000707149505615, 0, -0.000703125
0.00502896308899, 0.003, 0.000517578125
0.00918006896973, 0.006, -0.0153515625
0.0133171081543, 0.009, -0.002412109375
0.0174570083618, 0.012, 0.004423828125
0.0215899944305, 0.015, -0.00021484375
0.0257539749146, 0.018, -0.004609375
0.0298941135406, 0.021, -0.016083984375
0.034029006958, 0.024, -0.00216796875
0.0381660461426, 0.027, -0.002412109375
0.0423011779785, 0.03, 0.003203125
0.0464401245117, 0.033, -0.001435546875
0.0505759716034, 0.036, 0.007841796875
0.054713010788, 0.039, 0.0022265625
0.058856010437, 0.042, 0.001494140625
0.0629990100861, 0.045, 0.011015625
0.0671560764313, 0.048, 0.001982421875
0.0713169574738, 0.051, -0.004609375
0.0754690170288, 0.054, -0.004365234375
0.0796120166779, 0.057, -0.0016796875
0.0837600231171, 0.06, -0.004853515625
0.087907075882, 0.063, -0.000458984375
0.092059135437, 0.066, 0.000517578125
0.0962080955505, 0.069, -0.008759765625
0.100353002548, 0.072, -0.00314453125
0.104499101639, 0.075, -0.007783203125
0.108646154404, 0.078, -0.00216796875
0.112797021866, 0.081, 0.011015625
0.116933107376, 0.084, -0.009248046875
0.121068000793, 0.087, -0.006318359375
0.125215053558, 0.09, -0.009248046875
0.129392147064, 0.093, -0.002900390625
0.133548021317, 0.096, -0.003876953125
0.137695074081, 0.099, -0.0075390625
0.141849994659, 0.102, -0.004853515625
0.145995140076, 0.105, -0.006318359375
0.150140047073, 0.108, -0.00509765625
0.154284954071, 0.111, -0.00216796875
0.158430099487, 0.114, -0.00021484375
0.162575960159, 0.117, 0.00076171875
0.166723966599, 0.12, -0.007783203125
0.17086815834, 0.123, -0.00509765625
0.175013065338, 0.126, -0.00998046875
0.179161071777, 0.129, -0.000703125
0.183310031891, 0.132, -0.0036328125
0.187456130981, 0.135, -0.005830078125
0.191604137421, 0.138, 0.000517578125
0.195749044418, 0.141, 0.003203125
0.199892997742, 0.144, 0.01052734375
0.204039096832, 0.147, -0.017060546875
0.208184957504, 0.15, -0.0094921875
0.212337970734, 0.153, -0.01046875
0.216485023499, 0.156, -0.00119140625
0.220628976822, 0.159, -0.00705078125
0.224774122238, 0.162, -0.00314453125
0.228945016861, 0.165, -0.000458984375
0.233100175858, 0.168, -0.003876953125
0.237245082855, 0.171, -0.009248046875
0.241388082504, 0.174, -0.002900390625
0.245535135269, 0.177, -0.01876953125
0.249679088593, 0.18, 0.001494140625
0.253826141357, 0.183, 0.01150390625
0.257975101471, 0.186, -0.00021484375
0.26211810112, 0.189, -0.008515625
0.266262054443, 0.192, 0.00076171875
0.270406961441, 0.195, 0.0002734375
0.274554014206, 0.198, -0.0173046875
0.278702974319, 0.201, 0.011015625
0.282852172852, 0.204, -0.000947265625
0.286995172501, 0.207, -0.00265625
0.291136026382, 0.21, -0.002412109375
0.295278072357, 0.213, -0.00314453125
0.299424171448, 0.216, 0.003203125
0.303573131561, 0.219, -0.000703125
0.307721138, 0.222, -0.003388671875
0.311876058578, 0.225, -0.018525390625
0.316028118134, 0.228, 0.001005859375
0.32018995285, 0.231, -0.0065625
0.324346065521, 0.234, -0.003388671875
0.328495025635, 0.237, -0.000458984375
0.332672119141, 0.24, 0.00369140625
0.336824178696, 0.243, 0.007353515625
0.340973138809, 0.246, -0.003388671875
0.345121145248, 0.249, 0.00076171875
0.349264144897, 0.252, -0.001435546875
0.353408098221, 0.255, 2.9296875e-05
0.357563018799, 0.258, 0.001494140625
0.361706972122, 0.261, -0.018525390625
0.365849018097, 0.264, -0.000458984375
0.36998295784, 0.267, 0.003203125
0.374123096466, 0.27, 0.001005859375
0.378271102905, 0.273, -0.00216796875
0.38241815567, 0.276, -0.018037109375
0.386552095413, 0.279, -0.00509765625
0.390685081482, 0.282, 0.001005859375
0.394824981689, 0.285, -0.00412109375
0.398986101151, 0.288, -0.00216796875
0.403136014938, 0.291, -0.004853515625
0.407282114029, 0.294, -0.000703125
0.411427974701, 0.297, -0.00314453125
0.415578126907, 0.3, -0.00265625
0.419725179672, 0.303, -0.0036328125
0.42387509346, 0.306, -0.001435546875
0.428020000458, 0.309, -0.002412109375
0.432188034058, 0.312, -0.008759765625
0.436342000961, 0.315, 0.0119921875
0.440490961075, 0.318, -0.01828125
0.444637060165, 0.321, -0.006318359375
0.448780059814, 0.324, -0.000458984375
0.453060150146, 0.327, 0.00173828125
0.457211017609, 0.33, -0.00216796875
0.461359977722, 0.333, 0.0090625
0.465514183044, 0.336, -0.01779296875
0.469658136368, 0.339, -0.017060546875
0.473806142807, 0.342, -0.008759765625
0.477956056595, 0.345, -0.000458984375
0.482104063034, 0.348, -0.004365234375
0.486251115799, 0.351, -0.004609375
0.490396022797, 0.354, -0.00607421875
0.49453997612, 0.357, -0.0055859375
0.498686075211, 0.36, -0.003876953125
0.502835988998, 0.363, 0.0002734375
0.506983995438, 0.366, -0.006806640625
0.511131048203, 0.369, -0.002412109375
0.5152759552, 0.372, 0.00955078125
0.519422054291, 0.375, -0.00216796875
0.523568153381, 0.378, 0.0022265625
0.527716159821, 0.381, -0.00314453125
0.531867980957, 0.384, -0.004853515625
0.536014080048, 0.387, -0.002900390625
0.540158033371, 0.39, 0.001494140625
0.54430103302, 0.393, 0.006376953125
0.548449993134, 0.396, -0.00021484375
0.552597999573, 0.399, 0.003203125
0.556743144989, 0.402, -0.00314453125
0.560891151428, 0.405, 0.0022265625
0.565039157867, 0.408, -0.005830078125
0.569180965424, 0.411, -0.003388671875
0.573330163956, 0.414, 0.00076171875
0.577480077744, 0.417, -0.001435546875
0.581628084183, 0.42, 0.002470703125
0.585775136948, 0.423, 0.00466796875
0.589917182922, 0.426, 0.00271484375
0.594060182571, 0.429, 0.001005859375
0.598206996918, 0.432, 0.008818359375
0.602354049683, 0.435, 0.00076171875
0.606501102448, 0.438, -0.0016796875
0.610648155212, 0.441, -0.00412109375
0.61479306221, 0.444, -0.005341796875
0.618926048279, 0.447, 0.00515625
0.623062133789, 0.45, 0.00759765625
0.627212047577, 0.453, -0.000458984375
0.631359100342, 0.456, 0.00369140625
0.635537147522, 0.459, -0.00265625
0.639683961868, 0.462, 0.001005859375
0.643831014633, 0.465, 0.00173828125
0.647979974747, 0.468, 0.003203125
0.652127981186, 0.471, -0.0173046875
0.656275987625, 0.474, 0.00564453125
0.660422086716, 0.477, 0.004912109375
0.664569139481, 0.48, -0.001923828125
0.668714046478, 0.483, -0.00216796875
0.672862052917, 0.486, 0.00515625
0.677009105682, 0.489, 0.006376953125
0.681154966354, 0.492, 0.000517578125
0.685301065445, 0.495, -0.001435546875
0.689442157745, 0.498, 0.000517578125
0.693588972092, 0.501, 0.001005859375
0.697736978531, 0.504, 0.0061328125
0.701892137527, 0.507, 0.007841796875
0.706040143967, 0.51, -0.000703125
0.710183143616, 0.513, 0.0061328125
0.714329004288, 0.516, 2.9296875e-05
0.718482017517, 0.519, 0.003935546875
0.722629070282, 0.522, -0.001435546875
0.726775169373, 0.525, -0.00021484375
0.73092007637, 0.528, 0.00125
0.735064983368, 0.531, -0.001435546875
0.739240169525, 0.534, 0.0022265625
0.743391990662, 0.537, -0.001435546875
0.747539043427, 0.54, 0.00125
0.751682043076, 0.543, 0.002470703125
0.755825996399, 0.546, 0.001494140625
0.759974002838, 0.549, 0.002958984375
0.764122009277, 0.552, -0.000458984375
0.768265962601, 0.555, -0.003876953125
0.77241396904, 0.558, -0.001435546875
0.776558160782, 0.561, 0.00173828125
0.780698060989, 0.564, 0.002470703125
0.78484416008, 0.567, 0.001982421875
0.788992166519, 0.57, -0.018525390625
0.793141126633, 0.573, -0.0036328125
0.797289133072, 0.576, -0.000458984375
0.801433086395, 0.579, 0.002470703125
0.805577039719, 0.582, 0.0002734375
0.809722185135, 0.585, -0.001923828125
0.813868045807, 0.588, -0.00705078125
0.818014144897, 0.591, -0.002900390625
0.822164058685, 0.594, 0.001005859375
0.826313972473, 0.597, 0.003203125
0.830456972122, 0.6, -0.006318359375
0.834606170654, 0.603, -0.000458984375
0.838776111603, 0.606, -0.00119140625
0.842929124832, 0.609, 0.0002734375
0.847074985504, 0.612, 0.008330078125
0.85122013092, 0.615, 0.002958984375
0.855369091034, 0.618, 0.003447265625
0.859516143799, 0.621, -0.00119140625
0.863665103912, 0.624, 0.004423828125
0.867798089981, 0.627, 0.004423828125
0.871932983398, 0.63, 0.007841796875
0.876080036163, 0.633, 0.001494140625
0.880226135254, 0.636, 0.004423828125
0.884377002716, 0.639, 0.002958984375
0.888525009155, 0.642, 0.003203125
0.892673015594, 0.645, -0.00265625
0.896820068359, 0.648, 0.008818359375
0.900963068008, 0.651, 0.001005859375
0.905109167099, 0.654, 0.0022265625
0.909332990646, 0.657, 0.008330078125
0.913483142853, 0.66, 0.007353515625
0.917627096176, 0.663, -0.00119140625
0.921775102615, 0.666, 0.0119921875
0.925982952118, 0.669, 0.002470703125
0.930130958557, 0.672, 0.0090625
0.934280157089, 0.675, 0.00076171875
0.938428163528, 0.678, 0.0061328125
0.9426009655, 0.681, 0.003935546875
0.946752071381, 0.684, 0.00466796875
0.95090007782, 0.687, 0.004912109375
0.955055952072, 0.69, 0.007841796875
0.959203004837, 0.693, 0.00369140625
0.963348150253, 0.696, 0.005888671875
0.967491149902, 0.699, 0.0041796875
0.971637964249, 0.702, 0.00662109375
0.975787162781, 0.705, 0.00955078125
0.979933023453, 0.708, 0.00662109375
0.984079122543, 0.711, 0.0080859375
0.988222122192, 0.714, 0.010283203125
0.992369174957, 0.717, 0.008330078125
0.996517181396, 0.72, 0.00662109375
1.00066399574, 0.723, 0.007109375
1.00481414795, 0.726, 0.00662109375
1.0089571476, 0.729, 0.007109375
1.01310014725, 0.732, 0.004423828125
1.01724505424, 0.735, 0.013701171875
1.02139401436, 0.738, 0.005888671875
1.02554917336, 0.741, 0.004423828125
1.0296959877, 0.744, 0.002958984375
1.03384113312, 0.747, 0.008330078125
1.03798913956, 0.75, 0.008818359375
1.04216313362, 0.753, -0.0016796875
1.04631614685, 0.756, 0.008330078125
1.05046200752, 0.759, 0.00466796875
1.05460810661, 0.762, 0.006376953125
1.05875301361, 0.765, 0.003935546875
1.06290197372, 0.768, -0.001435546875
1.06704807281, 0.771, -0.00021484375
1.07119703293, 0.774, 0.0022265625
1.07534313202, 0.777, 0.002958984375
1.07948613167, 0.78, 0.00125
1.08363604546, 0.783, 0.0080859375
1.0877840519, 0.786, 0.00466796875
1.0919380188, 0.789, 0.00271484375
1.09608411789, 0.792, 0.003447265625
1.10022807121, 0.795, 0.003447265625
1.10437512398, 0.798, 0.0080859375
1.10850906372, 0.801, -0.002412109375
1.11264300346, 0.804, 0.003935546875
1.11678409576, 0.807, 0.00564453125
1.12091898918, 0.81, 2.9296875e-05
1.12507200241, 0.813, 0.006376953125
1.12922000885, 0.816, 2.9296875e-05
1.13337016106, 0.819, 0.01052734375
1.13751912117, 0.822, 0.00466796875
1.14166712761, 0.825, 0.0002734375
1.14584612846, 0.828, 0.00271484375
1.14999318123, 0.831, 0.00271484375
1.15414094925, 0.834, 0.0002734375
1.15828895569, 0.837, 0.011748046875
1.16244006157, 0.84, -0.000703125
1.16658616066, 0.843, -0.000703125
1.17073011398, 0.846, 0.001982421875
1.17487812042, 0.849, 2.9296875e-05
1.17903399467, 0.852, 0.00076171875
1.18318414688, 0.855, 0.001005859375
1.18733215332, 0.858, -0.00119140625
1.19147801399, 0.861, -0.003388671875
1.19562101364, 0.864, 0.00271484375
1.19976711273, 0.867, -0.016083984375
1.20391511917, 0.87, -0.0094921875
1.20806407928, 0.873, -0.00119140625
1.21221399307, 0.876, 0.00955078125
1.21635913849, 0.879, 0.005400390625
1.22050499916, 0.882, 0.0080859375
1.2246530056, 0.885, -0.001923828125
1.22880196571, 0.888, 0.00369140625
1.23299312592, 0.891, -0.001923828125
1.23727798462, 0.894, -0.017548828125
1.2414290905, 0.897, 0.008818359375
1.24562501907, 0.9, 0.001494140625
1.24977707863, 0.903, 0.00076171875
1.25392913818, 0.906, 0.00466796875
1.25807905197, 0.909, 0.001494140625
1.26222610474, 0.912, 0.005888671875
1.26636910439, 0.915, -0.00265625
1.27051305771, 0.918, 0.007109375
1.27466201782, 0.921, -0.001435546875
1.27881097794, 0.924, -0.001435546875
1.28295898438, 0.927, 0.004423828125
1.28711509705, 0.93, -0.015595703125
1.29126000404, 0.933, 0.0022265625
1.29546809196, 0.936, 0.0061328125
1.29961395264, 0.939, 2.9296875e-05
1.30376911163, 0.942, 0.004423828125
1.30791711807, 0.945, 0.0022265625
1.31206512451, 0.948, 0.0002734375
1.31621098518, 0.951, -0.01583984375
1.3203561306, 0.954, 0.002958984375
1.32450199127, 0.957, -0.002412109375
1.32864904404, 0.96, 0.00125
1.33279705048, 0.963, 0.007109375
1.33694505692, 0.966, -0.00705078125
1.34109401703, 0.969, 0.001005859375
1.34524416924, 0.972, 0.002470703125
1.34942007065, 0.975, 0.0002734375
1.35356998444, 0.978, 0.00076171875
1.35771799088, 0.981, 0.003935546875
1.36186695099, 0.984, 0.00271484375
1.36600112915, 0.987, 0.00515625
1.37013316154, 0.99, -0.001435546875
1.3742711544, 0.993, 0.003203125
1.37855315208, 0.996, -0.00216796875
1.38270497322, 0.999, 0.002470703125
1.38685297966, 1.002, 2.9296875e-05
1.39100217819, 1.005, 0.0002734375
1.39515018463, 1.008, 0.004423828125
1.39929795265, 1.011, 0.004912109375
1.40344595909, 1.014, -0.004609375
1.40759706497, 1.017, -0.0016796875
1.41174006462, 1.02, -0.000947265625
1.41588807106, 1.023, -0.00216796875
1.42003417015, 1.026, 0.005400390625
1.42418217659, 1.029, 0.00515625
1.42831516266, 1.032, 0.003447265625
1.43245410919, 1.035, -0.000458984375
1.43661403656, 1.038, 2.9296875e-05
1.44076395035, 1.041, 2.9296875e-05
1.44496297836, 1.044, -0.001923828125
1.44913816452, 1.047, 0.004912109375
1.45329213142, 1.05, -0.00216796875
1.45744109154, 1.053, 0.001005859375
1.46158909798, 1.056, 0.004423828125
1.46573996544, 1.059, 0.0022265625
1.46988511086, 1.062, 0.0002734375
1.4740281105, 1.065, 0.00173828125
1.4781730175, 1.068, 0.001494140625
1.48232102394, 1.071, -0.000458984375
1.48646807671, 1.074, 0.0061328125
1.49061608315, 1.077, 0.000517578125
1.49476099014, 1.08, 0.003203125
1.49890398979, 1.083, 0.00515625
1.50305509567, 1.086, 0.004423828125
1.50720310211, 1.089, -0.00119140625
1.51135110855, 1.092, 0.005400390625
1.51550316811, 1.095, 0.000517578125
1.51964497566, 1.098, 0.005888671875
1.52379012108, 1.101, 2.9296875e-05
1.52794218063, 1.104, -0.00021484375
1.53208899498, 1.107, 0.001005859375
1.53623914719, 1.11, 0.005888671875
1.54038095474, 1.113, 0.01296875
1.54452705383, 1.116, 0.002958984375
1.54867315292, 1.119, 0.00173828125
1.55284905434, 1.122, -0.001435546875
1.55700016022, 1.125, 0.003447265625
1.56114602089, 1.128, 0.000517578125
1.5652961731, 1.131, 0.006376953125
1.56944298744, 1.134, 0.0080859375
1.57359099388, 1.137, 0.00369140625
1.57773995399, 1.14, -0.00119140625
1.58189105988, 1.143, -0.016328125
1.58603405952, 1.146, 0.001005859375
1.59018111229, 1.149, 0.001982421875
1.5943300724, 1.152, -0.000703125
1.59847712517, 1.155, -0.00412109375
1.60262703896, 1.158, -0.000703125
1.60677218437, 1.161, -0.00265625
1.61091399193, 1.164, 0.001982421875
1.61505699158, 1.167, 0.001005859375
1.61919212341, 1.17, 0.003203125
1.62333297729, 1.173, -0.00021484375
1.6274831295, 1.176, 0.003935546875
1.63163399696, 1.179, 0.004912109375
1.63578009605, 1.182, 0.01150390625
1.63992810249, 1.185, 0.01052734375
1.64407801628, 1.188, -0.00705078125
1.64822602272, 1.191, 0.00076171875
1.65239810944, 1.194, -0.00412109375
1.65654706955, 1.197, -0.000458984375
1.66069102287, 1.2, 0.009306640625
1.66484117508, 1.203, 0.00076171875
1.66898798943, 1.206, -0.0016796875
1.67313909531, 1.209, 0.003203125
1.67728304863, 1.212, 0.00515625
1.68142604828, 1.215, 0.00271484375
1.68557715416, 1.218, -0.000703125
1.68972301483, 1.221, 0.0100390625
1.69387316704, 1.224, 0.0090625
1.69801902771, 1.227, 0.001494140625
1.70216417313, 1.23, -0.001923828125
1.70630717278, 1.233, -0.000703125
1.71045398712, 1.236, -0.00021484375
1.71460199356, 1.239, 0.0022265625
1.71874904633, 1.242, -0.017060546875
1.72289609909, 1.245, 0.001494140625
1.72704100609, 1.248, -0.00607421875
1.73118805885, 1.251, -0.000703125
1.73533916473, 1.254, 0.005888671875
1.73948717117, 1.257, -0.003388671875
1.74363803864, 1.26, 0.001982421875
1.74778103828, 1.263, -0.003876953125
1.75192713737, 1.266, -0.002412109375
1.75607514381, 1.269, -0.002900390625
1.76022601128, 1.272, -0.002412109375
1.76437616348, 1.275, -0.003388671875
1.76852297783, 1.278, 0.0119921875
1.77266812325, 1.281, 0.0022265625
1.77681517601, 1.284, -0.003388671875
1.78096318245, 1.287, 0.003447265625
1.78511404991, 1.29, -0.009248046875
1.78926205635, 1.293, -0.01876953125
1.79341006279, 1.296, -0.0173046875
1.79755306244, 1.299, 0.0022265625
1.80169606209, 1.302, -0.00607421875
1.80584597588, 1.305, -0.0055859375
1.80999517441, 1.308, 0.005400390625
1.8141450882, 1.311, -0.00314453125
1.81828904152, 1.314, -0.01876953125
1.82243609428, 1.317, 0.003203125
1.8265850544, 1.32, -0.0173046875
1.83073401451, 1.323, 0.002958984375
1.83488297462, 1.326, 0.00125
1.83902907372, 1.329, 0.001494140625
1.84317398071, 1.332, -0.001435546875
1.84740400314, 1.335, 0.00173828125
1.85155105591, 1.338, -0.00021484375
1.85572314262, 1.341, -0.000703125
1.85987305641, 1.344, -0.000947265625
1.86402416229, 1.347, -0.00265625
1.86815714836, 1.35, 0.007841796875
1.87229609489, 1.353, 0.007841796875
1.87644314766, 1.356, 0.0041796875
1.88059210777, 1.359, -0.01388671875
1.88474106789, 1.362, 0.001494140625
1.888890028, 1.365, -0.000703125
1.89304304123, 1.368, -0.00021484375
1.8971850872, 1.371, 0.00955078125
1.90133118629, 1.374, -0.012666015625
1.90548396111, 1.377, -0.000458984375
1.9096300602, 1.38, 0.003203125
1.91377902031, 1.383, -0.00412109375
1.91792416573, 1.386, 0.001005859375
1.9220700264, 1.389, -0.00265625
1.92621707916, 1.392, 0.002470703125
1.93036603928, 1.395, -0.003388671875
1.93451499939, 1.398, 0.003935546875
1.9386639595, 1.401, 0.00466796875
1.94280910492, 1.404, 0.0041796875
1.9469499588, 1.407, 0.007353515625
1.95109605789, 1.41, 0.001005859375
1.95524716377, 1.413, -0.000458984375
1.95941996574, 1.416, 0.00076171875
1.96356916428, 1.419, 0.001494140625
1.96771597862, 1.422, 0.00076171875
1.97186899185, 1.425, 0.005400390625
1.97601604462, 1.428, 0.007353515625
1.98016309738, 1.431, 0.0061328125
1.98430895805, 1.434, 0.001982421875
1.9884531498, 1.437, 0.00076171875
1.99260115623, 1.44, -0.000703125
1.99674916267, 1.443, 0.001494140625
2.00089597702, 1.446, 0.001005859375
2.00528812408, 1.449, 0.0041796875
2.00945901871, 1.452, -0.004365234375
2.01361703873, 1.455, 0.00076171875
2.0177719593, 1.458, 0.001005859375
2.02192807198, 1.461, -0.00265625
2.02607703209, 1.464, 0.00515625
2.03023004532, 1.467, 0.010771484375
2.03438615799, 1.47, 0.0119921875
2.03854203224, 1.473, 0.0041796875
2.04269599915, 1.476, -0.007783203125
2.04684901237, 1.479, 0.011259765625
2.05100607872, 1.482, 0.00125
2.05516409874, 1.485, 0.0002734375
2.05931401253, 1.488, 0.00564453125
2.06347107887, 1.491, 0.00466796875
2.06762695312, 1.494, -0.002412109375
2.07179307938, 1.497, 0.013701171875
2.07600307465, 1.5, -0.01193359375
2.08016014099, 1.503, 0.023466796875
2.08431410789, 1.506, -0.03
2.08846497536, 1.509, 0.041044921875
2.09262299538, 1.512, -0.03732421875
2.09677815437, 1.515, 0.016142578125
2.1009349823, 1.518, -0.00119140625
2.1050889492, 1.521, -0.0133984375
2.10924315453, 1.524, 0.033232421875
2.11339998245, 1.527, -0.02951171875
2.11754703522, 1.53, 0.040068359375
2.12169504166, 1.533, 0.0002734375
2.12585496902, 1.536, -0.012177734375
2.13000917435, 1.539, 0.0022265625
2.13416409492, 1.542, 0.033720703125
2.13831710815, 1.545, -0.016572265625
2.14246797562, 1.548, 0.038115234375
2.14662218094, 1.551, -0.019501953125
2.15077710152, 1.554, 0.026640625
2.15497612953, 1.557, -0.0114453125
2.15913510323, 1.56, -0.033173828125
2.16329503059, 1.563, 0.018583984375
2.16744613647, 1.566, 0.016630859375
2.17159700394, 1.569, 0.010771484375
2.17575407028, 1.572, -0.012421875
2.17990803719, 1.575, 0.037138671875
2.18406414986, 1.578, -0.0329296875
2.18821501732, 1.581, -0.00607421875
2.19237017632, 1.584, 0.039091796875
2.19652414322, 1.587, -0.0778515625
2.20068001747, 1.59, 0.013701171875
2.20483899117, 1.593, 0.03201171875
2.20899200439, 1.596, 0.054716796875
2.21314811707, 1.599, 0.04763671875
2.21730399132, 1.602, -0.0446484375
2.22145605087, 1.605, 0.040556640625
2.22561001778, 1.608, 0.0061328125
2.22976613045, 1.611, -0.0290234375
2.23392105103, 1.614, -0.00314453125
2.2380759716, 1.617, -0.042939453125
2.24222803116, 1.62, 0.112822265625
2.24638199806, 1.623, -0.09103515625
2.25053715706, 1.626, 0.07302734375
2.25469398499, 1.629, -0.066865234375
2.25884413719, 1.632, 0.063994140625
2.26300311089, 1.635, -0.06955078125
2.26715803146, 1.638, 0.15701171875
2.27131414413, 1.641, -0.234345703125
2.27551698685, 1.644, 0.190703125
2.27967309952, 1.647, -0.19455078125
2.28382706642, 1.65, 0.22390625
2.28797912598, 1.653, -0.251923828125
2.29213404655, 1.656, 0.34158203125
2.29629015923, 1.659, -0.261201171875
2.3004450798, 1.662, 0.223173828125
2.30459713936, 1.665, -0.268037109375
2.30874609947, 1.668, 0.2912890625
2.31290102005, 1.671, -0.2438671875
2.31705904007, 1.674, 0.03201171875
2.32130503654, 1.677, 0.037626953125
2.32551312447, 1.68, -0.165498046875
2.32966995239, 1.683, 0.2014453125
2.33382701874, 1.686, -0.1325390625
2.33797907829, 1.689, 0.232939453125
2.34213399887, 1.692, -0.016572265625
2.34628915787, 1.695, -0.107392578125
2.35044407845, 1.698, -0.0114453125
2.35459804535, 1.701, -0.059052734375
2.35874915123, 1.704, 0.056669921875
2.36290407181, 1.707, 0.042021484375
2.36704707146, 1.71, -0.14572265625
2.37118911743, 1.713, 0.128447265625
2.37533998489, 1.716, 0.070341796875
2.37949204445, 1.719, -0.20626953125
2.38364911079, 1.722, 0.241484375
2.38780403137, 1.725, -0.227021484375
2.39196109772, 1.728, 0.081328125
2.39611196518, 1.731, 0.11453125
2.4002661705, 1.734, -0.309052734375
2.40442299843, 1.737, 0.2170703125
2.40857815742, 1.74, -0.23263671875
2.41273713112, 1.743, 0.032744140625
2.41688799858, 1.746, -0.124482421875
2.42104411125, 1.749, -0.1403515625
2.4251999855, 1.752, 0.37869140625
2.42935204506, 1.755, -0.35666015625
2.43350315094, 1.758, 0.266630859375
2.43765997887, 1.761, -0.06662109375
2.44181418419, 1.764, 0.156279296875
2.44602298737, 1.767, -0.014375
2.45017814636, 1.77, -0.197724609375
2.45433497429, 1.773, 0.355009765625
2.45848608017, 1.776, -0.315888671875
2.4626390934, 1.779, 0.140654296875
2.46678495407, 1.782, -0.328828125
2.47092795372, 1.785, 0.30203125
2.47512316704, 1.788, -0.139375
2.47928595543, 1.791, -0.068818359375
2.4834420681, 1.794, 0.118193359375
2.48760008812, 1.797, -0.172333984375
2.49174904823, 1.8, 0.225859375
2.4959499836, 1.803, -0.2887890625
2.5001039505, 1.806, 0.184111328125
2.50425601006, 1.809, -0.2184765625
2.50840806961, 1.812, 0.293486328125
2.51256513596, 1.815, -0.297822265625
2.51672101021, 1.818, 0.182158203125
2.52087306976, 1.821, -0.356171875
2.52503108978, 1.824, 0.298125
2.52918601036, 1.827, -0.163544921875
2.53334307671, 1.83, 0.155302734375
2.53749418259, 1.833, -0.117646484375
2.54164505005, 1.836, 0.087919921875
2.54579997063, 1.839, -0.1071484375
2.54995417595, 1.842, 0.06130859375
2.55411100388, 1.845, 0.035185546875
2.55826115608, 1.848, -0.134736328125
2.56241607666, 1.851, -0.01876953125
2.56657409668, 1.854, -0.096162109375
2.57072901726, 1.857, -0.0016796875
2.57488203049, 1.86, 0.101591796875
2.57903909683, 1.863, -0.080537109375
2.58319497108, 1.866, 0.03689453125
2.58735203743, 1.869, -0.161591796875
2.59150409698, 1.872, 0.0510546875
2.59565806389, 1.875, -0.139619140625
2.59981203079, 1.878, 0.16970703125
2.60396814346, 1.881, -0.0534375
2.6081199646, 1.884, 0.051787109375
2.61227416992, 1.887, -0.112275390625
2.61641716957, 1.89, 0.008818359375
2.62056207657, 1.893, -0.222626953125
2.62471008301, 1.896, 0.155546875
2.62886810303, 1.899, -0.114228515625
2.63302016258, 1.902, 0.151884765625
2.63717603683, 1.905, -0.1559765625
2.64133000374, 1.908, 0.0412890625
2.64549398422, 1.911, -0.18380859375
2.64964604378, 1.914, 0.184111328125
2.65379905701, 1.917, -0.1501171875
2.65795111656, 1.92, 0.145048828125
2.66210699081, 1.923, -0.147919921875
2.66625714302, 1.926, 0.13943359375
2.67040705681, 1.929, -0.137666015625
2.67456197739, 1.932, 0.068388671875
2.67871713638, 1.935, -0.03830078125
2.68287301064, 1.938, -0.012177734375
2.68702507019, 1.941, -0.04025390625
2.69117903709, 1.944, 0.014189453125
2.69533705711, 1.947, -0.022919921875
2.69949316978, 1.95, -0.0251171875
2.70364499092, 1.953, 0.06033203125
2.70779800415, 1.956, -0.066865234375
2.7119550705, 1.959, 0.04421875
2.71610808372, 1.962, -0.085419921875
2.7202630043, 1.965, 0.051298828125
2.72441911697, 1.968, -0.050263671875
2.72857308388, 1.971, 0.007841796875
2.73275709152, 1.974, -0.10080078125
2.73711800575, 1.977, 0.017119140625
2.74127602577, 1.98, -0.038544921875
2.74550795555, 1.983, -0.012666015625
2.74966216087, 1.986, 0.0002734375
2.75382113457, 1.989, -0.0622265625
2.75797605515, 1.992, 0.088408203125
2.76213312149, 1.995, -0.082001953125
2.76628518105, 1.998, 0.053740234375
2.77044010162, 2.001, -0.040009765625
2.77459597588, 2.004, -0.080048828125
2.77875208855, 2.007, -0.0739453125
2.78290510178, 2.01, -0.0485546875
2.78718996048, 2.013, 0.03005859375
2.7913479805, 2.016, -0.0270703125
2.79550814629, 2.019, -0.07541015625
2.79965996742, 2.022, -0.059541015625
2.80381608009, 2.025, -0.039765625
2.807970047, 2.028, -0.006806640625
2.81212806702, 2.031, -0.044892578125
2.81628012657, 2.034, -0.00314453125
2.82043218613, 2.037, -0.106171875
2.82458806038, 2.04, 0.066435546875
2.82874798775, 2.043, -0.088349609375
2.83290314674, 2.046, 0.041044921875
2.83706212044, 2.049, -0.048310546875
2.84121704102, 2.052, -0.09201171875
2.84537601471, 2.055, -0.0544140625
2.84952807426, 2.058, -0.03927734375
2.85368299484, 2.061, -0.023896484375
2.85783910751, 2.064, -0.05734375
2.86202597618, 2.067, -0.07638671875
2.86616897583, 2.07, -0.121552734375
2.8703110218, 2.073, -0.01095703125
2.87445902824, 2.076, -0.03927734375
2.87861895561, 2.079, -0.00119140625
2.88277411461, 2.082, -0.086396484375
2.88692617416, 2.085, -0.123017578125
2.89108014107, 2.088, 0.03591796875
2.89523816109, 2.091, -0.05880859375
2.89939308167, 2.094, 0.052275390625
2.90354609489, 2.097, -0.065888671875
2.90769910812, 2.1, -0.086884765625
2.91186213493, 2.103, -0.013642578125
2.91601896286, 2.106, -0.06173828125
2.92016816139, 2.109, 0.044462890625
2.9243221283, 2.112, -0.06759765625
2.92847800255, 2.115, -0.0837109375
2.93263816833, 2.118, -0.09005859375
2.9367890358, 2.121, 0.006376953125
2.94094109535, 2.124, -0.021455078125
2.94509911537, 2.127, -0.076630859375
2.94925498962, 2.13, -0.07931640625
2.95340800285, 2.133, -0.178681640625
2.95755815506, 2.136, -0.05099609375
2.96171498299, 2.139, -0.092744140625
2.96590018272, 2.142, 0.06228515625
2.9700551033, 2.145, -0.074921875
2.97421097755, 2.148, -0.16232421875
2.97836518288, 2.151, 0.0491015625
2.98252105713, 2.154, -0.102509765625
2.98667216301, 2.157, 0.02810546875
2.99082517624, 2.16, -0.1520703125
2.99498605728, 2.163, -0.18234375
2.99914216995, 2.166, 0.027373046875
3.00329399109, 2.169, -0.1188671875
3.00744605064, 2.172, 0.06033203125
3.01160311699, 2.175, -0.16623046875
3.01576018333, 2.178, -0.13400390625
3.01991009712, 2.181, 0.025908203125
3.02406311035, 2.184, -0.113251953125
3.0282201767, 2.187, 0.07888671875
3.0323741436, 2.19, -0.15890625
3.03652906418, 2.193, -0.10666015625
3.04067897797, 2.196, -0.059296875
3.0448319912, 2.199, -0.012177734375
3.04898715019, 2.202, 0.093046875
3.05314612389, 2.205, -0.188447265625
3.05729818344, 2.208, -0.070283203125
3.06144595146, 2.211, -0.0778515625
3.06560397148, 2.214, -0.0387890625
3.06976103783, 2.217, -0.03439453125
3.0739159584, 2.22, -0.18234375
3.07806706429, 2.223, -0.077607421875
3.08222103119, 2.226, -0.1003125
3.08637404442, 2.229, -0.028779296875
3.09052705765, 2.232, -0.059052734375
3.09468007088, 2.235, -0.125947265625
3.09883403778, 2.238, -0.09787109375
3.10299110413, 2.241, -0.10080078125
3.10714817047, 2.244, -0.0153515625
3.11129808426, 2.247, -0.055634765625
3.11549901962, 2.25, -0.104951171875
3.11964607239, 2.253, -0.11740234375
3.12379002571, 2.256, -0.12375
3.12794518471, 2.259, -0.007783203125
3.13210105896, 2.262, -0.075654296875
3.13625597954, 2.265, -0.128388671875
3.14041018486, 2.268, -0.126435546875
3.144562006, 2.271, -0.203583984375
3.1487159729, 2.274, 0.01150390625
3.1528711319, 2.277, -0.171845703125
3.15702795982, 2.28, -0.149140625
3.16117811203, 2.283, -0.303193359375
3.16533017159, 2.286, -0.169404296875
3.16948795319, 2.289, -0.059541015625
3.1736471653, 2.292, -0.201630859375
3.17780208588, 2.295, -0.1559765625
3.18195414543, 2.298, -0.166474609375
3.18610906601, 2.301, -0.111787109375
3.19026398659, 2.304, -0.004609375
3.19441914558, 2.307, -0.08126953125
3.1985681057, 2.31, -0.068818359375
3.20272302628, 2.313, -0.082734375
3.20687699318, 2.316, -0.1637890625
3.21103310585, 2.319, 0.057158203125
3.21518516541, 2.322, -0.15158203125
3.21933698654, 2.325, -0.068818359375
3.22349405289, 2.328, -0.2253125
3.22764897346, 2.331, -0.1559765625
3.23180508614, 2.334, 0.061796875
3.23600697517, 2.337, -0.111298828125
3.24016213417, 2.34, -0.08078125
3.24431204796, 2.343, -0.211884765625
3.24846410751, 2.346, -0.207978515625
3.25262117386, 2.349, 0.053251953125
3.25685214996, 2.352, -0.0856640625
3.26101112366, 2.355, -0.186982421875
3.26516413689, 2.358, -0.174775390625
3.26930618286, 2.361, -0.191376953125
3.27345013618, 2.364, 0.0725390625
3.27760910988, 2.367, -0.0837109375
3.2817671299, 2.37, -0.184052734375
3.28596997261, 2.373, -0.134736328125
3.29012513161, 2.376, -0.19064453125
3.29428005219, 2.379, 0.08767578125
3.29843497276, 2.382, -0.172578125
3.30258798599, 2.385, -0.18380859375
3.30674409866, 2.388, -0.1628125
3.31089711189, 2.391, -0.135712890625
3.31505417824, 2.394, 0.041044921875
3.31920313835, 2.397, -0.138642578125
3.32335615158, 2.4, -0.17306640625
3.32751202583, 2.403, -0.165498046875
3.33166718483, 2.406, -0.1266796875
3.33582115173, 2.409, 0.00564453125
3.3399720192, 2.412, -0.07541015625
3.34413003922, 2.415, -0.22970703125
3.34828495979, 2.418, -0.160126953125
3.35244107246, 2.421, -0.15939453125
3.35659217834, 2.424, -0.0485546875
3.36074614525, 2.427, 0.001982421875
3.36492395401, 2.43, -0.26193359375
3.3690700531, 2.433, -0.182099609375
3.3732149601, 2.436, -0.142548828125
3.37737107277, 2.439, -0.05734375
3.38152599335, 2.442, 0.022490234375
3.38568305969, 2.445, -0.250947265625
3.38983511925, 2.448, -0.226044921875
3.39398813248, 2.451, -0.1305859375
3.3981449604, 2.454, -0.043916015625
3.40230298042, 2.457, -0.06564453125
3.4064540863, 2.46, -0.41427734375
3.41060495377, 2.463, -0.235322265625
3.41476297379, 2.466, -0.091279296875
3.41891908646, 2.469, -0.153046875
3.42307496071, 2.472, 0.1057421875
3.42722415924, 2.475, -0.268037109375
3.43137598038, 2.478, -0.188447265625
3.43553209305, 2.481, -0.038056640625
3.43968701363, 2.484, -0.167939453125
3.44384002686, 2.487, 0.102568359375
3.44799017906, 2.49, -0.339814453125
3.45214700699, 2.493, -0.181611328125
3.45630311966, 2.496, -0.02365234375
3.46045613289, 2.499, -0.1735546875
3.46460914612, 2.502, 0.11453125
3.46876597404, 2.505, -0.34787109375
3.47292304039, 2.508, -0.244111328125
3.47707796097, 2.511, -0.065888671875
3.48122501373, 2.514, -0.267548828125
3.48537898064, 2.517, 0.093779296875
3.48953199387, 2.52, -0.3688671875
3.49369096756, 2.523, -0.26291015625
3.49784612656, 2.526, -0.004853515625
3.50200104713, 2.529, -0.180146484375
3.50614500046, 2.532, 0.13748046875
3.51029014587, 2.535, -0.358857421875
3.51443815231, 2.538, -0.286591796875
3.51860117912, 2.541, -0.03146484375
3.52275800705, 2.544, -0.26193359375
3.52691411972, 2.547, 0.079375
3.5310690403, 2.55, -0.067109375
3.5352230072, 2.553, 3.495390625
3.53937411308, 2.556, 0.2278125
3.54352998734, 2.559, -0.3044140625
3.54768514633, 2.562, 0.057158203125
3.55188703537, 2.565, -0.366181640625
3.55604314804, 2.568, -0.351044921875
3.56019806862, 2.571, 0.057158203125
3.56435108185, 2.574, -0.324189453125
3.56850099564, 2.577, -0.097138671875
3.57266116142, 2.58, -0.369599609375
3.57681798935, 2.583, -0.29953125
3.58096909523, 2.586, 0.0119921875
3.58512115479, 2.589, -0.257294921875
3.58927798271, 2.592, -0.17013671875
3.59343314171, 2.595, -0.3747265625
3.59758806229, 2.598, -0.262421875
3.60173916817, 2.601, 0.022001953125
3.60589694977, 2.604, -0.296357421875
3.61005210876, 2.607, -0.254365234375
3.61420917511, 2.61, -0.30685546875
3.61834907532, 2.613, -0.156953125
3.62249302864, 2.616, -0.045625
3.62664794922, 2.619, -0.209443359375
3.63080596924, 2.622, -0.226044921875
3.63500499725, 2.625, -0.288056640625
3.63916015625, 2.628, -0.1872265625
3.64332008362, 2.631, -0.1130078125
3.64747309685, 2.634, -0.14376953125
3.65162396431, 2.637, -0.25998046875
3.65578103065, 2.64, -0.333955078125
3.65993404388, 2.643, -0.166962890625
3.66409111023, 2.646, -0.156708984375
3.66824412346, 2.649, -0.033173828125
3.67240214348, 2.652, -0.36984375
3.67655897141, 2.655, -0.270478515625
3.6807141304, 2.658, -0.1520703125
3.68486595154, 2.661, -0.16037109375
3.68901896477, 2.664, 0.08279296875
3.69317913055, 2.667, -0.423310546875
3.69733595848, 2.67, -0.25314453125
3.70149207115, 2.673, -0.08615234375
3.70564818382, 2.676, -0.20529296875
3.70980215073, 2.679, 2.9296875e-05
3.71396613121, 2.682, -0.416474609375
3.71819806099, 2.685, -0.27072265625
3.72235918045, 2.688, -0.0993359375
3.72651004791, 2.691, -0.24875
3.73066306114, 2.694, 0.05544921875
3.73482012749, 2.697, -0.430146484375
3.73897504807, 2.7, -0.32443359375
3.74312806129, 2.703, -0.12228515625
3.74728298187, 2.706, -0.331025390625
3.75143694878, 2.709, -0.083955078125
3.75559306145, 2.712, -0.412080078125
3.75974416733, 2.715, -0.1676953125
3.76389718056, 2.718, -0.285126953125
3.76804995537, 2.721, -0.290986328125
3.77220916748, 2.724, -0.13546875
3.77636218071, 2.727, -0.415498046875
3.78051304817, 2.73, -0.289521484375
3.78467011452, 2.733, -0.152314453125
3.78882598877, 2.736, -0.27462890625
3.79298400879, 2.739, -0.272431640625
3.79713702202, 2.742, -0.358125
3.80129098892, 2.745, -0.22189453125
3.80549716949, 2.748, -0.09787109375
3.80965018272, 2.751, -0.374970703125
3.8138051033, 2.754, -0.31466796875
3.81795907021, 2.757, -0.290498046875
3.82211518288, 2.76, -0.25607421875
3.82626605034, 2.763, -0.251923828125
3.83041715622, 2.766, -0.2096875
3.83457112312, 2.769, -0.306611328125
3.83872509003, 2.772, -0.203095703125
3.84287500381, 2.775, -0.13791015625
3.8470261097, 2.778, -0.208466796875
3.85118198395, 2.781, -0.15548828125
3.85533905029, 2.784, -0.35275390625
3.85949397087, 2.787, -0.273896484375
3.86364603043, 2.79, -0.23556640625
3.86778998375, 2.793, -0.235078125
3.87194013596, 2.796, -0.1628125
3.87609601021, 2.799, -0.353974609375
3.88024806976, 2.802, -0.235078125
3.88439702988, 2.805, -0.197236328125
3.88854718208, 2.808, -0.2565625
3.89270305634, 2.811, -0.172822265625
3.89685702324, 2.814, -0.465546875
3.90100717545, 2.817, -0.141572265625
3.90515708923, 2.82, -0.296845703125
3.90931105614, 2.823, -0.4704296875
3.91346502304, 2.826, 0.11501953125
3.91762113571, 2.829, 3.42776367187
3.92178297043, 2.832, -0.352509765625
3.925989151, 2.835, -0.220673828125
3.93014097214, 2.838, -0.453095703125
3.93429517746, 2.841, -0.182099609375
3.93844509125, 2.844, -0.43869140625
3.9425971508, 2.847, -0.19455078125
3.94675111771, 2.85, -0.382294921875
3.95090007782, 2.853, -0.4098828125
3.95505309105, 2.856, -0.259736328125
3.95920705795, 2.859, 3.47463867187
3.96336698532, 2.862, -0.217744140625
3.96751713753, 2.865, -0.22873046875
3.97166395187, 2.868, -0.445283203125
3.97582006454, 2.871, -0.293671875
3.97997117043, 2.874, -0.45041015625
3.98412704468, 2.877, -0.118134765625
3.98827314377, 2.88, -0.42794921875
3.9924249649, 2.883, -0.297822265625
3.99657702446, 2.886, -0.30392578125
4.00073003769, 2.889, -0.206513671875
4.00488615036, 2.892, -0.18478515625
4.00903606415, 2.895, -0.263154296875
4.01319003105, 2.898, -0.30490234375
4.01734304428, 2.901, -0.360078125
4.02149510384, 2.904, -0.039765625
4.02565097809, 2.907, -0.376923828125
4.02980303764, 2.91, -0.215546875
4.03395700455, 2.913, -0.149140625
4.03811097145, 2.916, 3.44241210937
4.0422680378, 2.919, -0.20041015625
4.04641509056, 2.922, -0.384736328125
4.05056500435, 2.925, -0.298310546875
4.05471801758, 2.928, -0.277802734375
4.05887103081, 2.931, 3.4553515625
4.06302118301, 2.934, 0.005400390625
4.06725502014, 2.937, -0.226533203125
4.07141709328, 2.94, -0.3815625
4.07557797432, 2.943, -0.2790234375
4.07973408699, 2.946, 3.23196289062
4.0838971138, 2.949, -0.218720703125
4.08805012703, 2.952, 3.3996875
4.09220504761, 2.955, -0.4508984375
4.09635996819, 2.958, -0.336884765625
4.10051417351, 2.961, 3.39626953125
4.10466599464, 2.964, -0.196015625
4.10881900787, 2.967, -0.37228515625
4.11297297478, 2.97, -0.3141796875
4.11711597443, 2.973, -0.36251953125
4.12125706673, 2.976, 3.14041015625
4.12546300888, 2.979, -0.1940625
4.12961816788, 2.982, 3.49490234375
4.13377594948, 2.985, -0.2829296875
4.13792896271, 2.988, -0.13009765625
4.14208602905, 2.991, 3.4885546875
4.14622998238, 2.994, -0.111298828125
4.15037512779, 2.997, 3.50881835937
4.15452599525, 3.0, -0.35421875
4.15868115425, 3.003, 3.31326171875
4.16283607483, 3.006, 3.4963671875
4.16699194908, 3.009, -0.331513671875
4.17114710808, 3.012, -0.18771484375
4.17530202866, 3.015, -0.184541015625
4.17945694923, 3.018, 3.3889453125
4.18361401558, 3.021, -0.15841796875
4.18784308434, 3.024, -0.37521484375
4.19200515747, 3.027, -0.345185546875
4.1961581707, 3.03, -0.277802734375
4.20030999184, 3.033, 3.17166015625
4.20446801186, 3.036, -0.29123046875
4.20862197876, 3.039, -0.38595703125
4.2127790451, 3.042, -0.201142578125
4.21693015099, 3.045, -0.08615234375
4.22108197212, 3.048, 3.42971679687
4.22524499893, 3.051, -0.345673828125
4.22940015793, 3.054, -0.42306640625
4.23357605934, 3.057, -0.24240234375
4.23794698715, 3.06, -0.06125
4.2421271801, 3.063, 3.3303515625
4.24628806114, 3.066, -0.38791015625
4.25043797493, 3.069, 3.3420703125
4.25459313393, 3.072, -0.418671875
4.25874710083, 3.075, -0.3727734375
4.26290512085, 3.078, 3.39358398437
4.26706814766, 3.081, -0.35275390625
4.27122616768, 3.084, -0.37619140625
4.27538609505, 3.087, 3.4905078125
4.27954101562, 3.09, 3.32375976562
4.28370499611, 3.093, 3.460234375
4.28786015511, 3.096, -0.368623046875
4.29201602936, 3.099, -0.26486328125
4.29616904259, 3.102, -0.300263671875
4.30032014847, 3.105, 3.335234375
4.30447816849, 3.108, -0.15939453125
4.30863118172, 3.111, -0.44259765625
4.31278896332, 3.114, -0.367890625
4.31693816185, 3.117, -0.434296875
4.32108998299, 3.12, 3.36135742187
4.32525396347, 3.123, -0.42794921875
4.32940912247, 3.126, -0.348603515625
4.33356118202, 3.129, -0.448701171875
4.33771395683, 3.132, -0.20626953125
4.34187412262, 3.135, -0.4645703125
4.34602999687, 3.138, -0.466767578125
4.35018110275, 3.141, -0.348603515625
4.35433197021, 3.144, -0.455048828125
4.35848808289, 3.147, -0.24630859375
4.36264204979, 3.15, 3.18533203125
4.36678409576, 3.153, -0.40646484375
4.37095308304, 3.156, 3.47244140625
4.37511396408, 3.159, 3.51272460937
4.37927913666, 3.162, 3.46487304687
4.38343715668, 3.165, 3.34133789062
4.3875951767, 3.168, -0.30880859375
4.39175009727, 3.171, 3.39578125
4.39595198631, 3.174, 3.47805664062
4.40011310577, 3.177, 3.49001953125
4.40427112579, 3.18, 3.50173828125
4.40842700005, 3.183, -0.439912109375
4.41257810593, 3.186, 3.49075195312
4.41673803329, 3.189, 3.42776367187
4.42090010643, 3.192, -0.424775390625
4.42505502701, 3.195, 3.48928710937
4.42920899391, 3.198, -0.399384765625
4.43336510658, 3.201, -0.367646484375
4.43751716614, 3.204, 3.42458984375
4.44167208672, 3.207, -0.43576171875
4.44582295418, 3.21, -0.38205078125
4.4499771595, 3.213, -0.43234375
4.45413517952, 3.216, -0.27560546875
4.45829105377, 3.219, 3.499296875
4.462444067, 3.222, 3.49709960937
4.46660399437, 3.225, -0.2575390625
4.47075796127, 3.228, 3.5119921875
4.47499108315, 3.231, -0.399873046875
4.47914910316, 3.234, -0.4020703125
4.48330712318, 3.237, 3.5198046875
4.4874560833, 3.24, -0.2926953125
4.49160695076, 3.243, 3.50588867187
4.49576616287, 3.246, 3.425078125
4.49992012978, 3.249, -0.46505859375
4.50407195091, 3.252, 3.47512695312
4.50822806358, 3.255, -0.40548828125
4.51238417625, 3.258, 3.5178515625
4.51653909683, 3.261, 3.4709765625
4.52068901062, 3.264, 3.471953125
4.52484202385, 3.267, 3.46682617187
4.52900314331, 3.27, 3.47317382812
4.53316497803, 3.273, -0.35470703125
4.53731703758, 3.276, 3.37356445312
4.54147315025, 3.279, 3.4621875
4.5456199646, 3.282, 3.460234375
4.54976296425, 3.285, 3.511015625
4.55391001701, 3.288, -0.406953125
4.5580739975, 3.291, 3.35427734375
4.56223011017, 3.294, 3.40359375
4.5663831234, 3.297, -0.417451171875
4.5705370903, 3.3, 3.48342773437
4.57470107079, 3.303, -0.3747265625
4.57885599136, 3.306, 3.45095703125
4.58301305771, 3.309, 3.43411132812
4.58717608452, 3.312, -0.205048828125
4.59132695198, 3.315, -0.47091796875
4.595484972, 3.318, -0.417939453125
4.59963917732, 3.321, -0.438935546875
4.60379505157, 3.324, 3.48220703125
4.60794901848, 3.327, -0.16427734375
4.61210107803, 3.33, -0.422578125
4.61624312401, 3.333, -0.359345703125
4.62038612366, 3.336, 3.51663085937
4.62453913689, 3.339, -0.45138671875
4.62869811058, 3.342, -0.278291015625
4.63285017014, 3.345, -0.4528515625
4.63700604439, 3.348, -0.4157421875
4.64116096497, 3.351, -0.408173828125
4.64532017708, 3.354, 3.50344726562
4.649477005, 3.357, -0.23166015625
4.65363001823, 3.36, 3.51370117187
4.65778899193, 3.363, 3.41604492187
4.66208195686, 3.366, -0.427216796875
4.66623711586, 3.369, 3.51541015625
4.67039108276, 3.372, -0.3571484375
4.67454695702, 3.375, -0.44162109375
4.67870616913, 3.378, 3.32766601562
4.68286299706, 3.381, 3.46365234375
4.68701910973, 3.384, 3.50588867187
4.69118213654, 3.387, 3.52029296875
4.69533610344, 3.39, 3.49709960937
4.69949102402, 3.393, 3.32913085937
4.70365309715, 3.396, 3.47341796875
4.70780801773, 3.399, -0.370087890625
4.71196198463, 3.402, 3.44290039062
4.71611905098, 3.405, -0.465791015625
4.72027301788, 3.408, 3.339140625
4.72442698479, 3.411, 3.47659179687
4.72858500481, 3.414, -0.2497265625
4.73273706436, 3.417, 3.5002734375
4.73689198494, 3.42, -0.39474609375
4.74104714394, 3.423, 3.40115234375
4.74520516396, 3.426, 3.48147460937
4.74936103821, 3.429, -0.19259765625
4.75351595879, 3.432, -0.451630859375
4.75767111778, 3.435, -0.37765625
4.76187300682, 3.438, -0.432587890625
4.76603412628, 3.441, 3.49880859375
4.77019095421, 3.444, -0.19455078125
4.77434515953, 3.447, -0.453583984375
4.77849817276, 3.45, 3.51711914062
4.78266000748, 3.453, -0.373505859375
4.78681516647, 3.456, 3.51418945312
4.7909719944, 3.459, -0.23849609375
4.79512500763, 3.462, -0.43576171875
4.7992811203, 3.465, 3.40334960937
4.80344200134, 3.468, -0.45626953125
4.8075940609, 3.471, 3.50247070312
4.81174898148, 3.474, -0.407685546875
4.8159570694, 3.477, 3.50198242187
4.82011508942, 3.48, 3.45046875
4.82426905632, 3.483, 3.44680664062
4.82843017578, 3.486, -0.4665234375
4.83258605003, 3.489, 3.4866015625
4.83673906326, 3.492, 3.4983203125
4.84089398384, 3.495, 3.36965820312
4.84505796432, 3.498, 3.45706054687
4.84922003746, 3.501, -0.304169921875
4.85336995125, 3.504, 3.46926757812
4.85752797127, 3.507, 3.52029296875
4.86168503761, 3.51, 3.38284179687
4.86583900452, 3.513, 3.42166015625
4.86997914314, 3.516, -0.356904296875
4.87414813042, 3.519, 3.50247070312
4.87831497192, 3.522, -0.382294921875
4.88247299194, 3.525, 3.46267578125
4.88662600517, 3.528, 3.44290039062
4.89078497887, 3.531, -0.255830078125
4.89498806, 3.534, -0.465302734375
4.89914298058, 3.537, -0.34982421875
4.9033010006, 3.54, -0.439912109375
4.90745806694, 3.543, 3.45193359375
4.91160917282, 3.546, -0.213837890625
4.91576099396, 3.549, -0.348603515625
4.91991496086, 3.552, -0.33126953125
4.92407011986, 3.555, 3.48928710937
4.92823004723, 3.558, 3.4416796875
4.93238210678, 3.561, -0.2555859375
4.93653702736, 3.564, -0.324921875
4.94069218636, 3.567, -0.344697265625
4.94484901428, 3.57, 3.49954101562
4.94900512695, 3.573, 3.36892578125
4.95316004753, 3.576, -0.356904296875
4.95731711388, 3.579, -0.33810546875
4.96147203445, 3.582, -0.40939453125
4.96562504768, 3.585, 3.43313476562
4.96978211403, 3.588, 3.3596484375
4.97393798828, 3.591, -0.337373046875
4.97812104225, 3.594, -0.341767578125
4.98228216171, 3.597, 3.49270507812
4.98644304276, 3.6, 3.37869140625
4.99059915543, 3.603, 3.382109375
4.99475097656, 3.606, -0.39962890625
4.99890303612, 3.609, -0.360322265625
5.0030579567, 3.612, 3.46487304687
5.00721907616, 3.615, 3.33254882812
5.01137399673, 3.618, -0.467255859375
5.01552915573, 3.621, 3.52419921875
5.01968502998, 3.624, -0.2878125
5.02384209633, 3.627, 3.50466796875
5.02799510956, 3.63, 3.35110351562
5.0321521759, 3.633, -0.449677734375
5.03630495071, 3.636, -0.464814453125
5.04045915604, 3.639, -0.20578125
5.04461407661, 3.642, 3.44827148437
5.04876899719, 3.645, 3.35427734375
5.05292606354, 3.648, -0.323701171875
5.05708098412, 3.651, -0.447236328125
5.06123495102, 3.654, -0.1169140625
5.06538701057, 3.657, 3.42141601562
5.06954813004, 3.66, 3.37844726562
5.07370901108, 3.663, -0.377900390625
5.07786607742, 3.666, -0.415986328125
5.08201909065, 3.669, -0.164521484375
5.08617305756, 3.672, 3.48245117187
5.09033417702, 3.675, 3.526640625
5.09449100494, 3.678, -0.2790234375
5.09864115715, 3.681, -0.45626953125
5.10279512405, 3.684, -0.164765625
5.10695004463, 3.687, 3.50735351562
5.11111307144, 3.69, 3.43069335937
5.11526918411, 3.693, -0.363984375
5.11941003799, 3.696, -0.280732421875
5.12355709076, 3.699, -0.31271484375
5.12771511078, 3.702, -0.45431640625
5.13196110725, 3.705, 3.45291015625
5.13614106178, 3.708, -0.402802734375
5.14030599594, 3.711, -0.27658203125
5.14446306229, 3.714, -0.43576171875
5.14861607552, 3.717, 3.39749023437
5.15277814865, 3.72, -0.4528515625
5.15693116188, 3.723, 3.50247070312
5.16109108925, 3.726, -0.15353515625
5.16524910927, 3.729, 3.52346679687
5.16940712929, 3.732, 3.34646484375
5.17356514931, 3.735, 3.51541015625
5.17772006989, 3.738, 3.43215820312
5.18188905716, 3.741, 0.012724609375
5.18604016304, 3.744, -0.391328125
5.19019603729, 3.747, 3.50881835937
5.19435811043, 3.75, 3.49709960937
5.19851517677, 3.753, -0.447236328125
5.20266604424, 3.756, -0.104462890625
5.20681905746, 3.759, -0.357392578125
5.21097207069, 3.762, -0.40939453125
5.21512818336, 3.765, 3.50198242187
5.21928501129, 3.768, 3.52419921875
5.22344207764, 3.771, 0.04177734375
5.22759795189, 3.774, 3.07375976562
5.23175811768, 3.777, 0.4416796875
5.23597216606, 3.78, 3.42434570312
5.24013495445, 3.783, 3.17141601562
5.24429416656, 3.786, -0.287080078125
5.24845004082, 3.789, 0.001005859375
5.25260400772, 3.792, 3.45315429687
5.25676608086, 3.795, 3.51125976562
5.26092505455, 3.798, -0.380341796875
5.26508307457, 3.801, -0.0583203125
5.26923894882, 3.804, -0.369111328125
5.27339196205, 3.807, 3.51418945312
5.27754807472, 3.81, 3.48953125
5.28170609474, 3.813, 0.0715625
5.28586506844, 3.816, -0.359345703125
5.29001808167, 3.819, 3.38186523437
5.29417610168, 3.822, -0.34201171875
5.2983341217, 3.825, -0.4372265625
5.30249214172, 3.828, -0.03048828125
5.30664610863, 3.831, -0.29025390625
5.31079602242, 3.834, 3.48123046875
5.31500315666, 3.837, -0.28830078125
5.31915616989, 3.84, 3.43850585937
5.32331299782, 3.843, -0.165498046875
5.32746696472, 3.846, -0.2282421875
5.33162212372, 3.849, -0.33419921875
5.33577609062, 3.852, -0.385712890625
5.33992600441, 3.855, 3.47830078125
5.34408307076, 3.858, 0.03201171875
5.34823799133, 3.861, -0.265595703125
5.35239505768, 3.864, -0.29513671875
5.35654616356, 3.867, 3.4846484375
5.36070013046, 3.87, -0.4313671875
5.36485815048, 3.873, 0.16873046875
5.36900305748, 3.876, -0.331025390625
5.37314605713, 3.879, -0.390595703125
5.3773021698, 3.882, -0.465546875
5.38145518303, 3.885, -0.1930859375
5.38561201096, 3.888, 0.058134765625
5.38976597786, 3.891, 3.51663085937
5.39392399788, 3.894, -0.295625
5.39807701111, 3.897, -0.2458203125
5.40223407745, 3.9, -0.209443359375
5.40638899803, 3.903, 0.013212890625
5.41054296494, 3.906, 3.52419921875
5.41469812393, 3.909, -0.447724609375
5.41885209084, 3.912, -0.207001953125
5.42300915718, 3.915, -0.058564453125
5.42716097832, 3.918, -0.03830078125
5.4313120842, 3.921, 3.52053710937
5.43552517891, 3.924, -0.43283203125
5.43967700005, 3.927, -0.287568359375
5.4438290596, 3.93, 0.101103515625
5.44798398018, 3.933, -0.163056640625
5.45214009285, 3.936, -0.4391796875
5.45629405975, 3.939, -0.46701171875
5.46044802666, 3.942, -0.364228515625
5.464605093, 3.945, 0.209013671875
5.46876096725, 3.948, -0.2419140625
5.47291517258, 3.951, 3.49880859375
5.47709512711, 3.954, -0.352021484375
5.48125505447, 3.957, 3.48611328125
5.48546409607, 3.96, 0.207548828125
5.48962116241, 3.963, -0.199189453125
5.49377918243, 3.966, -0.3815625
5.49792814255, 3.969, -0.3454296875
5.50208210945, 3.972, -0.38791015625
5.50623607635, 3.975, 0.107939453125
5.51038908958, 3.978, -0.161103515625
5.51454401016, 3.981, -0.298310546875
5.51869511604, 3.984, -0.13888671875
5.52285218239, 3.987, -0.324677734375
5.52700710297, 3.99, 0.077421875
5.53116297722, 3.993, -0.16720703125
5.53531599045, 3.996, -0.36251953125
5.53946805, 3.999, -0.159150390625
5.54362511635, 4.002, -0.133759765625
5.54778003693, 4.005, 0.147734375
5.55193114281, 4.008, -0.344208984375
5.55608415604, 4.011, -0.318330078125
5.56023716927, 4.014, -0.08615234375
5.5643901825, 4.017, -0.034638671875
5.56854295731, 4.02, -0.156220703125
5.57269597054, 4.023, -0.289765625
5.57684803009, 4.026, -0.33029296875
5.58100605011, 4.029, -0.166474609375
5.58516216278, 4.032, 0.09939453125
5.58930301666, 4.035, -0.182587890625
5.59344506264, 4.038, -0.410859375
5.59774303436, 4.041, -0.342744140625
5.60190796852, 4.044, -0.184052734375
5.60606002808, 4.047, -0.012177734375
5.61021208763, 4.05, -0.25265625
5.61436700821, 4.053, -0.3190625
5.61850905418, 4.056, -0.318330078125
5.62265706062, 4.059, -0.283173828125
5.62681102753, 4.062, -0.011201171875
5.63095998764, 4.065, -0.2565625
5.63511705399, 4.068, -0.297578125
5.63927197456, 4.071, -0.22677734375
5.64342713356, 4.074, -0.227021484375
5.64757704735, 4.077, 0.0139453125
5.65173101425, 4.08, -0.17404296875
5.65589118004, 4.083, -0.33126953125
5.66004610062, 4.086, -0.059052734375
5.66420006752, 4.089, -0.2145703125
5.6683549881, 4.092, 0.001982421875
5.67251300812, 4.095, -0.12619140625
5.67666816711, 4.098, -0.297578125
5.68081617355, 4.101, -0.17111328125
5.68501400948, 4.104, -0.099091796875
5.68917012215, 4.107, -0.05587890625
5.69332313538, 4.11, -0.1716015625
5.69747614861, 4.113, -0.259248046875
5.70163011551, 4.116, -0.09591796875
5.70578813553, 4.119, -0.153779296875
5.70993900299, 4.122, -0.101044921875
5.71409296989, 4.125, -0.258759765625
5.71824908257, 4.128, -0.3571484375
5.72240400314, 4.131, -0.138154296875
5.72655916214, 4.134, -0.040498046875
5.73070812225, 4.137, -0.142548828125
5.73489904404, 4.14, -0.3512890625
5.73922801018, 4.143, -0.284150390625
5.74339103699, 4.146, -0.168427734375
5.74754810333, 4.149, -0.00314453125
5.75170016289, 4.152, -0.204072265625
5.75585412979, 4.155, -0.3356640625
5.76000809669, 4.158, -0.22873046875
5.76416301727, 4.161, -0.214814453125
5.7683160305, 4.164, 0.039580078125
5.77246809006, 4.167, -0.146943359375
5.77662301064, 4.17, -0.3923046875
5.78077697754, 4.173, -0.185517578125
5.78498101234, 4.176, -0.200166015625
5.78913807869, 4.179, -0.002900390625
5.7933011055, 4.182, -0.124970703125
5.79748797417, 4.185, -0.273408203125
5.80168509483, 4.188, -0.090791015625
5.80584311485, 4.191, -0.241181640625
5.81000709534, 4.194, -0.00900390625
5.81417417526, 4.197, -0.05978515625
5.81832814217, 4.2, -0.2419140625
5.82248616219, 4.203, 0.008330078125
5.82665205002, 4.206, -0.242646484375
5.83081102371, 4.209, -0.07052734375
5.83500599861, 4.212, -0.15890625
5.83916401863, 4.215, -0.276337890625
5.84331917763, 4.218, -0.038544921875
5.84747195244, 4.221, -0.2204296875
5.85162711143, 4.224, -0.029267578125
5.85578298569, 4.227, -0.2575390625
5.85993814468, 4.23, -0.247041015625
5.86409211159, 4.233, -0.062958984375
5.86823511124, 4.236, -0.138642578125
5.87238001823, 4.239, -0.13888671875
5.87653899193, 4.242, -0.26583984375
5.88069415092, 4.245, -0.29318359375
5.88485097885, 4.248, -0.185029296875
5.88900399208, 4.251, -0.006806640625
5.89315700531, 4.254, -0.029267578125
5.89731216431, 4.257, -0.405
5.90146017075, 4.26, -0.261201171875
5.90561318398, 4.263, -0.121552734375
5.90976810455, 4.266, 0.00076171875
5.91392397881, 4.269, -0.042451171875
5.91808104515, 4.272, -0.41720703125
5.92223310471, 4.275, -0.217744140625
5.92639398575, 4.278, -0.228974609375
5.93055295944, 4.281, 0.0823046875
5.93471002579, 4.284, -0.065888671875
5.93886208534, 4.287, -0.292451171875
5.94301700592, 4.29, -0.166474609375
5.94716906548, 4.293, -0.258271484375
5.95132398605, 4.296, 0.084990234375
5.9554810524, 4.299, -0.10861328125
5.95963406563, 4.302, -0.204072265625
5.96379113197, 4.305, -0.072724609375
5.96794700623, 4.308, -0.13546875
5.97210407257, 4.311, -0.002412109375
5.97626304626, 4.314, -0.01876953125
5.98041915894, 4.317, -0.288056640625
5.98458099365, 4.32, 0.0158984375
5.98873209953, 4.323, -0.100068359375
5.99288606644, 4.326, -0.023896484375
5.99704217911, 4.329, -0.11447265625
6.00119709969, 4.332, -0.227265625
6.00535511971, 4.335, 0.016875
6.00950598717, 4.338, -0.03927734375
6.01366209984, 4.341, -0.08908203125
6.01781797409, 4.344, -0.258759765625
6.02197003365, 4.347, -0.2341015625
6.0261220932, 4.35, 0.008330078125
6.03028512001, 4.353, -0.07638671875
6.0344440937, 4.356, -0.10373046875
6.03859806061, 4.359, -0.34884765625
6.04275202751, 4.362, -0.2458203125
6.04690599442, 4.365, -0.059052734375
6.05105996132, 4.368, -0.028046875
6.05521297455, 4.371, -0.103486328125
6.05949401855, 4.374, -0.40109375
6.06365203857, 4.377, -0.1872265625
6.0678050518, 4.38, -0.133271484375
6.07196211815, 4.383, 0.033232421875
6.07611107826, 4.386, -0.10861328125
6.08029508591, 4.389, -0.401337890625
6.08445811272, 4.392, -0.149384765625
6.08860898018, 4.395, -0.183076171875
6.09276413918, 4.398, 0.094267578125
6.09691810608, 4.401, -0.106416015625
6.10107398033, 4.404, -0.355439453125
6.10522818565, 4.407, -0.16232421875
6.10938000679, 4.41, -0.1833203125
6.11353802681, 4.413, 0.152373046875
6.11768198013, 4.416, -0.07248046875
6.1218919754, 4.419, -0.196259765625
6.12607312202, 4.422, -0.113251953125
6.13023400307, 4.425, -0.159638671875
6.13439416885, 4.428, 0.11990234375
6.13855004311, 4.431, -0.09884765625
6.14270806313, 4.434, -0.16916015625
6.14686608315, 4.437, -0.0075390625
6.15101695061, 4.44, -0.202607421875
6.15517401695, 4.443, 0.253447265625
6.15933203697, 4.446, -0.298798828125
6.16348600388, 4.449, -0.1637890625
6.16763806343, 4.452, -0.020234375
6.17179203033, 4.455, -0.23166015625
6.17603611946, 4.458, 0.17751953125
6.18019318581, 4.461, -0.11544921875
6.18435311317, 4.464, -0.20333984375
6.18850708008, 4.467, -0.09103515625
6.19266104698, 4.47, -0.05587890625
6.19681715965, 4.473, 0.08865234375
6.20097017288, 4.476, -0.238251953125
6.20512199402, 4.479, -0.17013671875
6.20927000046, 4.482, -0.185517578125
6.2134270668, 4.485, 0.061552734375
6.21758198738, 4.488, -0.060029296875
6.22173714638, 4.491, -0.296357421875
6.22589015961, 4.494, -0.213837890625
6.23004817963, 4.497, -0.173798828125
6.2342031002, 4.5, 0.137724609375
6.23835802078, 4.503, -0.058076171875
6.24251198769, 4.506, -0.294404296875
6.24666595459, 4.509, -0.199677734375
6.25082015991, 4.512, -0.227021484375
6.25498008728, 4.515, 0.084013671875
6.25913000107, 4.518, 0.012724609375
6.26328516006, 4.521, -0.222626953125
6.26744008064, 4.524, -0.20138671875
6.27159404755, 4.527, -0.201630859375
6.27574706078, 4.53, 0.1448046875
6.27989816666, 4.533, -0.02560546875
6.28405499458, 4.536, -0.184541015625
6.28820896149, 4.539, -0.0378125
6.29236507416, 4.542, -0.17208984375
6.29651618004, 4.545, 0.398466796875
6.30067014694, 4.548, 0.0510546875
6.30482196808, 4.551, -0.319306640625
6.30897712708, 4.554, 0.20876953125
6.31312799454, 4.557, -0.1423046875
6.31728005409, 4.56, 0.111845703125
6.32143616676, 4.563, 0.0920703125
6.32559299469, 4.566, -0.04171875
6.32974696159, 4.569, 0.02517578125
6.33390116692, 4.572, -0.169404296875
6.33806204796, 4.575, 0.245390625
6.3422191143, 4.578, -0.2184765625
6.34637618065, 4.581, -0.16232421875
6.35052609444, 4.584, 0.016630859375
6.35468316078, 4.587, -0.120576171875
6.35883808136, 4.59, 0.113310546875
6.36299300194, 4.593, -0.165498046875
6.36713194847, 4.596, -0.276337890625
6.37127017975, 4.599, -0.02267578125
6.37547802925, 4.602, -0.0466015625
6.37963199615, 4.605, 0.0705859375
6.38378405571, 4.608, -0.14279296875
6.38794112206, 4.611, -0.0758984375
6.39209914207, 4.614, -0.206513671875
6.39625811577, 4.617, 0.1575
6.40041518211, 4.62, 0.068876953125
6.40457510948, 4.623, -0.23166015625
6.40873217583, 4.626, -0.192109375
6.41288495064, 4.629, -0.17697265625
6.41703915596, 4.632, 0.19314453125
6.42119812965, 4.635, 0.049345703125
6.42536115646, 4.638, -0.125703125
6.42951011658, 4.641, -0.069306640625
6.43366718292, 4.644, -0.110322265625
6.43782615662, 4.647, 0.117705078125
6.44198417664, 4.65, 0.103056640625
6.44613695145, 4.653, -0.007783203125
6.45028996468, 4.656, 0.1340625
6.45444607735, 4.659, -0.198212890625
6.45860099792, 4.662, 0.163359375
6.4627571106, 4.665, 0.1340625
6.46690917015, 4.668, -0.01486328125
6.47106218338, 4.671, 0.1096484375
6.47521805763, 4.674, -0.063447265625
6.47937202454, 4.677, 0.166044921875
6.48353004456, 4.68, 0.02126953125
6.48768210411, 4.683, -0.03732421875
6.4918961525, 4.686, 0.00076171875
6.4960501194, 4.689, -0.094208984375
6.50021314621, 4.692, 0.08181640625
6.50437808037, 4.695, -0.0212109375
6.50853300095, 4.698, -0.0934765625
6.51269006729, 4.701, 0.001982421875
6.51684904099, 4.704, 0.016142578125
6.521007061, 4.707, 0.05740234375
6.52539300919, 4.71, -0.045625
6.52969908714, 4.713, 0.016630859375
6.53388595581, 4.716, -0.0583203125
6.53806805611, 4.719, 0.096708984375
6.54226303101, 4.722, 0.108427734375
6.54656004906, 4.725, -0.078095703125
6.55087304115, 4.728, 0.029326171875
6.55504202843, 4.731, -0.086884765625
6.5592019558, 4.734, 0.178251953125
6.56336212158, 4.737, 0.1076953125
6.56751608849, 4.74, -0.10470703125
6.5716650486, 4.743, 0.10671875
6.57582306862, 4.746, -0.075166015625
6.57997703552, 4.749, 0.223173828125
6.58413696289, 4.752, 0.133818359375
6.58829116821, 4.755, -0.0221875
6.59244704247, 4.758, 0.13845703125
6.59660506248, 4.761, 0.050078125
6.60076117516, 4.764, 0.016142578125
6.60496807098, 4.767, 0.00515625
6.60912895203, 4.77, -0.07345703125
6.61328411102, 4.773, 0.06765625
6.6174249649, 4.776, 0.086455078125
6.62156796455, 4.779, -0.034150390625
6.62571501732, 4.782, -0.06076171875
6.62985706329, 4.785, -0.135712890625
6.63400411606, 4.788, -0.061982421875
6.63817596436, 4.791, 0.053251953125
6.64233207703, 4.794, -0.011201171875
6.6464869976, 4.797, 0.0041796875
6.65064406395, 4.8, -0.0446484375
6.65479898453, 4.803, -0.046845703125
6.65895295143, 4.806, 0.109892578125
6.66311216354, 4.809, -0.002900390625
6.66726708412, 4.812, -0.0505078125
6.67141914368, 4.815, -0.045625
6.67557406425, 4.818, -0.03244140625
6.67972803116, 4.821, 0.082548828125
6.68388414383, 4.824, 0.097197265625
6.68803811073, 4.827, -0.054658203125
6.69219207764, 4.83, 0.085966796875
6.69634795189, 4.833, -0.080048828125
6.70050215721, 4.836, 0.073515625
6.70465803146, 4.839, 0.147490234375
6.70881104469, 4.842, -0.14572265625
6.71296715736, 4.845, 0.065947265625
6.71712207794, 4.848, 0.074736328125
6.72127699852, 4.851, 0.083037109375
6.72548604012, 4.854, 0.0940234375
6.72964406013, 4.857, -0.181611328125
6.73379802704, 4.86, -0.034638671875
6.73794913292, 4.863, 0.044462890625
6.74210715294, 4.866, -0.038544921875
6.74626111984, 4.869, 0.1506640625
6.75041508675, 4.872, -0.13205078125
6.7545671463, 4.875, -0.1442578125
6.75872015953, 4.878, 0.04275390625
6.76287603378, 4.881, -0.047578125
6.76703214645, 4.884, -0.03048828125
6.77118206024, 4.887, -0.149384765625
6.77533602715, 4.89, -0.089814453125
6.77949118614, 4.893, 0.08376953125
6.78364801407, 4.896, 0.0198046875
6.78780007362, 4.899, -0.08029296875
6.79195618629, 4.902, -0.03439453125
6.79610896111, 4.905, -0.118623046875
6.80026316643, 4.908, 0.07986328125
6.80442214012, 4.911, 0.08865234375
6.80857396126, 4.914, -0.085419921875
6.81272912025, 4.917, 0.07986328125
6.81688404083, 4.92, -0.0524609375
6.82104206085, 4.923, 0.075712890625
6.82519602776, 4.926, 0.079619140625
6.82934999466, 4.929, -0.125947265625
6.833507061, 4.932, 0.0940234375
6.83766317368, 4.935, 0.025419921875
6.84181404114, 4.938, 0.08083984375
6.84602403641, 4.941, 0.106962890625
6.85017895699, 4.944, -0.086884765625
6.85433101654, 4.947, -0.00314453125
6.85848712921, 4.95, 0.05251953125
6.86264395714, 4.953, 0.031279296875
6.86678695679, 4.956, 0.080107421875
6.87092709541, 4.959, -0.1130078125
6.8750770092, 4.962, 0.030302734375
6.87923407555, 4.965, 0.01638671875
6.88339114189, 4.968, 0.0100390625
6.88754701614, 4.971, -0.009248046875
6.89170002937, 4.974, -0.122529296875
6.89585614204, 4.977, -0.061982421875
6.9000120163, 4.98, 0.030791015625
6.90416908264, 4.983, 0.04568359375
6.90831804276, 4.986, -0.066865234375
6.91246795654, 4.989, -0.047578125
6.91662216187, 4.992, -0.076875
6.92077612877, 4.995, 0.045439453125
6.92498207092, 4.998, 0.0451953125
6.92914009094, 5.001, -0.09298828125
6.93329596519, 5.004, 0.036162109375
6.93744802475, 5.007, -0.07443359375
6.94160103798, 5.01, 0.057158203125
6.94576001167, 5.013, 0.050322265625
6.94991803169, 5.016, -0.11056640625
6.95406913757, 5.019, 0.044951171875
6.9582221508, 5.022, -0.024873046875
6.96238017082, 5.025, 0.058623046875
6.96653604507, 5.028, 0.057158203125
6.9706890583, 5.031, -0.0837109375
6.97484016418, 5.034, 0.08181640625
6.97899699211, 5.037, -0.0798046875
6.98315405846, 5.04, 0.07595703125
6.98730897903, 5.043, 0.04666015625
6.99146413803, 5.046, -0.07443359375
6.99575209618, 5.049, 0.069365234375
6.99991202354, 5.052, 0.01736328125
7.00407004356, 5.055, 0.086943359375
7.00822305679, 5.058, 0.02859375
7.01238012314, 5.061, -0.0114453125
7.01653599739, 5.064, -0.00265625
7.02068996429, 5.067, 0.084501953125
7.02484202385, 5.07, 0.08865234375
7.02899813652, 5.073, -0.02462890625
7.03315401077, 5.076, -0.017548828125
7.03730797768, 5.079, -0.06759765625
7.04145717621, 5.082, 0.05203125
7.04561209679, 5.085, 0.03884765625
7.04976606369, 5.088, 0.00125
7.05392408371, 5.091, -0.05783203125
7.05807614326, 5.094, -0.0895703125
7.06222915649, 5.097, 0.00076171875
7.06638407707, 5.1, 0.000517578125
7.07053804398, 5.103, -0.110322265625
7.07469511032, 5.106, -0.07443359375
7.07884597778, 5.109, -0.10470703125
7.08300113678, 5.112, -0.027802734375
7.08718204498, 5.115, 0.0002734375
7.091340065, 5.118, -0.140595703125
7.09549617767, 5.121, -0.035859375
7.09964799881, 5.124, -0.094453125
7.10380315781, 5.127, -0.00509765625
7.10794615746, 5.13, 0.054228515625
7.11208510399, 5.133, -0.076630859375
7.11622714996, 5.136, 0.0325
7.12036705017, 5.139, 0.00662109375
7.12451314926, 5.142, 0.006376953125
7.12867212296, 5.145, 0.040556640625
7.13283109665, 5.148, -0.053681640625
7.13698196411, 5.151, 0.064482421875
7.14113712311, 5.154, 0.089873046875
7.14529204369, 5.157, 0.05203125
7.14944601059, 5.16, 0.081083984375
7.15359807014, 5.163, -0.109833984375
7.1577501297, 5.166, 0.051298828125
7.16190695763, 5.169, 0.070830078125
7.16606402397, 5.172, 0.05349609375
7.17021512985, 5.175, 0.0608203125
7.17436909676, 5.178, -0.06955078125
7.17852497101, 5.181, 0.01833984375
7.18268299103, 5.184, 0.06521484375
7.18683815002, 5.187, 0.033232421875
7.19101405144, 5.19, 0.00955078125
7.19517302513, 5.193, -0.038056640625
7.19932699203, 5.196, -0.075166015625
7.20347809792, 5.199, 0.03591796875
7.20763015747, 5.202, 0.036650390625
7.21178603172, 5.205, -0.057587890625
7.21598911285, 5.208, 0.00271484375
7.22014212608, 5.211, -0.08322265625
7.22429704666, 5.214, 0.065703125
7.22845101357, 5.217, 0.0041796875
7.23260807991, 5.22, -0.02267578125
7.23688817024, 5.223, 0.0373828125
7.24119496346, 5.226, -0.037568359375
7.24538111687, 5.229, 0.103056640625
7.2495610714, 5.232, 0.0491015625
7.25373911858, 5.235, -0.0622265625
7.25791811943, 5.238, 0.092802734375
7.26209902763, 5.241, -0.023896484375
7.26627898216, 5.244, 0.111845703125
7.27046012878, 5.247, 0.1096484375
7.27463412285, 5.25, -0.110810546875
7.27881503105, 5.253, 0.0295703125
7.28297901154, 5.256, 0.024931640625
7.28715801239, 5.259, 0.047392578125
7.29133701324, 5.262, 0.14529296875
7.29551696777, 5.265, -0.104462890625
7.29969906807, 5.268, -0.086884765625
7.30387496948, 5.271, 0.07205078125
7.30805706978, 5.274, -0.052216796875
7.31223511696, 5.277, 0.14431640625
7.31641697884, 5.28, -0.175751953125
7.32060003281, 5.283, -0.176240234375
7.32474398613, 5.286, 0.06521484375
7.32892513275, 5.289, -0.04416015625
7.33307909966, 5.292, -0.00509765625
7.33726215363, 5.295, -0.168916015625
7.34144306183, 5.298, -0.158662109375
7.34562301636, 5.301, 0.112578125
7.34980297089, 5.304, -0.039765625
7.35398507118, 5.307, -0.061005859375
7.35816597939, 5.31, -0.09591796875
7.36234211922, 5.313, -0.206513671875
7.3664700985, 5.316, 0.14333984375
7.37059807777, 5.319, 0.070830078125
7.37476706505, 5.322, -0.05783203125
7.37894797325, 5.325, 0.0530078125
7.38312697411, 5.328, -0.1012890625
7.38730597496, 5.331, 0.15505859375
7.39148211479, 5.334, 0.177275390625
7.39567399025, 5.337, -0.14962890625
7.39985609055, 5.34, 0.1506640625
7.40403318405, 5.343, -0.001435546875
7.40821409225, 5.346, 0.12185546875
7.41236805916, 5.349, 0.144072265625
7.41655111313, 5.352, -0.198212890625
7.42073106766, 5.355, 0.079375
7.42486715317, 5.358, 0.00173828125
7.42905402184, 5.361, 0.065703125
7.43319797516, 5.364, 0.17947265625
7.43737816811, 5.367, -0.219453125
7.44156002998, 5.37, -0.109345703125
7.44574213028, 5.373, 0.038115234375
7.44992017746, 5.376, -0.04513671875
7.45410203934, 5.379, 0.008330078125
7.45827698708, 5.382, -0.198212890625
7.46245503426, 5.385, -0.1403515625
7.466766119, 5.388, 0.10671875
7.470952034, 5.391, -0.0173046875
7.47513318062, 5.394, -0.0798046875
7.47931218147, 5.397, 0.067900390625
7.483492136, 5.4, -0.07150390625
7.48767018318, 5.403, 0.105986328125
7.4918551445, 5.406, 0.059111328125
7.49603104591, 5.409, -0.082734375
7.50021004677, 5.412, 0.03201171875
7.50438904762, 5.415, -0.019013671875
7.50856614113, 5.418, 0.08181640625
7.51274514198, 5.421, 0.1116015625
7.51692199707, 5.424, -0.11837890625
7.52110099792, 5.427, 0.110380859375
7.52526402473, 5.43, 0.043486328125
7.52944517136, 5.433, 0.061796875
7.53362417221, 5.436, 0.087431640625
7.53780007362, 5.439, -0.099580078125
7.5419781208, 5.442, 0.116484375
7.54615616798, 5.445, 0.00466796875
7.55033516884, 5.448, 0.03591796875
7.55451202393, 5.451, 0.021025390625
7.55869197845, 5.454, -0.080537109375
7.56284713745, 5.457, 0.050078125
7.56702518463, 5.46, 0.081572265625
7.57120418549, 5.463, 0.034453125
7.57538604736, 5.466, -0.0407421875
7.57956504822, 5.469, -0.026337890625
7.58374404907, 5.472, -0.065400390625
7.58791899681, 5.475, -0.00314453125
7.59205102921, 5.478, 0.040556640625
7.59623217583, 5.481, -0.109345703125
7.60041213036, 5.484, -0.039765625
7.60458898544, 5.487, -0.0817578125
7.6087679863, 5.49, 0.011015625
7.61294317245, 5.493, 0.014189453125
7.61707401276, 5.496, -0.13205078125
7.62120318413, 5.499, -0.044892578125
7.62538003922, 5.502, -0.07541015625
7.62955904007, 5.505, -0.03390625
7.6337389946, 5.508, 0.04080078125
7.63791513443, 5.511, -0.08908203125
7.64209413528, 5.514, 0.001005859375
7.64627313614, 5.517, -0.00509765625
7.65045309067, 5.52, -0.024140625
7.6546330452, 5.523, 0.0627734375
7.65880918503, 5.526, -0.09591796875
7.66293811798, 5.529, -0.017548828125
7.66707015038, 5.532, 0.085234375
7.671200037, 5.535, -0.0231640625
7.6754360199, 5.538, 0.0823046875
7.67962217331, 5.541, -0.0925
7.68379712105, 5.544, 0.00662109375
7.68797707558, 5.547, 0.0940234375
7.69211697578, 5.55, 0.011015625
7.69629406929, 5.553, 0.085234375
7.7004711628, 5.556, -0.119599609375
7.70464897156, 5.559, 0.01931640625
7.70883011818, 5.562, 0.091337890625
7.71301102638, 5.565, 0.000517578125
7.71718597412, 5.568, 0.049345703125
7.72136306763, 5.571, -0.08029296875
7.72553610802, 5.574, -0.007783203125
7.72971701622, 5.577, 0.099150390625
7.73389697075, 5.58, 0.032255859375
7.73807501793, 5.583, 0.0237109375
7.74225497246, 5.586, -0.077119140625
7.74642801285, 5.589, -0.053193359375
7.75060510635, 5.592, 0.065458984375
7.75478196144, 5.595, 0.038115234375
7.75895810127, 5.598, -0.02462890625
7.7631380558, 5.601, -0.01388671875
7.76731395721, 5.604, -0.054169921875
7.77149295807, 5.607, 0.056181640625
7.7756690979, 5.61, 0.054716796875
7.77984714508, 5.613, -0.082978515625
7.78402709961, 5.616, 0.00173828125
7.78820705414, 5.619, -0.05392578125
7.79233503342, 5.622, 0.026396484375
7.79651498795, 5.625, 0.038603515625
7.80068898201, 5.628, -0.081513671875
7.80486607552, 5.631, -0.03244140625
7.8090441227, 5.634, -0.0221875
7.81322097778, 5.637, 0.018828125
7.8174021244, 5.64, 0.01541015625
7.82157897949, 5.643, -0.09640625
7.82575917244, 5.646, 0.003935546875
7.82993507385, 5.649, 0.030546875
7.83411312103, 5.652, 0.024443359375
7.83828997612, 5.655, 0.0940234375
7.84246897697, 5.658, -0.053681640625
7.8466501236, 5.661, 0.07546875
7.85083007812, 5.664, 0.030546875
7.8550260067, 5.667, 0.02517578125
7.85920405388, 5.67, 0.188017578125
7.86338114738, 5.673, -0.141328125
7.86750912666, 5.676, 0.0881640625
7.87164211273, 5.679, 0.006376953125
7.87579417229, 5.682, -0.023896484375
7.87997412682, 5.685, 0.162626953125
7.88415408134, 5.688, -0.20919921875
7.88832998276, 5.691, -0.044892578125
7.89251112938, 5.694, 0.0588671875
7.89666795731, 5.697, -0.158662109375
7.90084600449, 5.7, 0.093779296875
7.90502905846, 5.703, -0.223603515625
7.90920615196, 5.706, -0.2087109375
7.91338515282, 5.709, 0.06326171875
7.91755914688, 5.712, -0.059296875
7.92173600197, 5.715, 0.0061328125
7.92590403557, 5.718, -0.17111328125
7.93007802963, 5.721, -0.15158203125
7.93425607681, 5.724, 0.134306640625
7.93843412399, 5.727, -0.0700390625
7.94271016121, 5.73, -0.035615234375
7.94689106941, 5.733, 0.004912109375
7.95106601715, 5.736, -0.12033203125
7.95524215698, 5.739, 0.1340625
7.95942115784, 5.742, 0.069609375
7.96359705925, 5.745, -0.029267578125
7.96777510643, 5.748, 0.080107421875
7.97194814682, 5.751, -0.090546875
7.97612500191, 5.754, 0.1838671875
7.98030304909, 5.757, 0.11501953125
7.98448109627, 5.76, 0.0334765625
7.98866009712, 5.763, 0.0647265625
7.99283218384, 5.766, -0.08126953125
7.99701213837, 5.769, 0.162626953125
