0.000287055969238, 0.00140625,-0.0224
0.00247001647949, -0.006162109375,-0.0144
0.00455117225647, 0.000673828125,-0.0064
0.00661611557007, 0.000185546875,-0.0704
0.00868511199951, -0.003720703125,0.0016
0.0107491016388, -0.00640625,-0.0224
0.0128161907196, -0.0025,-0.0064
0.0148801803589, 0.00189453125,-0.0424
0.0169491767883, -0.000791015625,-0.0304
0.0190191268921, -0.020322265625,-0.0744
0.0210931301117, 0.00140625,0.0016
0.0231671333313, -0.0025,0.0016
0.0252311229706, 0.00189453125,-0.0464
0.0273010730743, -5.859375e-05,-0.0264
0.0293750762939, -0.00103515625,0.0496
0.0314450263977, 0.000673828125,-0.1104
0.0335121154785, 0.000673828125,-0.0304
0.0355839729309, -0.003232421875,0.0016
0.0376529693604, -0.00201171875,-0.0504
0.0397310256958, 0.00091796875,0.0296
0.0418050289154, -0.000302734375,0.0176
0.0438749790192, -0.000546875,-0.0504
0.0459439754486, -0.003720703125,-0.0624
0.0480041503906, -0.001279296875,-0.0744
0.0500741004944, -0.0025,-0.0504
0.052136182785, -0.01958984375,-0.0544
0.0542051792145, 0.001162109375,-0.1024
0.0562710762024, 0.00384765625,-0.0624
0.0583400726318, -0.00201171875,-0.0944
0.0604140758514, 0.000673828125,0.0176
0.0624830722809, -0.008115234375,-0.0624
0.0645501613617, -0.000791015625,0.0296
0.0666170120239, -0.004697265625,-0.0824
0.0686891078949, -0.004208984375,0.0616
0.0707550048828, -0.007626953125,0.0416
0.0761861801147, 0.000185546875,0.0056
0.0783450603485, 0.005556640625,-0.0424
0.080411195755, 0.00482421875,-0.0264
0.0824639797211, 0.005556640625,-0.0184
0.0845210552216, -0.00103515625,0.0416
0.0865771770477, 0.00189453125,0.0016
0.0886261463165, -0.002255859375,-0.0744
0.0907361507416, -0.000546875,-0.0264
0.092835187912, -5.859375e-05,0.0056
0.0948941707611, 0.000185546875,-0.1184
0.0969481468201, -0.00103515625,0.0216
0.0989980697632, 0.003115234375,-0.1144
0.101057052612, -0.000791015625,0.0536
0.103106021881, -0.001279296875,0.0136
0.105158090591, -0.001767578125,-0.0184
0.107208013535, 0.00189453125,0.0096
0.109266996384, -0.003232421875,-0.0504
0.111339092255, -0.000546875,0.0016
0.113408088684, 0.0004296875,0.0976
0.115473985672, -0.00591796875,0.0216
0.117545127869, 0.000673828125,0.0216
0.119613170624, -0.004453125,0.0216
0.121685028076, -0.002744140625,0.0136
0.123748064041, -0.000302734375,-0.0104
0.125817060471, 0.0101953125,0.1216
0.127879142761, -0.007138671875,0.0136
0.129950046539, -0.0034765625,-0.0464
0.132016181946, -0.002744140625,0.1096
0.134085178375, -0.00298828125,-0.0144
0.136152029037, -0.00201171875,-0.0064
0.138219118118, -0.00201171875,-0.0344
0.140290975571, -0.001279296875,0.0216
0.142355203629, 0.000185546875,0.0336
0.144426107407, -0.008115234375,0.0296
0.14649105072, -0.0025,0.0096
0.148561000824, 0.00140625,0.0816
0.15062713623, -0.003232421875,0.0976
0.152698993683, 0.0023828125,0.0376
0.154764175415, 0.0023828125,-0.0064
0.156831979752, 0.008974609375,0.0576
0.158897161484, -0.02056640625,0.1336
0.160967111588, -0.002744140625,0.0456
0.163040161133, -0.004453125,0.0416
0.165106058121, 0.004091796875,0.1376
0.167177200317, 0.0004296875,0.0776
0.169243097305, -0.00201171875,0.1056
0.171313047409, 0.00140625,0.1056
0.173376083374, -0.0025,0.0776
0.175440073013, -0.0025,0.1576
0.177503108978, -0.000791015625,0.0936
0.179572105408, 0.00189453125,0.0616
0.181636095047, -0.005673828125,0.0616
0.183706045151, -0.000302734375,0.0896
0.18577003479, 0.00140625,0.0656
0.187834978104, -0.000546875,0.0456
0.189903974533, -0.00689453125,0.1216
0.191971063614, -0.003720703125,-0.0104
0.194068193436, -0.003720703125,0.1096
0.196135044098, -0.000302734375,-0.0184
0.198204994202, 0.00287109375,0.0376
0.200275182724, -0.002744140625,0.1096
0.202344179153, -0.000546875,0.0176
0.204415082932, -0.002744140625,0.0416
0.206480979919, 0.002626953125,-0.0384
0.208549976349, 0.00140625,0.0736
0.21061706543, 0.00287109375,0.1376
0.212690114975, 0.0101953125,0.1656
0.21475315094, 0.00189453125,0.0536
0.216819047928, -0.0015234375,0.1216
0.218881130219, 0.00091796875,0.0896
0.220951080322, -0.003232421875,0.0216
0.22301697731, 0.001162109375,-0.0024
0.22508597374, 0.002138671875,0.1136
0.227310180664, -0.00201171875,0.0616
0.229382991791, 0.000673828125,-0.8344
0.23145198822, -0.00298828125,0.0296
0.233519077301, 0.00091796875,0.0576
0.235589981079, 0.0082421875,0.0616
0.237660169601, 0.00091796875,-0.0784
0.239726066589, 0.000185546875,0.1336
0.241795063019, 0.004091796875,0.0136
0.243856191635, -0.014462890625,-0.0064
0.245926141739, -0.004697265625,0.0376
0.247987031937, -0.016904296875,0.0736
0.250058174133, 0.002626953125,0.0816
0.252125024796, 0.0043359375,0.0536
0.254196166992, 0.002626953125,0.0016
0.256260156631, -0.002255859375,0.1296
0.258329153061, -0.0034765625,-0.0064
0.260397195816, -5.859375e-05,0.0336
0.26246714592, -0.000546875,0.0296
0.264533042908, -0.000302734375,0.0976
0.266596078873, 0.00091796875,0.0656
0.268661022186, -0.00298828125,0.0896
0.27073097229, 0.000673828125,0.0616
0.272802114487, 0.004091796875,0.0136
0.274865150452, -0.004453125,0.0856
0.276935100555, -0.019833984375,0.1056
0.278999090195, 0.00140625,0.0296
0.281069993973, 0.0043359375,0.0056
0.283133983612, 0.00482421875,0.0216
0.285202980042, -0.00494140625,-0.8704
0.287266016006, -0.0015234375,0.0416
0.289336204529, 0.003359375,0.0456
0.291407108307, 0.00140625,0.0376
0.293500185013, -0.002744140625,0.0296
0.295569181442, 0.00921875,0.0096
0.297633171082, 0.003115234375,0.0736
0.29970908165, -0.0015234375,-0.0784
0.301776170731, 0.000185546875,0.0056
0.303841114044, 0.005556640625,0.0576
0.305907011032, 0.003115234375,-0.0304
0.307971000671, 0.005068359375,-0.0504
0.310042142868, -0.004208984375,0.0056
0.312107086182, 0.001162109375,-0.0144
0.314177036285, -0.004453125,0.0736
0.316239118576, 0.00140625,0.0136
0.318312168121, -0.001767578125,-0.1664
0.320378065109, 0.007265625,-0.0024
0.322446107864, -0.000302734375,-0.0184
0.324512004852, 0.00384765625,-0.0344
0.326577186584, -0.00298828125,0.0936
0.328641176224, -0.0151953125,-0.0384
0.330770969391, 0.00091796875,-0.1384
0.332842111588, 0.003359375,-0.0744
0.334912061691, -0.0054296875,-0.0184
0.336974143982, -0.005185546875,-0.0384
0.339043140411, -0.00298828125,-0.0544
0.341109037399, -0.001279296875,-0.0384
0.343175172806, -0.003720703125,-0.1144
0.345233201981, -0.00298828125,-0.0824
0.347300052643, 0.002626953125,-0.0304
0.349366188049, -0.002744140625,-0.0824
0.351437091827, -0.002255859375,-0.0264
0.353499174118, 0.001650390625,-0.1504
0.355569124222, -0.00201171875,-0.1504
0.357634067535, -0.004453125,-0.0464
0.359709978104, -0.018857421875,-0.1024
0.361780166626, 0.004091796875,-0.0344
0.36384510994, 0.00140625,-0.0464
0.365915060043, -0.006650390625,-0.1184
0.367980003357, -0.0073828125,-0.0984
0.370048999786, -0.000546875,-0.0384
0.372112989426, 0.00091796875,-0.0464
0.374183177948, -0.004697265625,-0.0544
0.376242160797, -0.001767578125,-0.0984
0.378309011459, -0.002744140625,-0.1024
0.38037109375, -0.003232421875,-0.0704
0.382436990738, 0.005068359375,-0.1184
0.384499073029, -0.00201171875,-0.0624
0.386568069458, -0.001767578125,-0.0584
0.388633012772, -0.00201171875,-0.0504
0.390827178955, -5.859375e-05,-0.0744
0.392897129059, 0.00189453125,-0.0984
0.394992113113, -0.00884765625,-0.0904
0.397060155869, 0.00189453125,-0.0624
0.399124145508, 0.004091796875,-0.0864
0.401239156723, 0.00091796875,-0.0304
0.403309106827, 0.003603515625,-0.0544
0.405369997025, 0.00970703125,0.0176
0.407441139221, 0.000673828125,-0.0184
0.409507036209, 0.000673828125,-0.0824
0.411576986313, -0.01958984375,-0.0304
0.413640975952, 0.001650390625,0.0856
0.415709018707, 0.007509765625,-0.0104
0.417778968811, 0.0004296875,0.0936
0.419849157333, -0.0034765625,-0.0064
0.421917200089, -0.000546875,-0.0064
0.423979997635, 0.003359375,0.0296
0.426046133041, -0.0015234375,0.0016
0.428107023239, 0.00091796875,-0.0664
0.430227994919, -5.859375e-05,-0.0504
0.432301044464, 0.00091796875,0.0216
0.43436217308, -5.859375e-05,-0.0184
0.436433076859, -0.00494140625,0.0056
0.438495159149, 0.003115234375,0.0216
0.440565109253, 0.0023828125,-0.0064
0.442628145218, 0.000185546875,0.0336
0.444698095322, 0.00970703125,0.0736
0.446762084961, 0.00091796875,0.0416
0.448830127716, -0.001767578125,0.0616
0.450970172882, 0.00189453125,0.0296
0.453045129776, -0.001279296875,0.0136
0.455109119415, -0.008359375,0.0496
0.457179069519, 0.0023828125,0.0536
0.459249019623, 0.0004296875,0.0536
0.461318016052, 0.00140625,0.0096
0.463381052017, 0.001162109375,0.1176
0.465451002121, -0.0025,0.1496
0.467519044876, 0.00140625,0.1456
0.469590187073, 0.005556640625,0.0936
0.471659183502, -0.000791015625,0.0216
0.473721981049, 0.004091796875,0.0336
0.475788116455, -0.004453125,0.0576
0.477853059769, -0.00298828125,0.1176
0.479927062988, -0.000791015625,0.1296
0.481989145279, -0.004208984375,0.0936
0.484058141708, 0.0043359375,-0.8424
0.486118078232, -0.0015234375,1.1696
0.488187074661, 0.003115234375,0.0376
0.490251064301, 0.001650390625,-0.0264
0.492321014404, -0.001767578125,0.1416
0.494413137436, 0.00189453125,-0.0224
0.496479034424, 0.0043359375,0.0376
0.498548984528, 0.0023828125,0.0456
0.500616073608, -0.00298828125,0.0336
0.502686023712, 0.0004296875,-0.8664
0.504748106003, -0.00396484375,0.0176
0.506816148758, -0.004208984375,0.0816
0.508875131607, 0.00482421875,0.0416
0.510943174362, -0.00396484375,0.0456
0.51300406456, 0.00189453125,0.0496
0.515073060989, 0.001650390625,0.0496
0.517138004303, -0.00201171875,0.1336
0.519213199615, -0.002255859375,0.1656
0.521282196045, -0.000546875,0.0616
0.523347139359, -0.001279296875,0.0576
0.525418043137, 0.00091796875,0.0736
0.527484178543, -0.00103515625,0.1056
0.52955698967, -0.000546875,0.1136
0.531624078751, -0.0034765625,0.1176
0.533694982529, 0.005556640625,0.0416
0.535758972168, -0.002744140625,0.0856
0.537827014923, -0.000791015625,0.1016
0.539894104004, -0.000546875,0.2096
0.541963100433, 0.0062890625,0.0696
0.544032096863, 0.001162109375,-0.0424
0.546094179153, -0.002255859375,-0.8704
0.548161029816, 0.0023828125,0.0496
0.550229072571, 0.00140625,0.0816
0.552294969559, -0.000791015625,0.0776
0.554356098175, -0.000791015625,0.0616
0.55642414093, -5.859375e-05,0.0656
0.558640003204, -0.002255859375,0.1016
0.560768127441, 0.004091796875,0.1296
0.562837123871, -0.002744140625,0.1016
0.564905166626, -5.859375e-05,0.1976
0.566972970963, -0.006162109375,0.1136
0.569043159485, 0.00189453125,0.1296
0.571110010147, 0.000673828125,0.1176
0.573180198669, 0.000673828125,0.0256
0.575242996216, 0.002138671875,0.0256
0.577311992645, -0.004453125,-0.0384
0.579377174377, 0.00140625,0.1096
0.58144402504, 0.003603515625,0.0856
0.583508968353, -0.00494140625,0.0536
0.585577011108, -0.004697265625,0.0736
0.587640047073, 0.00287109375,0.0976
0.58971619606, -0.00298828125,0.0336
0.591786146164, -0.006162109375,0.1136
0.593846082687, -0.0015234375,0.0336
0.595916032791, -0.002255859375,0.0976
0.597978115082, -0.00298828125,0.0576
0.600047111511, -0.018125,0.0096
0.602105140686, 0.00140625,0.0336
0.60417509079, -0.00396484375,0.0176
0.606243133545, 0.00140625,0.0176
0.608312129974, -0.000302734375,-0.0944
0.610380172729, -0.00201171875,-0.0024
0.612449169159, -0.000302734375,0.0056
0.614516973495, 0.004091796875,-0.0544
0.616585969925, 0.00140625,0.0456
0.618655204773, 0.004580078125,0.0296
0.620726108551, -0.000791015625,-0.0784
0.622796058655, -0.0025,0.0616
0.624857187271, 0.002138671875,-0.0264
0.626928091049, -0.002255859375,0.1176
0.62899017334, 0.004091796875,-0.0264
0.631062030792, 0.00287109375,-0.0584
0.633123159409, -0.000546875,0.0496
0.635190010071, -0.001279296875,0.0296
0.637253046036, -0.000546875,0.0136
0.63932299614, 0.003603515625,-0.0544
0.64139008522, -5.859375e-05,0.0696
0.64346408844, -0.002255859375,-0.0024
0.645534038544, 0.00091796875,-0.1344
0.647597074509, 0.003603515625,-0.0744
0.649729013443, -0.004208984375,0.0056
0.651802062988, 0.00189453125,-0.0784
0.653866052628, -0.005185546875,-0.0664
0.655936002731, -0.00103515625,-0.0624
0.657997131348, 0.00287109375,-0.0064
0.660070180893, -0.00494140625,-0.1304
0.662135124207, -0.000302734375,-0.0584
0.66420507431, 0.00287109375,-0.0264
0.66626906395, 0.00287109375,-0.0824
0.668339014053, 0.00287109375,-0.0944
0.670409202576, -0.0015234375,-0.0624
0.672470092773, 0.00189453125,0.0056
0.674535989761, 0.002626953125,-0.0344
0.676663160324, -0.003232421875,0.0176
0.678732156754, -0.00396484375,-0.0784
0.680802106857, 0.0043359375,0.0616
0.682866096497, 0.0023828125,-0.0384
0.68493103981, -0.002744140625,-0.0184
0.686990976334, -0.002744140625,-0.0824
0.689059972763, 0.006044921875,-0.0904
0.691128969193, 0.00189453125,-0.0064
0.693199157715, 0.001162109375,-0.0424
0.69526720047, 0.00970703125,-0.0304
0.697360038757, -0.00640625,-0.0584
0.699431180954, 0.00189453125,-0.0784
0.7014939785, -0.00201171875,-0.0824
0.703562021255, -0.0025,-0.0144
0.705623149872, 0.000185546875,0.0176
0.70769405365, -0.00201171875,-0.0984
0.709765195847, 0.0004296875,-0.0824
0.711838006973, 0.00287109375,-0.1464
0.713907003403, 0.00091796875,0.0296
0.715970993042, -0.01861328125,-0.0304
0.718039035797, -0.000546875,-0.1104
0.720103979111, -5.859375e-05,-0.0664
0.722174167633, 0.003603515625,-0.0184
0.724237203598, -0.003232421875,-0.0904
0.726306200027, 0.00287109375,-0.0184
0.728368997574, 0.003115234375,0.0056
0.730440139771, -0.002744140625,0.0016
0.732505083084, 0.00140625,-0.1104
0.734573125839, -0.0015234375,0.0936
0.736642122269, -5.859375e-05,0.0096
0.738716125488, -5.859375e-05,-0.0184
0.740791082382, 0.000185546875,0.0736
0.742854118347, -0.0015234375,-0.1424
0.744923114777, 0.000673828125,0.0976
0.746984004974, 0.006533203125,0.0256
0.749052047729, 0.001650390625,0.0296
0.751120090485, 0.009951171875,0.1056
0.753185987473, -0.006162109375,0.0536
0.755246162415, 0.0023828125,0.0496
0.757310152054, -0.00298828125,-0.0464
0.759374141693, -0.001767578125,0.0176
0.761443138123, 0.00140625,0.0056
0.76350903511, 0.000185546875,0.0176
0.76557803154, 0.002626953125,-0.0144
0.767645120621, 0.007265625,0.0976
0.76971912384, -0.004208984375,0.0416
0.771789073944, 0.0023828125,0.0576
0.773854970932, -5.859375e-05,0.1416
0.775927066803, -0.020322265625,0.1176
0.777991056442, 0.00970703125,0.0936
0.780067205429, 0.008974609375,0.1176
0.782133102417, 0.000673828125,0.0656
0.784201145172, -0.00787109375,0.0096
0.786265134811, 0.002626953125,0.0576
0.788333177567, -0.0015234375,0.0456
0.79040312767, -5.859375e-05,0.1296
0.792469024658, -5.859375e-05,0.1176
0.794542074203, -0.0015234375,0.0576
0.796630144119, -0.000791015625,0.0696
0.798699140549, 0.00140625,0.0616
0.800767183304, 0.000673828125,0.0656
0.802837133408, -0.000302734375,0.1136
0.80490899086, -0.000791015625,0.0376
0.806977033615, -0.0034765625,0.0256
0.80905008316, 0.002626953125,-0.8464
0.811120033264, -0.002744140625,0.0816
0.813189983368, -0.002255859375,0.0696
0.815253973007, 0.002138671875,0.1816
0.817322969437, 0.00287109375,0.1016
0.819390058517, -0.0054296875,0.1776
0.821459054947, -0.001279296875,0.1336
0.823529005051, 0.000185546875,0.2096
0.825601100922, 0.00091796875,0.1656
0.827670097351, -0.002255859375,0.1136
0.829732179642, -0.00298828125,0.2056
0.83179807663, 0.006533203125,0.0856
0.833857059479, -0.000546875,0.1136
0.835923194885, 0.00140625,0.0616
0.837984085083, -0.002255859375,-0.8544
0.840058088303, 0.007021484375,0.1336
0.842120170593, 0.002138671875,0.0056
0.844189167023, 0.002138671875,0.0616
0.846254110336, 0.0043359375,0.2216
0.848322153091, 0.002626953125,-0.8744
0.850391149521, -0.000546875,0.1336
0.852459192276, 0.005068359375,0.2576
0.85452914238, 0.00091796875,0.1696
0.856600999832, 0.002138671875,0.0776
0.858669996262, -0.002255859375,0.0496
0.860740184784, 0.004091796875,0.0816
0.862812042236, -0.000791015625,0.1096
0.864875078201, 0.0062890625,0.0976
0.866943120956, 0.002626953125,0.0816
0.869006156921, -0.00201171875,0.0496
0.871075153351, -0.0054296875,1.1616
0.873140096664, 0.003115234375,-0.0224
0.875210046768, -0.000791015625,0.0576
0.877279043198, 0.00189453125,0.0056
0.879348039627, -0.0015234375,0.0736
0.881417036057, 0.004091796875,0.0336
0.88348197937, 0.006533203125,0.0976
0.8855509758, 0.000673828125,0.0496
0.88761305809, 0.0023828125,0.0256
0.88977098465, -5.859375e-05,0.0856
0.891844034195, -0.000546875,-0.0984
0.893915176392, -0.0025,0.0656
0.895979166031, -0.000302734375,-0.0544
0.898076057434, -0.002255859375,-0.0064
0.900196075439, -0.0015234375,-0.0144
0.902330160141, -0.002744140625,-0.0224
0.904406070709, -0.00103515625,-0.0144
0.90647816658, 0.000673828125,-0.0664
0.908550024033, 0.00189453125,-0.0704
0.910616159439, 0.0062890625,-0.1144
0.912686109543, -0.005673828125,-0.0344
0.914749145508, 0.003115234375,-0.0824
0.916819095612, 0.005068359375,-0.1024
0.918883085251, -5.859375e-05,-0.0464
0.920956134796, -0.006162109375,0.0296
0.923025131226, -0.001767578125,-0.1624
0.925089120865, -0.004453125,-0.0504
0.92715716362, -0.008359375,0.0016
0.929223060608, -0.00103515625,-0.0304
0.931290149689, 0.00384765625,-0.0144
0.933355093002, 0.00189453125,-0.1744
0.935423135757, -0.002744140625,-0.0264
0.93748497963, 0.00140625,-0.1224
0.9395570755, -0.002744140625,-0.1224
0.941620111465, 0.003359375,-0.0104
0.943689107895, -0.004453125,-0.1504
0.94575214386, 0.00921875,-0.1584
0.947820186615, -0.001767578125,-0.0824
0.949887037277, -0.004208984375,-0.0824
0.951954126358, -0.000791015625,-0.0744
0.954023122787, -0.003720703125,-0.0624
0.956089019775, 0.00287109375,-0.1504
0.958156108856, -0.000791015625,-0.0464
0.960225105286, -0.000302734375,-0.1064
0.962293148041, 0.002626953125,-0.0904
0.964354991913, 0.002626953125,-0.1824
0.966423034668, -0.00396484375,-0.0904
0.968491077423, -5.859375e-05,-0.1544
0.970566987991, -5.859375e-05,-0.1344
0.972634077072, 0.002138671875,-0.0984
0.974702119827, 0.001650390625,-0.1184
0.976770162582, 0.0043359375,-0.1344
0.978837013245, 0.00140625,-0.0784
0.980911016464, -0.00103515625,-0.1904
0.982974052429, 0.00140625,-0.1504
0.985042095184, 0.001650390625,-0.1184
0.987107992172, -0.004697265625,-0.1144
0.989237070084, -0.0025,-0.1104
0.991311073303, 0.000673828125,-0.1984
0.993378162384, -0.000546875,-0.1104
0.995444059372, -0.00201171875,-0.0864
0.997509002686, 0.004091796875,-0.0744
0.999577999115, 0.00775390625,0.0216
1.00164198875, 0.00775390625,-0.1304
1.00370717049, -0.001279296875,-0.2024
1.00577712059, -0.000791015625,-0.0664
1.00783920288, -0.000791015625,-0.1904
1.00990915298, -0.003720703125,-0.0424
1.0119740963, -0.002744140625,-0.1544
1.01404213905, 0.003603515625,-0.1064
1.01610302925, -0.007626953125,-0.0544
1.01817202568, -0.0054296875,-0.0184
1.02023911476, -0.00591796875,-0.0624
1.02230620384, 0.003603515625,-0.1024
1.02437019348, -0.0015234375,-0.0504
1.02643918991, -0.0015234375,-0.1664
1.0285050869, 0.004091796875,0.0456
1.03057408333, 0.0023828125,0.0016
1.03263807297, -0.0034765625,-0.0864
1.03470396996, 0.002626953125,0.0056
1.03676915169, 0.000185546875,-0.0464
1.038834095, 0.00091796875,-0.0104
1.04090499878, -0.002255859375,0.0016
1.04297399521, 0.000185546875,-0.0464
1.04504203796, -0.001279296875,-0.0024
1.04710507393, 0.0004296875,-0.0624
1.04922699928, -0.001279296875,0.0296
1.05130004883, -0.018857421875,-0.0144
1.05336308479, -0.007626953125,-0.0424
1.05543112755, -0.004453125,0.0136
1.05749297142, -0.00201171875,0.0576
1.05956506729, -0.014462890625,-0.0144
1.0616312027, 0.00287109375,0.0696
1.06370019913, 0.004580078125,0.0576
1.065762043, 0.00287109375,0.0656
1.06783103943, -0.00201171875,0.0656
1.06990408897, -0.004697265625,0.0576
1.07196307182, 0.004091796875,0.0616
1.07402896881, -0.00103515625,0.0376
1.07609200478, -0.005185546875,0.0616
1.07815408707, -0.002744140625,0.0976
1.08026218414, -0.016904296875,0.0536
1.08232712746, 0.001162109375,1.1656
1.08439016342, -0.0025,0.0016
1.08646011353, 0.000185546875,0.0936
1.08852720261, 0.010439453125,0.0456
1.09059309959, -0.0034765625,0.0416
1.09266400337, 0.000185546875,0.0776
1.09472799301, -0.001767578125,-0.0144
1.09679508209, -0.002744140625,0.0536
1.09888505936, -0.003720703125,0.0576
1.10095500946, -0.003720703125,0.0936
1.10302305222, 0.0043359375,0.1256
1.10509109497, 0.002138671875,0.0176
1.1071600914, -0.000791015625,0.0976
1.10922813416, 0.003603515625,0.0776
1.11129713058, -0.004453125,0.1456
1.11336398125, -0.01861328125,0.0216
1.11543107033, -0.001767578125,0.0656
1.11749100685, 0.003359375,0.1456
1.11956214905, -0.0015234375,0.1296
1.12162804604, 0.00140625,0.0296
1.12369704247, -0.0025,0.0256
1.12576198578, -0.0034765625,-0.8664
1.12783098221, -0.00591796875,0.1376
1.12996411324, -0.0025,0.0976
1.13204407692, -0.001279296875,0.1856
1.13410806656, 0.002138671875,-0.8704
1.13617610931, 0.008486328125,0.0776
1.13823699951, -0.002744140625,0.0736
1.14030814171, -0.004453125,0.1776
1.14237308502, -0.00396484375,0.1576
1.14444112778, 0.00384765625,0.1856
1.14650511742, 0.003115234375,0.1376
1.14857506752, -5.859375e-05,0.1096
1.15065097809, 0.00482421875,0.1296
1.15272116661, -0.004697265625,0.1016
1.15478610992, 0.001650390625,0.1256
1.15684604645, -0.002744140625,0.0736
1.15891599655, -5.859375e-05,0.1856
1.16099119186, 0.000185546875,0.1576
1.16306018829, -0.003720703125,0.1856
1.16512513161, 0.003603515625,0.1896
1.16719508171, 0.00140625,-0.8744
1.16926407814, -0.00201171875,0.0336
1.17133307457, 0.009951171875,0.0656
1.17340302467, -0.0015234375,0.0936
1.17547011375, 0.005068359375,0.0776
1.17754197121, -0.0015234375,0.0776
1.17960810661, -0.00103515625,0.1016
1.18167614937, -0.000791015625,0.0176
1.18374013901, -0.00640625,0.1456
1.18581104279, 0.00384765625,0.0896
1.18787717819, -0.001279296875,0.0736
1.18995118141, -0.00298828125,0.0616
1.19202113152, -0.01470703125,0.0976
1.19408512115, -0.002255859375,0.0856
1.19615197182, -0.00201171875,0.1096
1.19821500778, 0.006533203125,0.1056
1.20031309128, 0.000185546875,-0.0224
1.20237708092, -0.017392578125,0.0736
1.20444417, 0.002138671875,0.0736
1.20651197433, -0.002255859375,-0.8744
1.20858097076, 0.0023828125,0.0416
1.21070408821, 0.00140625,0.0816
1.21277618408, 0.0023828125,0.0376
1.2148411274, -0.0015234375,0.0176
1.2169110775, -0.000302734375,0.0096
1.21897697449, -0.002255859375,0.0536
1.22105002403, -0.005185546875,-0.0104
1.22311306, -0.010068359375,-0.0264
1.22518420219, -0.02056640625,-0.0504
1.22724914551, 0.000185546875,0.0416
1.22932100296, -0.00201171875,-0.0184
1.23138904572, -0.00298828125,0.0936
1.23345518112, -0.003720703125,-0.0544
1.23552203178, 0.0053125,-0.0264
1.23758506775, 0.00091796875,0.0656
1.23969817162, 0.00287109375,0.0256
1.24176311493, 0.002138671875,-0.0944
1.24382901192, 0.00091796875,0.0096
1.24589800835, 0.001650390625,0.0336
1.24796199799, -0.000546875,-0.0584
1.25003504753, -0.000791015625,-0.0304
1.25210118294, -0.019833984375,0.0096
1.25417304039, -0.00298828125,-0.0504
1.25623703003, -0.000546875,-0.0064
1.25830602646, -0.003232421875,-0.0064
1.26037216187, -0.000546875,-0.0064
1.26244306564, 0.00189453125,-0.0184
1.2645111084, 0.000673828125,-0.0464
1.26658201218, 0.001162109375,0.0376
1.26865315437, -0.004453125,-0.0984
1.27072715759, -0.004453125,-0.0904
1.27279806137, 0.002138671875,0.0056
1.27486300468, 0.00140625,0.0016
1.27693009377, -0.000546875,0.0256
1.27899003029, 0.010439453125,0.0256
1.28106117249, 0.008974609375,0.0136
1.2831261158, -0.00640625,-0.1304
1.28519511223, -0.0025,-0.0064
1.28725910187, 0.007998046875,0.0736
1.28933000565, 0.00287109375,0.0736
1.29140114784, -0.002744140625,-0.0464
1.29346704483, 0.003603515625,-0.0624
1.29553699493, -0.0015234375,-0.0664
1.29760098457, -0.00494140625,0.0056
1.29975318909, -0.00396484375,-0.0504
1.30182313919, -5.859375e-05,0.0416
1.30389618874, -0.00640625,0.0216
1.30596113205, 0.00091796875,-0.0424
1.30803108215, 0.0004296875,-0.0504
1.31010103226, -0.002255859375,-0.0664
1.31217217445, -0.003232421875,0.0056
1.314234972, -0.003232421875,-0.0104
1.31630516052, -0.00201171875,-0.1064
1.31836414337, 0.003115234375,-0.0424
1.32043409348, -0.000302734375,-0.0384
1.32249498367, 0.00140625,-0.0624
1.32456302643, 0.0023828125,-0.1184
1.32663011551, 0.0023828125,-0.0104
1.32870006561, 0.00189453125,-0.0184
1.33077096939, -0.004208984375,0.0056
1.33283519745, -0.003232421875,-0.0784
1.33490610123, -0.000546875,-0.1464
1.33697199821, 0.0043359375,-0.1104
1.33904504776, 0.00140625,0.0096
1.34111213684, -0.002744140625,-0.0464
1.34318208694, 0.00580078125,-0.1304
1.34524416924, -0.000546875,-0.0864
1.34731411934, -0.000791015625,-0.0024
1.34938216209, -0.0015234375,-0.0464
1.35145115852, -0.00396484375,-0.0784
1.35351920128, -0.004697265625,0.0256
1.35558509827, -0.0025,-0.1184
1.35765314102, -0.002744140625,-0.0584
1.35980606079, -0.0015234375,-0.0024
1.36189198494, -0.004208984375,-0.0904
1.36395907402, 0.0004296875,-0.0624
1.3660299778, 0.00580078125,-0.0624
1.3680961132, 0.000673828125,-0.0384
1.37023019791, -0.001767578125,-0.0184
1.37229919434, -0.001279296875,0.0136
1.37436199188, -0.002255859375,-0.0264
1.3764321804, -0.00298828125,-0.0184
1.37849617004, -0.00640625,0.0096
1.38056898117, -0.00396484375,-0.0704
1.38263511658, -0.002255859375,-0.0024
1.38470602036, -0.002744140625,0.0016
1.38677716255, -0.001279296875,-0.0104
1.38884210587, -0.000302734375,-0.0624
1.39091515541, -0.000791015625,-0.0344
1.39298009872, 0.00091796875,0.0336
1.39505314827, 0.00140625,-0.0064
1.39711713791, -0.00201171875,0.0256
1.39923501015, -0.00103515625,-0.0384
1.40133714676, -0.0015234375,0.0296
1.40340709686, -0.00640625,0.0256
1.4054710865, 0.000673828125,0.1296
1.40754199028, -0.000546875,-0.0144
1.40960812569, 0.000185546875,-0.0024
1.41167902946, 0.001162109375,0.1096
1.41374015808, -0.000791015625,1.1696
1.41580605507, 0.004580078125,-0.0024
1.41786813736, -0.004453125,-0.0384
1.41993904114, 0.009951171875,0.0416
1.42200398445, 0.001650390625,0.1616
1.42407608032, 0.002138671875,0.0936
1.4261469841, -0.001279296875,1.1496
1.42821216583, -0.007138671875,0.1256
1.43028402328, -0.00103515625,0.0656
1.43235015869, -0.0015234375,0.0616
1.4344201088, -0.008115234375,0.1016
1.43648815155, -0.001767578125,1.1496
1.43855404854, -0.000791015625,0.1296
1.44062399864, 0.0101953125,-0.8624
1.44269514084, -0.004208984375,0.0696
1.44476008415, -0.000791015625,0.1376
1.44682812691, -0.0015234375,0.0736
1.44889712334, 0.0043359375,0.0776
1.45096802711, -0.0015234375,0.0816
1.45303606987, -0.015927734375,0.1176
1.45510005951, -0.002255859375,0.0616
1.45716714859, -0.004697265625,0.0536
1.4592320919, -0.00201171875,0.1776
1.46130013466, -0.00982421875,0.1376
1.46336507797, 0.00189453125,-0.8704
1.46543598175, -0.0093359375,0.1776
1.46750307083, -0.0025,0.1576
1.46957397461, -0.020322265625,0.1656
1.47164106369, -0.010556640625,0.1296
1.47370910645, -0.00103515625,0.0736
1.47577810287, 0.002138671875,0.0656
1.47784519196, 0.0043359375,0.1456
1.47991919518, 0.0004296875,0.1136
1.4819881916, -0.0025,0.0856
1.48405504227, -0.007138671875,0.1056
1.48611807823, 0.000673828125,-0.8664
1.48818302155, -0.000791015625,1.1536
1.49024820328, 0.007021484375,0.1656
1.49231719971, -0.00103515625,0.0696
1.49438405037, -0.003232421875,0.1976
1.49645113945, 0.002138671875,0.1576
1.49852514267, -0.00201171875,0.1416
1.50059318542, -0.004697265625,0.1256
1.50268912315, -0.00201171875,0.0256
1.50475311279, -0.0034765625,-0.8584
1.5068230629, -0.000791015625,0.1096
1.508893013, 0.00287109375,0.1056
1.51096320152, 0.0004296875,0.0456
1.51303219795, 0.00189453125,0.0496
1.51510500908, 0.005556640625,0.0456
1.51717400551, 0.001650390625,0.0336
1.51924109459, -0.000302734375,-0.8584
1.52131319046, -0.0015234375,0.0856
1.52338004112, -0.001767578125,0.0696
1.52544403076, 0.000673828125,0.0376
1.52750706673, -0.00396484375,0.1056
1.52957606316, 0.003115234375,0.0136
1.53164720535, 0.0004296875,0.0896
1.53371906281, 0.001162109375,-0.0504
1.53578901291, -0.0015234375,0.0296
1.53785514832, 0.00091796875,0.0536
1.53992819786, 0.002138671875,0.0816
1.5419921875, 0.00189453125,0.0376
1.54406118393, -0.0015234375,0.0776
1.54612517357, -0.001767578125,0.0816
1.54819417, 0.00580078125,0.0496
1.55026197433, 0.001650390625,0.0016
1.55233216286, -0.004453125,0.0056
1.55440115929, -0.00689453125,0.0736
1.55646514893, -0.002744140625,0.0176
1.55853414536, -0.000302734375,0.0456
1.56060004234, 0.003115234375,-0.0664
1.56266617775, 0.001162109375,0.1016
1.56472396851, -0.00103515625,-0.1104
1.56679010391, 0.001650390625,0.0816
1.56884908676, 0.000673828125,-0.0024
1.57091808319, -0.002744140625,0.0536
1.57297897339, 0.0023828125,-0.0224
1.57850313187, 0.000673828125,-0.0104
1.58057498932, -0.000546875,0.0016
1.58263111115, -5.859375e-05,-0.0824
1.58469414711, 0.001650390625,-0.0424
1.5867421627, -0.001279296875,-0.0664
1.58879613876, -0.004453125,-0.0264
1.59085607529, 0.003603515625,-0.0384
1.59291219711, 0.001650390625,0.0056
1.5951089859, -0.004697265625,-0.0424
1.59716916084, -0.000791015625,-0.0944
1.59925699234, -0.0025,0.0296
1.60131406784, 0.001162109375,-0.0504
1.60340809822, -0.00201171875,0.0296
1.60546016693, 0.001650390625,-0.0864
1.60751318932, -0.002744140625,-0.1384
1.60957312584, -0.000546875,-0.0224
1.61165118217, -0.000791015625,-0.0864
1.61371803284, 0.0043359375,-0.0144
1.61579203606, 0.001650390625,-0.1264
1.61785411835, -0.001279296875,-0.1104
1.6199259758, -0.004208984375,-0.1144
1.62198901176, 0.000185546875,-0.0984
1.62406110764, 0.003603515625,-0.1224
1.62612700462, 0.003115234375,0.0016
1.62819504738, 0.007509765625,-0.1184
1.63026213646, -0.000302734375,-0.1264
1.63233113289, -0.004208984375,0.0016
1.63440203667, -0.003720703125,-0.0824
1.63646912575, -0.000791015625,-0.1144
1.6385409832, 0.0004296875,-0.0824
1.64060616493, -0.00103515625,-0.0624
1.64267706871, -0.001279296875,-0.0544
1.64474105835, -0.001279296875,0.0016
1.6468091011, -0.001279296875,-0.1744
1.64887499809, -0.00396484375,-0.0264
1.65094614029, -0.000791015625,-0.0224
1.65301513672, 0.00140625,-0.0304
1.65508508682, -0.00494140625,-0.1944
1.6571559906, 0.00091796875,-0.0184
1.65922904015, -0.005673828125,-0.1264
1.66130208969, -0.01861328125,-0.1304
1.66336607933, -0.00298828125,-0.1064
1.66543197632, -0.004208984375,-0.0944
1.66749000549, -0.002744140625,-0.1344
1.66956520081, -0.0034765625,-0.0344
1.67163014412, 0.002138671875,-0.1024
1.67369914055, 0.00580078125,-0.0544
1.67576909065, 0.00189453125,-0.1384
1.67783498764, 0.003603515625,-0.1224
1.67990708351, 0.000185546875,-0.1064
1.6819729805, -0.000791015625,-0.2304
1.6840441227, -0.0015234375,-0.1224
1.68610906601, -0.002255859375,-0.0824
1.68817996979, -0.00201171875,-0.1104
1.69026017189, -0.003720703125,-0.0864
1.69233012199, 0.000185546875,-0.1864
1.6944000721, 0.00091796875,-0.1064
1.69646716118, 0.00921875,-0.0664
1.69853806496, 0.002626953125,-0.0984
1.70060420036, 0.000185546875,-0.0704
1.70267415047, -0.003720703125,0.0016
1.70473718643, 0.00482421875,-0.0424
1.70680308342, -0.00103515625,-0.1304
1.70886397362, -0.00396484375,-0.0344
1.71093416214, -5.859375e-05,-0.1344
1.71300411224, -0.0054296875,-0.0744
1.71507501602, -0.003720703125,-0.0544
1.71714615822, -0.007138671875,-0.1144
1.71921801567, -0.00396484375,-0.0024
1.72128820419, 0.010439453125,-0.1064
1.72335314751, 0.00091796875,0.0296
1.72542405128, -0.00494140625,-0.0184
1.72748804092, -0.000546875,-0.0584
1.7295601368, -0.000302734375,-0.0344
1.73162508011, -0.000302734375,0.1096
1.73369598389, -0.000302734375,0.0096
1.73576307297, 0.0004296875,-0.0224
1.73783302307, 0.001650390625,-0.0384
1.73990416527, -0.003232421875,0.0136
1.74196720123, 0.00091796875,-0.0464
1.74403214455, -0.007626953125,0.1056
1.74609518051, -0.005185546875,0.0056
1.74816417694, -0.000791015625,-0.0224
1.75023603439, -0.004208984375,0.0656
1.75230717659, -0.00689453125,0.0336
1.7543721199, -0.019833984375,-0.0304
1.75644207001, 0.000185546875,0.1016
1.75851106644, -0.003232421875,0.0496
1.7606420517, -0.001767578125,-0.0144
1.7627120018, -0.006650390625,0.0936
1.76478219032, 0.0004296875,-0.0584
1.76684904099, -0.000302734375,0.0616
1.76892113686, 0.00091796875,0.1496
1.77098917961, -0.009091796875,-0.0424
1.77305698395, 0.004091796875,0.0856
1.77512216568, -0.001279296875,0.0736
1.77719402313, -0.002744140625,-0.0184
1.77926802635, -0.000546875,0.0096
1.78134298325, -0.01421875,-0.0024
1.783411026, 0.001650390625,0.0656
1.78547310829, -0.0015234375,0.0536
1.78754210472, 0.006044921875,0.1096
1.78960514069, 0.001162109375,0.0536
1.79167604446, 0.003359375,0.1296
1.79374098778, -0.002744140625,1.1696
1.79581308365, -0.0034765625,0.1776
1.79788017273, -0.004453125,0.0576
1.79995203018, -0.005185546875,0.0976
1.80202198029, -0.000791015625,0.1096
1.80412197113, -0.003720703125,0.1576
1.80619311333, 0.004580078125,0.0896
1.80826020241, -0.016416015625,0.0896
1.81033420563, -0.000302734375,0.1216
1.81240200996, 0.00091796875,0.1296
1.81447005272, -0.002255859375,0.0856
1.81654000282, -0.001279296875,0.2336
1.81860208511, -0.00103515625,1.1536
1.82083201408, -0.00640625,0.0416
1.82291197777, -0.00396484375,-0.8744
1.82497620583, 0.00189453125,0.1896
1.82704901695, -0.017392578125,0.0856
1.82911205292, 0.0023828125,0.1656
1.8312330246, 0.002138671875,0.0576
1.83330202103, 0.001650390625,0.1976
1.83536505699, 0.000185546875,0.1336
1.83743309975, 0.0004296875,0.2176
1.83950018883, 0.0062890625,0.0896
1.84156608582, 0.005068359375,0.0776
1.84362912178, -0.0015234375,0.1816
1.84569716454, -0.004208984375,0.1376
1.84776306152, -0.004453125,0.1896
1.84984016418, 0.00140625,0.0976
1.8519141674, -0.003720703125,0.2176
1.85398006439, 0.001650390625,1.1416
1.85604810715, -0.003720703125,0.0976
1.85810899734, 0.00091796875,0.1816
1.86022996902, -0.000791015625,1.1536
1.86230015755, 0.00189453125,0.1376
1.86436510086, 0.000673828125,0.1736
1.86643505096, -0.001279296875,0.0776
1.86850118637, 0.005068359375,0.1216
1.8705739975, -0.000791015625,0.1016
1.87264513969, 0.00140625,0.1656
1.87470817566, -0.001767578125,0.1096
1.87677717209, -0.003720703125,0.0696
1.87884116173, -0.006162109375,0.0936
1.88091111183, -0.002255859375,0.0936
1.88297104836, 0.004580078125,0.0456
1.88503813744, -0.00201171875,0.0976
1.88709902763, -0.00201171875,0.0096
1.88922214508, 0.001162109375,0.1136
1.8912961483, -0.001767578125,0.1176
1.8933570385, -0.0034765625,1.1656
1.89542508125, -0.003232421875,0.0496
1.89749002457, -0.002744140625,0.0376
1.89956307411, -0.004208984375,0.0896
1.90162801743, -0.003720703125,0.0576
1.90372300148, -0.005185546875,0.1416
1.90579414368, -0.003720703125,0.0576
1.90785813332, -0.00103515625,0.0056
1.90992999077, 0.00091796875,0.0736
1.91199803352, -0.004697265625,0.0816
1.91406607628, 0.003359375,0.0776
1.91613197327, -0.004208984375,0.0456
1.91820001602, -0.007626953125,0.0656
1.92027497292, -0.016416015625,0.0536
1.92234015465, 0.00140625,0.1056
1.92440509796, 0.000185546875,0.0936
1.92646503448, -0.002744140625,0.0536
1.9285299778, -0.001767578125,0.0976
1.93059515953, 0.002626953125,-0.0464
1.93266415596, 0.003603515625,0.0376
1.93473005295, -0.001767578125,0.0416
1.93679904938, -0.000302734375,0.0336
1.93886113167, 0.0053125,0.0536
1.94093108177, 0.004580078125,0.0176
1.94299602509, -0.00201171875,0.0976
1.94506502151, -0.0151953125,0.0536
1.94713115692, -0.0034765625,-0.0384
1.94920802116, 0.000673828125,0.0856
1.95128011703, -0.005185546875,-0.0184
1.95334506035, -0.000546875,0.0056
1.95541810989, -0.000546875,0.0296
1.95748019218, -0.000302734375,0.0616
1.95954918861, 0.0043359375,-0.0144
1.96161007881, 0.0004296875,-0.0664
1.96367907524, 0.001650390625,-0.0624
1.96574497223, -0.00884765625,0.0056
1.96781516075, 0.0043359375,0.0256
1.96988415718, -0.00201171875,0.0896
1.97195315361, -0.00201171875,-0.0824
1.97402310371, -0.00201171875,0.0576
1.97608709335, 0.000673828125,-0.0824
1.97815799713, -0.00689453125,-0.0984
1.980230093, -0.000546875,-0.1224
1.98230004311, 0.003115234375,-0.0584
1.9843621254, 0.004580078125,-0.0984
1.98643112183, 0.001162109375,-0.0784
1.98849916458, -0.006162109375,-0.1664
1.99057197571, 0.00287109375,-0.0864
1.99264216423, -0.00494140625,-0.0104
1.9947052002, 0.010439453125,-0.1264
1.99677300453, -0.00298828125,-0.0864
1.99884009361, 0.005068359375,-0.0584
2.00090813637, 0.000185546875,-0.0624
2.00320410728, -0.006650390625,-0.0904
2.00530314445, -0.00103515625,-0.0984
2.00738406181, -0.0025,-0.1624
2.00946116447, 0.007998046875,0.0176
2.01153707504, 0.007509765625,-0.2944
2.01360106468, -0.01373046875,-0.0944
2.0156750679, -0.0259375,1.1576
2.0177590847, 0.019228515625,-0.1464
2.01983213425, 0.00677734375,-0.1544
2.02191209793, -0.03423828125,0.0056
2.02398109436, 0.007021484375,-0.1424
2.02605414391, 0.0199609375,-0.2584
2.02812314034, 0.00873046875,-0.0064
2.03025698662, -0.004208984375,0.0056
2.03233504295, 0.015810546875,-0.1344
2.03441309929, -0.002255859375,-0.0704
2.03648209572, -0.014462890625,-0.0944
2.03856110573, 0.0023828125,-0.0664
2.04064512253, 0.007021484375,-0.1344
2.042730093, -0.00103515625,-0.0344
2.04481220245, -0.00640625,-0.1344
2.04688501358, -0.0151953125,0.0936
2.04895710945, -5.859375e-05,-0.2224
2.05113315582, 0.00384765625,-0.0504
2.05321717262, -0.013974609375,0.0216
2.05530309677, -0.000791015625,0.1936
2.05738306046, 0.000185546875,-0.1144
2.05945897102, -0.003720703125,0.0976
2.06153512001, 0.009462890625,-0.0984
2.06360697746, 0.008974609375,0.0576
2.06567811966, 0.002138671875,-0.0984
2.06774806976, -0.002744140625,0.0336
2.06982111931, -0.019345703125,-0.0024
2.07190299034, 0.00677734375,-0.0344
2.07397603989, 0.00580078125,-0.1744
2.07605099678, 0.004091796875,0.1056
2.07812905312, -0.007138671875,0.1096
2.08026599884, 0.007998046875,0.0696
2.08233809471, 0.006044921875,-0.1064
2.08441901207, -0.0151953125,0.2656
2.08648610115, -0.0151953125,1.1456
2.08855700493, 0.007265625,0.2096
2.0906291008, 0.0023828125,-0.0744
2.09270310402, -0.00298828125,0.0376
2.09478020668, 0.010439453125,-0.8664
2.09685897827, -0.016416015625,0.2296
2.09894108772, 0.002626953125,0.0776
2.10101699829, 0.025576171875,0.1816
2.10310506821, -0.0054296875,0.0136
2.10518598557, -0.009091796875,0.2736
2.10725617409, 0.01263671875,0.0176
2.1093351841, -0.020078125,-0.7584
2.11141514778, -0.0025,0.1816
2.11348700523, 0.0062890625,-0.1504
2.11556315422, 0.0414453125,-0.7984
2.11764001846, -0.03375,0.0696
2.11972498894, -0.03033203125,0.6376
2.12179899216, -0.01470703125,1.1176
2.12387299538, 0.011904296875,0.2656
2.1259469986, -0.000791015625,0.0256
2.12801909447, 0.005068359375,0.2256
2.13009309769, 0.00580078125,0.2416
2.13216900826, -0.0171484375,0.5576
2.13424897194, -0.005185546875,1.0136
2.13632416725, 0.030458984375,-0.8304
2.13839912415, -0.014951171875,0.2456
2.1404709816, -0.031552734375,0.7376
2.14254307747, 0.03412109375,-0.2024
2.14460897446, 0.019228515625,0.0296
2.14668107033, -0.0386328125,0.7336
2.14874815941, -0.01861328125,0.3736
2.15082406998, 0.052919921875,0.1776
2.15290808678, 0.021181640625,0.1536
2.15497398376, -0.02154296875,-0.8664
2.15704607964, -0.00787109375,0.6856
2.15911507607, 0.008974609375,0.2256
2.16123914719, -0.0347265625,0.5176
2.16332101822, 0.056337890625,0.9816
2.16539502144, 0.011171875,0.0536
2.16747713089, -0.078671875,0.9496
2.1695561409, -0.02984375,0.5576
2.17163205147, 0.04388671875,-0.1424
2.17370700836, 0.032900390625,0.3336
2.17578005791, -0.0601171875,0.5656
2.17785310745, 0.001650390625,0.1736
2.17993712425, 0.01654296875,0.0536
2.18200802803, -0.023984375,0.6136
2.18408417702, -0.012998046875,0.5976
2.18616199493, 0.021181640625,0.2056
2.18823313713, 0.026064453125,-0.1224
2.19031906128, -0.01275390625,-0.8064
2.19239997864, -0.033994140625,0.8336
2.1944770813, -0.012265625,0.5016
2.19655013084, 0.01654296875,-0.1184
2.19861316681, 0.003359375,-0.8424
2.20073699951, 0.012880859375,0.3976
2.20281100273, -0.022275390625,0.8336
2.20487618446, 0.008974609375,0.2136
2.20695018768, 0.014345703125,0.1216
2.20902299881, 0.04291015625,0.4576
2.21109604836, -0.02154296875,-0.0104
2.21317100525, -0.030576171875,0.7536
2.215239048, -0.038876953125,0.6016
2.21732020378, 0.0687890625,0.2776
2.21940016747, 0.06244140625,-0.7104
2.22147202492, -0.098203125,1.1296
2.2235481739, -0.04693359375,0.6616
2.22561502457, 0.059267578125,0.5736
2.22768712044, 0.01068359375,-0.5744
2.22976899147, -0.02203125,-0.5944
2.23184108734, 0.04486328125,0.8176
2.23391604424, 0.0375390625,0.0736
2.23599100113, -0.06353515625,0.7176
2.23807120323, -0.020078125,0.9416
2.2401971817, 0.07708984375,0.4976
2.2422721386, -0.0112890625,0.5016
2.2443420887, -0.078671875,0.0616
2.24641609192, 0.0209375,0.5616
2.24849200249, 0.09955078125,-0.4544
2.25056910515, -0.0562109375,0.2616
2.25264310837, -0.106015625,0.5616
2.2547211647, 0.0941796875,-0.4104
2.25679206848, 0.0473046875,-0.5864
2.25887417793, -0.16900390625,0.2456
2.26094818115, 0.014833984375,2.0456
2.26302909851, 0.127626953125,-0.8424
2.26510500908, -0.016416015625,-0.7664
2.2671790123, -0.067685546875,0.6976
2.26925516129, -0.0073828125,0.9936
2.2713329792, 0.02142578125,0.4056
2.27340698242, 0.022646484375,-0.4624
2.27547717094, 0.0512109375,0.0536
2.2775490284, -0.058896484375,0.9816
2.27962398529, -0.074521484375,2.0336
2.2817029953, 0.07513671875,-0.5944
2.28384113312, -0.02935546875,-0.8704
2.28592300415, -0.083310546875,1.1096
2.28800320625, 0.088076171875,0.7696
2.29007816315, 0.033876953125,-0.3344
2.29215312004, -0.069638671875,0.8856
2.29422807693, 0.007265625,-0.3384
2.29630804062, 0.0805078125,0.0776
2.29837608337, -0.0874609375,0.1776
2.30045413971, 0.03998046875,-0.6264
2.30254006386, 0.08392578125,-0.1504
2.30461001396, -0.051083984375,0.5616
2.30671000481, -0.041806640625,0.6136
2.30879116058, 0.038759765625,0.2416
2.3108689785, 0.037783203125,0.0816
2.31294202805, -0.0259375,1.1056
2.31501317024, -0.0464453125,0.7216
2.31708097458, 0.034609375,0.2176
2.31921505928, 0.03314453125,0.0056
2.32129001617, -0.03765625,0.4416
2.3233602047, 0.0101953125,0.4136
2.32543110847, 0.049990234375,-0.4624
2.32750415802, 0.014345703125,-0.7864
2.32958197594, -0.06255859375,0.1736
2.33165717125, 0.0746484375,-1.0304
2.3337290287, -0.026181640625,1.1376
2.3358039856, 0.01947265625,-0.7544
2.33787512779, 0.0209375,-1.4264
2.33995103836, -0.011044921875,0.2776
2.34202599525, 0.005068359375,-0.5024
2.34409809113, -0.044248046875,0.8056
2.34617805481, 0.060244140625,-0.6144
2.34824919701, -0.043515625,-0.8384
2.35033011436, -0.0249609375,0.3456
2.3524081707, 0.031923828125,-0.0944
2.35448002815, -0.037412109375,0.8456
2.35655498505, 0.025087890625,-0.6984
2.35863018036, -0.0025,0.3216
2.36084413528, 0.0336328125,0.0816
2.36293005943, -0.03423828125,-0.7504
2.36500000954, -0.00103515625,-0.6184
2.36707210541, 0.025087890625,-0.7064
2.36919999123, 0.04486328125,-1.6864
2.37127804756, 0.0375390625,-1.6744
2.37335014343, -0.055966796875,1.1136
2.37542510033, -0.02349609375,-0.1744
2.3774971962, 0.010927734375,0.2256
2.37957811356, -0.000302734375,-1.6504
2.3816511631, -0.0269140625,-0.6744
2.38371801376, 0.011171875,-0.8424
2.38579106331, -0.076962890625,1.1096
2.38786101341, 0.012392578125,0.6056
2.38993310928, -0.01177734375,0.0696
2.3919980526, 0.02337890625,-0.3944
2.39406919479, 0.03021484375,-1.8384
2.39614415169, -0.0308203125,0.1856
2.39821815491, -0.051572265625,0.0736
2.40029811859, 0.0365625,-0.7984
2.40236616135, 0.108095703125,-1.3584
2.40444016457, -0.00103515625,-0.1304
2.406509161, -0.078671875,-0.1344
2.40858197212, 0.040224609375,0.2016
2.41072010994, 0.005068359375,-1.3184
2.41280007362, 0.02435546875,-0.2304
2.41486811638, 0.003603515625,-1.6944
2.41694307327, -0.102109375,1.5696
2.41901898384, 0.02435546875,-0.6464
2.42109107971, -0.039853515625,0.5256
2.42316913605, 0.062197265625,-0.2304
2.42524504662, 0.0160546875,-1.2144
2.4273211956, -0.08111328125,0.7256
2.42939805984, -0.013486328125,-0.3424
2.43147397041, 0.0707421875,-0.7024
2.43355417252, 0.028994140625,-0.9864
2.43562412262, -0.053525390625,-0.1224
2.43769907951, -0.0025,0.2416
2.43977308273, -0.00689453125,-0.2544
2.44184207916, 0.05462890625,-0.0864
2.44391918182, 0.054873046875,-1.0984
2.44599819183, -0.088193359375,0.6256
2.44807219505, -0.03228515625,-0.0504
2.45020103455, -0.022275390625,0.1336
2.45227599144, 0.0980859375,-1.5304
2.45434498787, 0.021669921875,-1.4904
2.45642209053, -0.09087890625,0.8856
2.45849013329, -0.006650390625,-0.1344
2.46056509018, 0.0824609375,-0.3864
2.4626390934, 0.012880859375,-0.9304
2.46471905708, -0.026669921875,0.0256
2.466807127, -0.039365234375,0.5656
2.46888208389, -0.012021484375,0.4696
2.47095608711, 0.076357421875,-0.0024
2.47304105759, -0.018369140625,-0.7104
2.47511315346, -0.048154296875,1.0016
2.47719407082, -0.086728515625,0.7456
2.47927498817, 0.08490234375,0.0256
2.48134899139, 0.10736328125,-2.6304
2.4834291935, -0.101865234375,1.0696
2.48550105095, -0.0728125,0.9696
2.48757314682, 0.09515625,0.0136
2.48970198631, 0.04681640625,-0.0704
2.49178218842, -0.005185546875,-0.3784
2.49384498596, -0.05767578125,0.3696
2.49591803551, -0.03765625,0.6056
2.49798202515, 0.066103515625,-0.8344
2.50005602837, -0.0112890625,0.8736
2.50212216377, -0.02349609375,1.1296
2.50419616699, -0.115537109375,0.5176
2.50627398491, 0.056337890625,0.3496
2.50834298134, 0.133486328125,-2.6704
2.51041698456, -0.098447265625,1.1416
2.51248407364, -0.0972265625,0.4496
2.51455807686, 0.11712890625,0.3256
2.5167131424, 0.013125,-0.2024
2.51879715919, 0.0433984375,-0.3544
2.52086997032, -0.111142578125,0.9376
2.52294898033, -0.02056640625,1.6416
2.52502703667, 0.093935546875,-0.5824
2.52709507942, -0.0230078125,1.2936
2.52922010422, -0.025205078125,-0.1584
2.53129506111, -0.179013671875,2.6896
2.53337097168, 0.17279296875,-0.3384
2.53544998169, 0.0551171875,-1.2384
2.53752303123, -0.1382421875,1.2816
2.53960299492, -0.037412109375,0.3576
2.54167914391, 0.087099609375,1.2176
2.54375004768, 0.025087890625,-0.1224
2.54582214355, 0.011416015625,-0.6904
2.54790401459, -0.16412109375,1.8896
2.54998111725, 0.098818359375,0.6536
2.55205416679, 0.07220703125,1.1656
2.55413007736, -0.047421875,1.4096
2.55620098114, -0.10796875,1.0776
2.55827212334, -0.04791015625,3.0896
2.56034398079, 0.16986328125,-2.1704
2.56242108345, -0.094296875,0.7456
2.56449699402, -0.1148046875,0.3256
2.56657505035, 0.109560546875,1.0216
2.5686609745, 0.015322265625,2.0296
2.57073998451, 0.086611328125,-0.1984
2.57281112671, -0.219052734375,1.4296
2.57488107681, 0.052919921875,1.3336
2.57695913315, 0.12884765625,-0.5384
2.57903814316, -0.04107421875,2.8456
2.58112597466, -0.074765625,-0.7264
2.58319997787, -0.1265234375,2.8536
2.58527612686, 0.162783203125,-0.7304
2.58734416962, -0.03716796875,-0.7664
2.58941912651, -0.156552734375,2.6856
2.59148406982, 0.136171875,-0.2744
2.59356117249, -0.004453125,1.9216
2.59563302994, 0.138125,-0.6304
2.59770798683, -0.231748046875,1.6656
2.5997941494, 0.010927734375,1.7696
2.60186100006, 0.155947265625,-1.6704
2.60394215584, -0.0093359375,1.7896
2.60601711273, -0.102109375,0.6376
2.60809016228, -0.114560546875,2.7216
2.61022305489, 0.162783203125,-0.2344
2.61230516434, -0.00689453125,-0.2624
2.61437296867, -0.1304296875,2.6936
2.61644506454, 0.074892578125,-0.8624
2.61852502823, -0.008115234375,3.1216
2.62059402466, 0.15228515625,-0.6224
2.6226670742, -0.223203125,1.9296
2.62474918365, 0.018984375,1.3536
2.62682414055, 0.14154296875,-1.1384
2.62890601158, -0.01568359375,1.5856
2.63098716736, -0.148740234375,0.8696
2.63305997849, -0.029111328125,2.4576
2.63513016701, 0.14349609375,-1.8664
2.63720202446, -0.120419921875,0.3176
2.63927817345, -0.051328125,1.3616
2.64136600494, 0.0277734375,0.4096
2.64344596863, 0.112490234375,1.7616
2.64551997185, -0.010556640625,-0.0904
2.6475880146, -0.160458984375,2.2616
2.6497130394, 0.062685546875,-0.7464
2.65178799629, 0.090029296875,0.4696
2.6538541317, -0.056943359375,0.2456
2.65592813492, -0.144345703125,0.4896
2.65800118446, -0.001279296875,1.5376
2.66007709503, 0.226015625,-1.7104
2.66215205193, -0.153134765625,1.8336
2.66422820091, 0.084169921875,-1.8104
2.66631412506, -0.0347265625,2.0976
2.6683909893, 0.185,-0.8384
2.67046117783, -0.192685546875,1.1296
2.67253303528, -0.021787109375,3.1736
2.6746070385, 0.157900390625,-1.4824
2.67668819427, -0.009091796875,1.4056
2.67876601219, -0.13775390625,0.0576
2.68083620071, -0.027158203125,2.0536
2.68291115761, 0.14447265625,-1.2024
2.68498206139, 0.069765625,0.7256
2.68705320358, -0.137509765625,0.8976
2.68912601471, -0.007138671875,0.0576
2.69125914574, 0.143251953125,1.3056
2.69333314896, -0.099423828125,0.1256
2.69540905952, -0.096005859375,2.5496
2.69749212265, 0.133486328125,-1.6064
2.69957900047, 0.053408203125,0.4176
2.70166015625, -0.130185546875,1.1336
2.70373702049, -0.042294921875,1.8856
2.7058160305, 0.044619140625,-0.4464
2.70789599419, 0.176943359375,-1.5544
2.70996809006, -0.174619140625,1.8896
2.71205019951, 0.0473046875,-1.4744
2.7141289711, 0.1000390625,1.9376
2.71620202065, -0.04595703125,-0.8824
2.71827912331, -0.113583984375,1.5896
2.72034716606, 0.067568359375,-0.1224
2.72242307663, 0.08880859375,-0.4744
2.72448897362, -0.111142578125,0.3416
2.72655916214, -0.05181640625,-0.1464
2.72862911224, 0.021181640625,0.4776
2.73076701164, 0.190126953125,-1.5584
2.73283720016, -0.169736328125,1.6776
2.73491406441, 0.092470703125,-2.3304
2.73698019981, -0.01568359375,2.0736
2.73905420303, -0.036435546875,-1.3064
2.74112606049, -0.132626953125,1.4696
2.74320316315, 0.04974609375,1.1136
2.74528217316, 0.111025390625,-1.0904
2.74743318558, -0.125546875,0.4696
2.74951910973, -0.038876953125,-0.4344
2.75159811974, 0.018740234375,0.6336
2.75367712975, 0.184267578125,-2.7744
2.75574612617, -0.1675390625,1.2016
2.75781917572, 0.085390625,-2.4144
2.75990414619, -0.02447265625,1.2736
2.7619740963, -0.03521484375,-1.4704
2.76406311989, -0.12017578125,1.5696
2.76613807678, 0.05755859375,-0.1744
2.76821112633, 0.08734375,-0.9184
2.7702960968, -0.127744140625,1.5176
2.77237319946, -0.02935546875,-0.4944
2.77444815636, 0.048037109375,0.7376
2.77652406693, 0.137392578125,-1.7424
2.77859115601, -0.135068359375,1.5816
2.78072404861, 0.078798828125,-2.5384
2.78280305862, -0.0093359375,2.1296
2.78487610817, 0.0678125,-1.2064
2.78695011139, -0.10064453125,1.7496
2.78902602196, 0.122744140625,-0.2144
2.79110813141, 0.04046875,-0.3904
2.79318213463, -0.1441015625,0.2496
2.7952580452, -0.012021484375,1.0656
2.79732608795, 0.08734375,0.3456
2.79940605164, 0.08685546875,-1.2344
2.80148100853, -0.09771484375,0.8136
2.80356001854, 0.09759765625,-2.2504
2.80563902855, 0.0141015625,1.4456
2.80771303177, -0.03033203125,-0.7264
2.80978918076, -0.106015625,2.7216
2.81186008453, 0.0414453125,-1.2024
2.81394004822, -0.069638671875,-0.6824
2.81601500511, -0.141416015625,0.4256
2.81808114052, 0.015078125,0.2056
2.82020902634, 0.163271484375,-1.1344
2.82228899002, -0.034970703125,-0.3264
2.82435798645, -0.050107421875,0.1856
2.82643008232, 0.093203125,-1.0264
2.82850503922, 0.06048828125,1.7736
2.83058714867, -0.12310546875,-0.1144
2.83267402649, -0.096005859375,2.5576
2.83476114273, 0.15130859375,-1.8704
2.83684015274, -0.142392578125,1.7736
2.83891415596, -0.082822265625,-0.0544
2.84099197388, 0.022890625,1.4576
2.84307312965, 0.144716796875,-1.8824
2.84515309334, -0.109677734375,1.7056
2.84722805023, 0.047548828125,-1.1064
2.8493180275, 0.03509765625,-0.2224
2.85139012337, 0.039248046875,1.5496
2.85346317291, -0.1343359375,0.3656
2.85553503036, -0.045224609375,1.7096
2.85760402679, 0.270205078125,-2.4464
2.85972809792, -0.135068359375,2.1296
2.86179900169, -0.024716796875,1.0936
2.86386704445, 0.144228515625,0.8056
2.86594319344, 0.0316796875,-2.2824
2.86802411079, -0.11236328125,2.1616
2.8700940609, 0.098818359375,-1.4144
2.87217116356, 0.0521875,1.6616
2.87425112724, -0.076962890625,-0.6144
2.87632513046, -0.09478515625,1.6976
2.87839818001, 0.077333984375,0.3376
2.88047814369, 0.14837890625,-0.4144
2.88256406784, -0.16216796875,1.8136
2.88464212418, -0.02544921875,1.0056
2.88672018051, 0.13080078125,-0.2864
2.88879799843, -0.098935546875,0.3216
2.8908700943, 0.0101953125,0.8976
2.89294409752, 0.060732421875,-1.5624
2.89501810074, 0.04828125,1.4456
2.89708900452, -0.153623046875,0.7856
2.89925408363, -0.07427734375,2.3296
2.90133619308, 0.265810546875,-1.8584
2.90342402458, -0.0913671875,0.6416
2.9054980278, -0.14068359375,1.4776
2.90757417679, 0.03900390625,0.3056
2.90970110893, 0.1898828125,-2.4104
2.9117770195, -0.0913671875,2.0216
2.91384220123, 0.0990625,-0.9384
2.91591501236, 0.0531640625,0.4576
2.91798210144, -0.1011328125,0.2536
2.92006015778, -0.08794921875,1.5856
2.92212915421, 0.106875,2.0896
2.92420506477, 0.129580078125,-0.8184
2.92628312111, -0.16509765625,1.3896
2.92834806442, -0.049375,1.5376
2.93042206764, 0.149111328125,-1.8424
2.93249106407, 0.01068359375,0.0296
2.93456411362, -0.095517578125,0.2176
2.93663716316, 0.08880859375,-1.8384
2.93871212006, 0.009951171875,1.4216
2.94080114365, -0.133359375,1.0296
2.94286799431, -0.038388671875,3.5896
2.94493913651, 0.273623046875,-1.1984
2.94702005386, -0.13482421875,0.4176
2.94909000397, -0.115537109375,1.7056
2.95121502876, 0.046083984375,1.0336
2.95328998566, 0.15033203125,-2.6304
2.95535802841, -0.086484375,0.6856
2.95742917061, 0.0805078125,-2.3144
2.95951199532, 0.037783203125,0.5456
2.96159911156, -0.05083984375,1.5896
2.96367502213, -0.07037109375,1.7336
2.96574807167, 0.21869140625,0.3896
2.96782398224, 0.009462890625,-0.5904
2.96989703178, -0.133603515625,2.1736
2.97197604179, -0.035458984375,1.8736
2.97404718399, 0.179384765625,-1.7864
2.97611308098, -0.044736328125,1.0776
2.97826719284, 0.00140625,-0.9064
2.98034310341, 0.062685546875,-1.4304
2.98242712021, 0.024599609375,2.1456
2.9844930172, -0.1304296875,0.3736
2.98656511307, -0.04986328125,2.3096
2.98864102364, 0.161318359375,-1.6904
2.99077916145, -0.1509375,1.2896
2.99284315109, -0.091123046875,2.0296
2.99491810799, 0.13080078125,0.4536
2.99699497223, 0.037783203125,-1.4664
2.99906802177, -0.054990234375,0.2616
3.00114703178, 0.13421875,-2.0824
3.00321602821, 0.023134765625,0.5496
3.00528907776, -0.156552734375,0.6176
3.00736808777, -0.061826171875,2.5736
3.00944519043, 0.191103515625,-0.1864
3.01153302193, 0.04974609375,0.2376
3.01360702515, -0.12603515625,1.4496
3.01568603516, 0.056826171875,1.3776
3.01775407791, 0.11615234375,-2.8864
3.01982712746, -0.068662109375,0.6176
3.02190208435, 0.126650390625,-2.9064
3.02397108078, 0.018251953125,-0.4584
3.02604317665, -0.102841796875,1.8256
3.02813100815, -0.073544921875,1.4856
3.0302631855, 0.075625,0.4096
3.03233909607, 0.1820703125,-0.5224
3.03442311287, -0.133115234375,2.1456
3.03649115562, -0.106748046875,2.0736
3.03856706619, 0.14447265625,-1.7864
3.04065012932, -0.035947265625,-0.8184
3.04271602631, 0.07416015625,-1.3184
3.04479408264, 0.03216796875,-2.0904
3.04686808586, -0.061337890625,1.3936
3.04894304276, -0.112119140625,0.4016
3.05102515221, 0.022158203125,3.1336
3.05309104919, 0.273623046875,-1.8864
3.05516409874, -0.133115234375,1.2416
3.05723214149, -0.11041015625,1.8336
3.0593111515, 0.06,0.5376
3.06138706207, 0.110048828125,-1.7824
3.06346106529, -0.074765625,-0.0064
3.06553506851, 0.064150390625,-2.2064
3.06760597229, -0.008359375,0.2496
3.06973814964, -0.149228515625,0.8016
3.07181310654, -0.042294921875,3.0776
3.07388901711, 0.27435546875,2.1216
3.07934808731, -0.11431640625,1.7896
3.08141517639, 0.12884765625,-1.6744
3.08348917961, -0.060361328125,-0.8544
3.08555412292, 0.105166015625,-1.0544
3.0876121521, 0.0394921875,-1.7664
3.08973503113, -0.073056640625,2.0336
3.09179806709, -0.116025390625,0.6336
3.0938501358, 0.056826171875,1.3216
3.09590816498, 0.17474609375,-1.8224
3.09796619415, -0.118955078125,1.0456
3.10004019737, -0.116513671875,1.7736
3.10209202766, 0.11859375,0.4376
3.10415220261, 0.1078515625,-1.3184
3.10620498657, -0.0835546875,0.4896
3.10826301575, 0.115908203125,-2.0024
3.11034202576, 0.059755859375,1.1096
3.11241698265, -0.13287109375,0.7616
3.11448311806, -0.007626953125,1.4696
3.11655497551, 0.2367578125,-1.6064
3.11862611771, -0.121396484375,1.0976
3.12074613571, -0.128232421875,0.5176
3.12282204628, 0.056337890625,1.6696
3.12489414215, 0.14984375,-1.2464
3.12696218491, -0.09869140625,0.8776
3.12903618813, 0.1351953125,-2.5464
3.13111305237, 0.0453515625,-0.3424
3.13318920135, -0.122373046875,0.5776
3.13526415825, -0.112119140625,1.1816
3.13733696938, 0.136904296875,-0.3984
3.13941502571, -0.08990234375,0.8416
3.14148807526, -0.116513671875,0.2096
3.14357304573, 0.02826171875,2.1616
3.14565110207, 0.139833984375,-1.6144
3.14771699905, -0.08697265625,0.2096
3.14979910851, 0.115908203125,-1.1944
3.15187001228, 0.06341796875,-1.2184
3.15394306183, -0.092587890625,0.5416
3.15602302551, -0.12017578125,2.1056
3.15808916092, 0.100283203125,0.0136
3.16021609306, 0.112978515625,-0.7344
3.16229319572, -0.12408203125,0.9896
3.16435718536, 0.00287109375,1.7096
3.16643810272, 0.170595703125,-1.7904
3.1685090065, -0.080625,0.7376
3.17057704926, 0.08197265625,-1.7584
3.17264819145, 0.07611328125,-1.8664
3.17471504211, -0.061826171875,0.8776
3.17680215836, -0.117734375,1.8776
3.17887401581, 0.062685546875,0.6576
3.18095111847, 0.167177734375,-1.2664
3.18302297592, -0.124326171875,0.9696
3.18509602547, -0.1284765625,1.8776
3.18717718124, 0.104677734375,-0.0504
3.18925499916, 0.097353515625,0.1336
3.19133615494, 0.05462890625,-1.7224
3.19341611862, 0.048525390625,-2.3224
3.19549202919, -0.045224609375,1.0816
3.19756913185, -0.123837890625,0.5656
3.19970297813, 0.011171875,1.5736
3.20178103447, 0.17181640625,-1.3584
3.20385599136, -0.10552734375,1.0736
3.20593309402, -0.115537109375,2.0456
3.20801711082, 0.125185546875,1.1536
3.21009516716, 0.096376953125,-0.7504
3.21233010292, 0.045107421875,-0.1264
3.21441316605, 0.073427734375,-2.5744
3.21648907661, -0.057431640625,1.3936
3.21857404709, -0.1050390625,0.5496
3.22070717812, 0.035341796875,1.6936
3.22278404236, 0.20013671875,-1.3664
3.22485399246, -0.14166015625,1.2896
3.22692418098, -0.102353515625,1.9336
3.22899103165, 0.05853515625,0.9416
3.23107004166, 0.08294921875,0.0136
3.23314213753, -0.062314453125,-0.5344
3.23521018028, 0.022646484375,-2.6584
3.23728108406, -0.037900390625,0.2616
3.23935008049, -0.10943359375,1.5736
3.24142503738, -0.007138671875,1.3256
3.24349212646, 0.182314453125,-0.3744
3.24556207657, -0.087705078125,1.0976
3.24764418602, -0.1108984375,1.9856
3.24971818924, 0.098330078125,0.9656
3.25178909302, 0.085634765625,-1.3944
3.25386118889, -0.08697265625,1.1136
3.25593805313, 0.164248046875,-3.9184
3.25801515579, 0.0043359375,0.4056
3.26009202003, -0.11529296875,1.1296
3.26217007637, 0.019716796875,2.8896
3.26424908638, 0.20306640625,-1.1504
3.26632618904, -0.133115234375,0.2256
3.26839804649, -0.0874609375,1.5896
3.27046608925, 0.069033203125,1.5576
3.27253818512, 0.069033203125,-1.6984
3.2746090889, -0.051083984375,0.7896
3.27668213844, 0.12640625,-2.4304
3.2787501812, 0.017763671875,-0.1984
3.28082418442, -0.121884765625,0.2216
3.28289699554, -0.08794921875,2.3976
3.28496408463, 0.177919921875,-0.8744
3.28703403473, 0.031435546875,0.8576
3.28910303116, -0.11236328125,1.5336
3.29122805595, 0.0805078125,1.9616
3.29330205917, 0.102236328125,-1.0664
3.29537606239, -0.08990234375,0.8216
3.29744815826, 0.136171875,-2.5664
3.29952812195, 0.036318359375,-0.7344
3.30159807205, -0.094052734375,1.1856
3.30367207527, -0.09380859375,1.2496
3.3057410717, 0.16400390625,0.0816
3.30781316757, 0.036806640625,0.6696
3.30989313126, -0.091123046875,0.3736
3.31196117401, -0.078671875,1.4256
3.31403207779, 0.1312890625,-0.9464
3.31610918045, -0.08208984375,0.8296
3.3181810379, 0.123720703125,-1.4104
3.32026314735, 0.02923828125,-0.9664
3.32233500481, -0.09966796875,2.1456
3.32440900803, -0.096005859375,1.2856
3.32648706436, 0.17279296875,0.5976
3.32856202126, 0.040224609375,-0.5104
3.33064603806, -0.096982421875,1.1576
3.33271718025, -0.079892578125,1.5896
3.33478999138, 0.135927734375,-1.3704
3.33685302734, 0.02337890625,0.7056
3.33892512321, 0.0121484375,-1.1904
3.34099197388, 0.062197265625,-1.5384
3.3430621624, -0.097470703125,2.0896
3.3451461792, -0.09673828125,1.2976
3.34721708298, 0.1683984375,0.5696
3.34929800034, 0.032900390625,-0.7224
3.35136604309, -0.093564453125,0.9936
3.3534450531, -0.07916015625,1.7336
3.35552120209, 0.134462890625,0.0256
3.35758709908, 0.0316796875,0.4496
3.35970807076, 0.017275390625,-0.9744
3.36178302765, 0.044130859375,-1.8064
3.36384916306, -0.006650390625,1.0616
3.36592411995, -0.100888671875,1.2176
3.36800503731, 0.19134765625,1.0416
3.37007713318, 0.020693359375,-0.7784
3.37215399742, -0.08501953125,0.7816
3.37422013283, -0.067685546875,1.9136
3.3762960434, 0.139833984375,-0.3664
3.37836813927, 0.007265625,-0.2784
3.38044500351, 0.025087890625,-1.0304
3.38252210617, 0.087587890625,-2.2184
3.38458919525, -0.043515625,0.9656
3.3866610527, -0.12359375,1.2376
3.38873410225, 0.02044921875,2.1496
3.39082098007, 0.219912109375,-0.0784
3.39289307594, -0.100888671875,0.7416
3.39496517181, -0.09673828125,1.7416
3.39703798294, 0.11224609375,0.6336
3.39911699295, 0.036806640625,0.0656
3.401252985, 0.029482421875,-1.8984
3.40332508087, 0.047060546875,-1.1864
3.40540909767, -0.009580078125,0.8576
3.4074780941, -0.138974609375,1.4256
3.40956306458, 0.015322265625,1.5216
3.41163802147, 0.19671875,-0.6544
3.4137070179, -0.068662109375,0.5016
3.41578698158, -0.140439453125,1.9936
3.4178621769, 0.102236328125,-0.1904
3.41993808746, 0.0043359375,-0.5624
3.42201209068, 0.0453515625,-0.5104
3.42408204079, 0.080263671875,-2.5624
3.42615509033, -0.0601171875,1.3176
3.42822813988, -0.105771484375,2.1176
3.43030905724, 0.046328125,1.8496
3.43238210678, 0.18744140625,-1.3464
3.43445205688, -0.11431640625,0.7136
3.43653297424, -0.117490234375,1.9176
3.43860197067, 0.100771484375,0.9416
3.44072413445, 0.07904296875,0.0936
3.44287800789, 0.076357421875,-1.7224
3.44496202469, 0.0433984375,-2.3424
3.44703912735, -0.0503515625,0.9656
3.44911003113, -0.12310546875,2.1816
3.45123815536, 0.059755859375,1.6456
3.45331406593, 0.1332421875,-0.7024
3.4553899765, -0.075498046875,0.5736
3.45746016502, -0.1187109375,2.0776
3.45953416824, 0.1273828125,-0.0104
3.46160197258, 0.086123046875,-0.3464
3.46368408203, -0.061826171875,-0.3784
3.46575307846, 0.136171875,-2.7144
3.46782016754, -0.088681640625,0.2616
3.46989798546, -0.09771484375,2.1536
3.47196698189, 0.10296875,1.9736
3.47404718399, 0.15521484375,-0.1304
3.47611808777, -0.10845703125,0.7136
3.47819209099, -0.127744140625,1.8456
3.48027420044, 0.1000390625,1.0576
3.48234415054, 0.09662109375,-0.0224
3.48441815376, -0.02447265625,-1.8184
3.48648810387, 0.0726953125,-1.2664
3.48856019974, 0.015078125,0.9536
3.49064397812, -0.12896484375,1.2456
3.49271512032, -0.04400390625,1.7816
3.49479603767, 0.0834375,-0.8304
3.49687218666, -0.0796484375,0.5096
3.49895715714, -0.125302734375,1.9616
3.50104212761, 0.13177734375,0.6216
3.50311207771, 0.07220703125,0.1016
3.50518703461, -0.02544921875,-0.0024
3.50725913048, 0.09466796875,-2.0824
3.5093331337, -0.00640625,1.3576
3.51140499115, -0.131650390625,0.5616
3.51347899437, -0.008115234375,2.0296
3.51555299759, 0.2396875,-1.4904
3.51762700081, -0.097958984375,0.8216
3.51974415779, -0.121396484375,1.8216
3.52182197571, 0.11908203125,0.9376
3.52390408516, 0.073916015625,0.1136
3.52597308159, -0.006650390625,-0.5424
3.52805018425, 0.06732421875,-2.5744
3.53017497063, 0.023134765625,0.7856
3.5322561264, -0.123837890625,2.1016
3.53433203697, -0.051572265625,1.9456
3.53641319275, 0.199892578125,0.0176
3.53847908974, -0.0601171875,0.3056
3.54055809975, -0.116513671875,1.9456
3.54264307022, 0.042177734375,0.4496
3.544713974, 0.04681640625,-1.0864
3.54679203033, 0.0062890625,0.0816
3.54886198044, 0.0883203125,-2.2144
3.55093812943, -0.03375,1.1296
3.55301618576, -0.119931640625,0.5536
3.55509305, 0.00921875,1.3416
3.55717110634, 0.193056640625,-1.6384
3.55925011635, -0.07720703125,0.5776
3.56132411957, -0.1226171875,1.8336
3.56341910362, 0.083681640625,0.9216
3.56549119949, 0.096865234375,0.1176
3.56756615639, -0.0718359375,-0.4064
3.569699049, 0.068544921875,-2.0784
3.57177519798, -0.02740234375,1.0656
3.57385110855, -0.129208984375,1.8896
3.57592606544, 0.0258203125,1.2216
3.57799506187, 0.1840234375,-0.1504
3.58007097244, -0.06109375,0.4336
3.58214616776, -0.13287109375,2.0056
3.58421111107, 0.092958984375,0.6816
3.58628606796, 0.102236328125,-1.1624
3.58835411072, -0.069150390625,-0.0344
3.59042811394, 0.137880859375,-3.3184
3.59249806404, 0.00287109375,1.1616
3.59456920624, -0.144345703125,0.6816
3.59664416313, 0.067080078125,2.5496
3.59871697426, 0.173037109375,-0.2664
3.6008040905, -0.082333984375,0.5096
3.60287904739, -0.134580078125,1.6176
3.60495901108, 0.107119140625,0.2616
3.60703706741, 0.09564453125,-0.4624
3.60910415649, -0.078427734375,-0.4024
3.61123514175, 0.103212890625,-1.9264
3.61331510544, 0.02484375,0.7496
3.61539316177, -0.13189453125,2.0296
3.6174621582, -0.0523046875,2.0136
3.61953902245, 0.239931640625,0.1056
3.62161612511, -0.064755859375,0.2976
3.62369513512, -0.1323828125,1.7376
3.62577009201, 0.122255859375,0.6136
3.62783718109, 0.06634765625,-1.1904
3.62991118431, -0.026669921875,-0.0584
3.63198208809, 0.109560546875,-3.5984
3.63405609131, -0.0249609375,0.3256
3.63612818718, -0.13384765625,1.6616
3.63820719719, -0.00591796875,1.3096
3.6402900219, 0.22748046875,-1.7504
3.64237117767, -0.082578125,0.5976
3.64444613457, -0.0874609375,1.6176
3.64652609825, 0.113955078125,0.8616
3.64860320091, 0.06830078125,0.0416
3.65072607994, 0.0082421875,-0.6544
3.65280103683, 0.0766015625,-2.0144
3.65487909317, -0.000546875,0.7776
3.65695619583, -0.13189453125,1.8216
3.6590321064, -0.009091796875,1.8176
3.66111016273, 0.190126953125,-0.2064
3.66318917274, -0.095517578125,0.4016
3.66526913643, -0.086484375,1.5296
3.66734409332, 0.085634765625,-0.7824
3.66941905022, 0.07806640625,-0.6824
3.67149400711, 0.037783203125,-0.0984
3.67357110977, 0.085390625,-3.2104
3.67571806908, -0.052060546875,0.2696
3.67779707909, -0.119931640625,1.7056
3.6798760891, 0.046083984375,1.8536
3.68194699287, 0.174501953125,-1.8424
3.68402409554, -0.106259765625,0.6016
3.6861011982, -0.1128515625,1.4096
3.68818116188, 0.080263671875,0.5256
3.69026112556, 0.08685546875,-0.7384
3.69233107567, -0.0523046875,-1.7544
3.69440197945, 0.12884765625,-2.5664
3.69647097588, -0.03521484375,0.7176
3.69854307175, -0.12798828125,1.9216
3.70061612129, 0.06341796875,1.4696
3.70269298553, 0.138857421875,-0.1144
3.70476603508, -0.08306640625,0.4456
3.7068400383, -0.113583984375,1.6456
3.70891499519, 0.123720703125,0.2576
3.71099209785, 0.0961328125,-0.7464
3.71306300163, -0.0757421875,1.0616
3.71514320374, 0.138369140625,-3.3664
3.71722006798, -0.008115234375,0.2136
3.71930003166, -0.12017578125,0.5536
3.72136998177, -0.03765625,1.8056
3.72344899178, 0.114931640625,-1.7304
3.72553110123, -0.094296875,0.7416
3.72760415077, -0.119931640625,1.5536
3.72973608971, 0.123720703125,-0.6664
3.73180818558, 0.077578125,-0.7584
3.73388504982, -0.044248046875,-0.4024
3.73596119881, 0.1078515625,-2.6024
3.73803901672, 0.0277734375,0.6896
3.74011111259, -0.1304296875,2.0336
3.74218416214, -0.04302734375,1.5496
3.74426007271, 0.224794921875,-0.2424
3.74632811546, -0.065244140625,0.4656
3.74840211868, -0.11138671875,1.8016
3.75048303604, 0.14251953125,0.3936
3.75255298615, 0.061708984375,0.0296
3.75462317467, -0.031796875,0.0216
3.75669598579, 0.112490234375,-2.8904
3.75876808167, -0.015439453125,0.9736
3.76083707809, -0.129453125,1.7816
3.76290917397, -0.01958984375,1.8896
3.76497602463, 0.21966796875,-1.7944
3.76705312729, -0.082333984375,0.5896
3.76912307739, -0.14263671875,1.7536
3.77126216888, 0.07806640625,0.5136
3.77332997322, 0.04974609375,-0.0584
3.77540516853, 0.002626953125,-0.2984
3.77747511864, 0.071962890625,-2.5224
3.77955198288, 0.022646484375,0.4416
3.7816259861, -0.14166015625,2.0536
3.7837061882, 0.008486328125,1.6456
3.7857811451, 0.1644921875,-0.2544
3.78784918785, -0.05669921875,0.3576
3.78992819786, -0.15337890625,1.6776
3.79200315475, 0.112734375,0.3296
3.79407405853, 0.1254296875,-0.1224
3.79615616798, -0.108212890625,0.1336
3.79822015762, 0.089052734375,-2.3024
3.80028915405, -0.00640625,0.9256
3.8023622036, -0.136044921875,1.6656
3.80443406105, 0.075869140625,1.9776
3.80651497841, 0.132509765625,-0.2224
3.80858397484, -0.057431640625,0.4736
3.81071305275, -0.154599609375,1.7736
3.81278419495, 0.1459375,0.5456
3.81485414505, 0.10833984375,0.0416
3.8169400692, -0.08794921875,0.0256
3.81901407242, 0.10150390625,-1.3024
3.82108616829, 0.0609765625,0.7456
3.82315897942, -0.10357421875,2.0096
3.82522702217, -0.113095703125,1.6776
3.82730007172, 0.111025390625,-0.8664
3.82937097549, -0.0503515625,0.2416
3.83144712448, -0.164365234375,1.8856
3.83352208138, 0.126650390625,0.9656
3.83558917046, 0.117861328125,-0.2064
3.83767318726, -0.07671875,-0.0584
3.83976316452, 0.08294921875,-1.1264
3.84183311462, 0.055849609375,0.4936
3.84390902519, -0.128232421875,1.4496
3.84598398209, -0.057919921875,2.1136
3.84805798531, 0.229189453125,-0.7624
3.85019898415, -0.0581640625,0.1576
3.85228919983, -0.127255859375,1.8536
3.85435700417, 0.126162109375,0.6376
3.8564350605, 0.05560546875,0.0456
3.85850811005, -0.0210546875,-0.2824
3.86057710648, 0.09662109375,-2.3424
3.86265206337, -0.002744140625,0.7736
3.86472320557, -0.143125,1.9976
3.86679601669, 0.019716796875,2.0256
3.86886620522, 0.216494140625,-0.7464
3.87095618248, -0.06548828125,0.3016
3.8730301857, -0.130185546875,1.9336
3.87510204315, 0.0707421875,0.7656
3.87717413902, 0.03412109375,-0.0624
3.87924718857, 0.038759765625,-1.6144
3.88131999969, 0.0668359375,-1.1464
3.88340306282, -0.01568359375,0.5056
3.88548207283, -0.1401953125,1.3576
3.88756203651, 0.061953125,1.5856
3.88969016075, 0.13861328125,-0.6944
3.89177203178, -0.058896484375,0.1176
3.89385199547, -0.17193359375,2.0496
3.89592719078, 0.124697265625,-0.2344
3.89800000191, 0.119326171875,-0.6424
3.90007901192, -0.08990234375,-0.3664
3.90215706825, 0.066103515625,-2.4304
3.90422916412, -0.040830078125,0.8896
3.90638709068, -0.14556640625,2.1856
3.90846300125, 0.1225,1.4376
3.91054606438, 0.120546875,-0.2224
3.91262102127, -0.09625,0.5696
3.91469311714, -0.132626953125,1.7256
3.91676807404, 0.147158203125,-0.1384
3.91883707047, 0.0785546875,-0.5984
3.9209151268, -0.05083984375,-0.5384
3.92298412323, 0.11615234375,-0.9744
3.92505598068, 0.046572265625,0.5176
3.92712807655, -0.15923828125,2.1896
3.92924118042, 0.174990234375,1.1496
3.9313120842, 0.06048828125,-0.0544
3.93339800835, -0.0933203125,0.4976
3.93546700478, -0.106748046875,1.6536
3.93754601479, 0.155703125,-1.5104
3.9396250248, 0.045107421875,0.7856
3.94171309471, -0.018369140625,-0.6704
3.94378900528, 0.106875,-1.7464
3.9458591938, 0.010927734375,0.5456
3.94793915749, -0.141171875,1.2296
3.95002007484, 0.0004296875,0.9136
3.95209217072, 0.030458984375,-0.3064
3.95417118073, -0.111875,0.7016
3.95624303818, -0.084775390625,1.5376
3.95832300186, 0.144228515625,-0.2664
3.96041107178, 0.034853515625,-0.6624
3.96248602867, 0.034365234375,-1.8184
3.96456503868, 0.070009765625,-1.6864
3.96664214134, 0.00677734375,0.7496
3.96871614456, -0.126279296875,2.0496
3.97079205513, 0.069765625,0.6016
3.97286510468, 0.139833984375,0.0696
3.97493720055, -0.08794921875,0.6736
3.977009058, -0.01861328125,1.3816
3.97908401489, 0.13763671875,-1.4504
3.98121118546, -0.023984375,0.6936
3.98329401016, 0.07953125,-0.9664
3.98536920547, 0.059267578125,-1.5824
3.98744511604, -0.021787109375,0.5696
3.98953318596, -0.132626953125,1.6976
3.99160599709, 0.102236328125,-0.8184
3.99367904663, 0.07513671875,-0.1424
3.99575209618, -0.090146484375,1.0576
3.99782800674, -0.123837890625,1.9136
3.99990320206, 0.128359375,-1.1784
