0.000281810760498,0.000498046875,0.996606445313,0.13872
0.00347185134888,0.0007421875,0.999780273438,0.05472
0.00656199455261,-0.002431640625,1.00783691406,0.10672
0.00964498519897,0.0066015625,0.995385742188,0.13472
0.0127317905426,0.00318359375,1.00905761719,-0.87728
0.0158128738403,0.003916015625,1.00930175781,0.18272
0.0188918113708,0.005380859375,1.00173339844,0.09872
0.0219819545746,0.007578125,0.992944335938,0.18672
0.0250699520111,-0.008046875,1.00002441406,0.06272
0.0281479358673,0.003916015625,0.997827148438,1.13472
0.0312328338623,-0.000478515625,0.997338867188,-0.90528
0.0343198776245,-0.00072265625,0.994897460938,1.13872
0.0374047756195,0.000498046875,0.999536132813,0.19072
0.0405488014221,0.003671875,0.999047851563,0.09872
0.0436379909515,-0.000966796875,0.997827148438,0.08272
0.0467219352722,-0.00169921875,1.00563964844,0.06272
0.0498027801514,-0.001943359375,0.998803710938,0.10272
0.0528888702393,0.00123046875,1.01174316406,0.12272
0.0559678077698,0.003916015625,0.998559570313,0.09072
0.0590538978577,0.019296875,1.00563964844,0.07872
0.0621337890625,0.004404296875,0.998559570313,-0.89728
0.0652167797089,0.0046484375,1.01687011719,-0.90528
0.068295955658,0.003427734375,1.00051269531,-0.86928
0.0713798999786,0.00025390625,1.00124511719,-0.02528
0.074462890625,-0.00072265625,1.00417480469,1.13072
0.077544927597,-0.00169921875,1.00490722656,0.07072
0.080629825592,0.00513671875,1.00393066406,0.05072
0.0837059020996,-0.0012109375,0.999047851563,0.03472
0.0867857933044,0.00513671875,1.00783691406,0.04272
0.0898728370667,0.00220703125,1.00832519531,0.00672
0.092955827713,0.00171875,1.00563964844,-0.90528
0.0960359573364,0.00318359375,0.998559570313,0.06672
0.0991280078888,-0.001943359375,0.998803710938,0.07872
0.102213859558,0.0026953125,1.00783691406,1.07072
0.105291843414,0.00513671875,1.00905761719,0.06672
0.108366966248,0.00171875,0.999780273438,0.03072
0.111450910568,0.004892578125,1.00295410156,0.05872
0.114526987076,0.002939453125,1.00026855469,1.07072
0.117606878281,0.006357421875,0.999047851563,0.02672
0.120692968369,-0.00365234375,1.00100097656,1.13872
0.123772859573,0.00220703125,1.01760253906,0.07472
0.126852989197,0.003427734375,0.997583007813,0.06672
0.129999876022,9.76562499999e-06,0.997827148438,0.05072
0.133094787598,-0.0090234375,0.997583007813,0.03472
0.13618183136,0.002939453125,1.00002441406,0.14272
0.139261007309,0.004892578125,1.00759277344,0.12672
0.142338991165,-0.004384765625,1.00734863281,0.00272000000001
0.14541888237,0.00513671875,0.999291992188,0.09072
0.148504972458,0.0007421875,0.997338867188,0.05872
0.151600837708,-0.001455078125,1.00368652344,0.31872
0.15468287468,0.00220703125,1.00710449219,0.13072
0.157768011093,-0.0021875,0.998315429688,0.17472
0.16085600853,0.002451171875,1.01613769531,0.01872
0.163964986801,0.00318359375,1.00222167969,0.08672
0.167041778564,-0.00267578125,1.00368652344,0.09072
0.170122861862,0.003427734375,0.998071289063,-0.03728
0.17320895195,-0.002431640625,1.00515136719,0.14272
0.176290988922,0.00318359375,1.00588378906,0.07872
0.179374933243,-0.002431640625,0.998071289063,0.10272
0.182461977005,0.00123046875,0.998803710938,0.05872
0.185549974442,0.0085546875,1.00539550781,0.04672
0.188632011414,0.004404296875,0.995385742188,0.05472
0.191720962524,0.00025390625,1.00148925781,0.10672
0.194796800613,-0.001455078125,1.00124511719,0.05072
0.197877883911,-0.00072265625,0.997338867188,0.03872
0.201022863388,-0.000966796875,1.00173339844,1.13072
0.20410490036,0.002451171875,1.00075683594,0.05472
0.207186937332,-0.00072265625,0.996850585938,0.11072
0.210272789001,0.00513671875,1.00075683594,0.11072
0.213352918625,0.000986328125,0.997827148438,0.01472
0.216439008713,0.000986328125,0.999291992188,-0.90128
0.219529867172,-0.00169921875,0.998803710938,0.05472
0.22261095047,9.76562499999e-06,1.00075683594,0.13072
0.225691795349,0.00220703125,1.00051269531,0.07072
0.228770971298,0.00513671875,1.00563964844,0.22272
0.231851816177,0.002939453125,0.999536132813,0.02672
0.234935998917,9.76562499999e-06,0.999536132813,0.09072
0.238023996353,-0.002431640625,0.997338867188,0.02672
0.241244792938,-0.00267578125,0.999780273438,-0.00528
0.244340896606,-0.00169921875,0.993920898438,0.17472
0.247426986694,0.002939453125,1.00222167969,-0.02528
0.25056886673,0.004892578125,0.993920898438,0.01072
0.253655910492,0.004404296875,0.993188476563,0.10672
0.256740808487,-0.001455078125,0.998803710938,0.18272
0.259823799133,0.002451171875,0.993432617188,0.12272
0.26293182373,-0.003408203125,1.00075683594,0.08272
0.266013860703,0.00025390625,0.990747070313,0.11872
0.269104003906,-0.00072265625,1.00002441406,0.05072
0.272183895111,0.003427734375,1.00344238281,0.11072
0.275263786316,0.0007421875,1.01271972656,0.01872
0.278349876404,0.007578125,0.998315429688,-0.90128
0.281439781189,0.004404296875,1.00197753906,0.06272
0.284520864487,0.00171875,1.01857910156,0.03472
0.287597894669,0.00025390625,1.00344238281,-0.00927999999999
0.290679931641,0.002939453125,1.01271972656,0.10672
0.293759822845,0.003916015625,1.00222167969,-0.88928
0.296841859818,-0.003408203125,1.00148925781,1.13072
0.299921989441,0.005625,1.01784667969,0.00672
0.30300283432,-0.001455078125,0.997338867188,-0.00127999999998
0.306087970734,0.000498046875,1.00539550781,0.03472
0.309168815613,0.006357421875,0.996606445313,1.13472
0.312251806259,0.003427734375,1.00490722656,0.12272
0.315331935883,0.0007421875,0.997338867188,-0.02128
0.318416833878,0.003916015625,0.995874023438,0.12672
0.32156586647,-0.0012109375,0.999291992188,0.05072
0.324652910233,-0.00267578125,0.988549804688,-0.90128
0.327737808228,0.005625,0.998315429688,0.17072
0.33082985878,-0.00365234375,0.989038085938,0.11072
0.333912849426,-0.000478515625,1.00100097656,0.10672
0.336993932724,-0.002919921875,0.992456054688,0.06272
0.340084791183,0.001474609375,0.993188476563,0.07872
0.343165874481,0.004404296875,0.999780273438,-0.02928
0.346248865128,0.000986328125,0.995141601563,0.23472
0.349336862564,0.00171875,0.992211914063,-0.00127999999998
0.352422952652,0.021494140625,0.991479492188,0.09472
0.355507850647,0.001474609375,1.00026855469,0.02272
0.358586788177,9.76562499999e-06,0.991235351563,1.11072
0.36167883873,-0.00072265625,0.995874023438,0.09872
0.364789962769,-0.00072265625,1.00344238281,0.15072
0.367868900299,0.004404296875,0.998071289063,0.03472
0.370959997177,0.000498046875,1.00173339844,0.10272
0.374041795731,0.0007421875,0.998071289063,0.07872
0.377127885818,9.76562499999e-06,1.01076660156,1.09872
0.380212783813,-0.001455078125,1.00515136719,-0.06528
0.38329577446,0.001962890625,0.998803710938,-0.88928
0.386384010315,0.019541015625,1.00734863281,0.05472
0.389516830444,0.00318359375,0.997827148438,0.13872
0.392606973648,0.003671875,1.01687011719,0.04672
0.395687818527,0.000986328125,1.00783691406,0.16272
0.398763895035,-0.008291015625,1.00002441406,0.07472
0.401840925217,0.002939453125,1.00075683594,0.05072
0.404919862747,0.00416015625,0.999780273438,1.12672
0.408005952835,0.001474609375,0.989526367188,0.08672
0.411098957062,0.004404296875,1.00661621094,0.03472
0.414179801941,0.002451171875,0.997094726563,0.00672
0.417262792587,0.00220703125,0.999536132813,0.08672
0.420349836349,0.003427734375,1.01882324219,0.06672
0.423425912857,0.002451171875,0.995874023438,0.03872
0.426506996155,-0.00072265625,0.995629882813,0.12672
0.429593801498,0.004892578125,0.995141601563,0.01072
0.432674884796,0.003427734375,1.00270996094,-0.90128
0.435751914978,-0.008046875,1.00417480469,0.09472
0.438832998276,0.005869140625,1.00197753906,0.09072
0.441916942596,0.00513671875,1.00710449219,0.14672
0.444994926453,-0.0012109375,1.00246582031,0.07072
0.448069810867,0.00416015625,1.00124511719,0.13472
0.451144933701,0.004404296875,1.00051269531,0.05472
0.454223871231,0.00416015625,0.997338867188,0.08272
0.457309007645,0.000498046875,1.00222167969,0.04272
0.460391998291,-0.00609375,0.997094726563,0.15872
0.463481903076,0.0007421875,1.01467285156,0.01072
0.466588973999,0.01978515625,0.989770507813,0.16672
0.469679832458,0.00953125,0.999047851563,0.19872
0.472764968872,0.004892578125,1.00368652344,0.10672
0.475847005844,-0.0021875,0.998559570313,0.13872
0.478928804398,0.00416015625,1.01345214844,0.04672
0.482064962387,0.0026953125,1.00783691406,-0.01728
0.485209941864,0.0202734375,1.01833496094,0.17872
0.488295793533,-0.002919921875,1.00515136719,-0.00528
0.491376876831,0.02125,1.01564941406,0.07472
0.494458913803,-0.000478515625,0.998071289063,0.17072
0.497543811798,0.004404296875,1.00124511719,-0.00127999999998
0.500627994537,0.008310546875,0.992944335938,-0.90528
0.503713846207,0.001962890625,1.00710449219,1.11072
0.506792783737,0.003671875,0.989526367188,0.21472
0.509875774384,0.00025390625,1.00490722656,0.15472
0.512955904007,0.004404296875,0.995385742188,-0.02128
0.516042947769,0.00416015625,0.995629882813,0.06672
0.519132852554,-0.00755859375,0.998071289063,0.07472
0.522218942642,-0.003408203125,0.995141601563,0.00672
0.525304794312,0.00318359375,0.996606445313,0.01472
0.528388977051,0.000986328125,0.995141601563,0.09872
0.53147983551,0.001474609375,1.00002441406,0.07872
0.534555912018,0.015390625,1.01687011719,0.12272
0.537634849548,-0.000478515625,0.996118164063,1.13872
0.540719985962,0.002451171875,1.00417480469,-0.00927999999999
0.543800830841,-0.001455078125,1.00466308594,0.08672
0.546882867813,0.002939453125,1.00319824219,-0.88528
0.550019979477,0.000986328125,1.00588378906,-0.01728
0.553102970123,0.003427734375,0.996362304688,0.05072
0.556189775467,-0.000478515625,0.994409179688,1.12672
0.559276819229,0.00171875,0.993188476563,0.10272
0.562356948853,-0.00267578125,0.999536132813,0.03072
0.565439939499,-0.00658203125,1.00075683594,0.09472
0.568517923355,-0.0021875,1.00661621094,-0.86128
0.571603775024,0.00416015625,1.00393066406,-0.02528
0.574684858322,-0.00365234375,0.996118164063,-0.89728
0.577834844589,0.007333984375,0.999536132813,0.05872
0.580973863602,0.010751953125,1.00417480469,0.07072
0.584056854248,0.003671875,0.995141601563,1.09472
0.587149858475,0.003427734375,1.00173339844,0.17472
0.590234994888,0.00416015625,1.01833496094,-0.89728
0.593315839767,0.007822265625,0.974145507813,0.05872
0.59639787674,0.00318359375,1.00075683594,1.12272
0.599561929703,0.0026953125,1.00612792969,-0.90528
0.602640867233,0.006845703125,0.997827148438,0.02672
0.605726957321,0.005380859375,0.990747070313,0.05872
0.60881280899,0.000986328125,1.00856933594,0.09072
0.611895799637,0.00611328125,1.00173339844,0.06672
0.614976882935,-0.000234375,0.988793945313,-0.89328
0.618062973022,0.021005859375,0.993920898438,0.08272
0.621149778366,0.00171875,0.991479492188,0.00672
0.62423491478,0.002451171875,0.988793945313,0.09072
0.627316951752,0.006357421875,1.00026855469,0.07072
0.630399942398,0.0066015625,0.997094726563,0.05872
0.633485794067,0.005380859375,0.992456054688,0.07472
0.63657283783,-0.00072265625,0.990747070313,0.16672
0.639660835266,0.0026953125,1.00197753906,0.02272
0.642740011215,0.001474609375,0.999047851563,0.03472
0.645828008652,0.002939453125,1.00026855469,0.04672
0.648907899857,0.00171875,0.989526367188,0.04272
0.652059793472,0.008310546875,0.995141601563,0.07072
0.655141830444,-0.0021875,1.00539550781,-0.03328
0.658225774765,0.003427734375,1.00075683594,0.08672
0.66130900383,-0.006826171875,1.01857910156,0.04672
0.664390802383,0.003671875,0.994653320313,0.08672
0.667517900467,-0.002919921875,0.995141601563,0.12672
0.670608997345,0.0007421875,0.996118164063,0.04672
0.673695802689,0.000498046875,0.997583007813,0.02672
0.676781892776,0.0026953125,1.00222167969,0.13072
0.679864883423,0.000986328125,0.996118164063,0.02672
0.682951927185,0.00123046875,1.01125488281,0.07872
0.686028003693,-0.0090234375,1.01369628906,0.07472
0.689106941223,0.0007421875,1.01711425781,0.04672
0.692188978195,0.00025390625,0.995385742188,0.17872
0.69527888298,0.000986328125,0.994897460938,0.03472
0.698364973068,0.0007421875,1.00637207031,0.06672
0.701451778412,-0.00072265625,0.994653320313,0.13872
0.704536914825,-0.003896484375,1.00490722656,0.06672
0.707617998123,0.00513671875,0.996850585938,0.02672
0.71070098877,0.003916015625,1.00270996094,0.15872
0.713778972626,0.005625,1.00588378906,0.04672
0.716856956482,0.006357421875,0.997827148438,0.07472
0.719999790192,0.000986328125,1.00173339844,0.05872
0.723079919815,0.000986328125,0.998803710938,-0.89328
0.726292848587,0.00220703125,0.996850585938,0.04272
0.72938990593,0.003916015625,0.996118164063,0.02272
0.732481002808,0.001474609375,0.996118164063,0.09072
0.735565900803,0.0007421875,0.998803710938,-0.90528
0.738653898239,0.004404296875,0.999536132813,0.07072
0.741739988327,-0.000478515625,1.00393066406,0.08272
0.744815826416,0.001962890625,0.999047851563,0.01472
0.747897863388,0.000498046875,0.990502929688,0.09472
0.751035928726,9.76562499999e-06,0.997338867188,1.13472
0.754128932953,0.018564453125,1.01760253906,0.06672
0.757209777832,0.0046484375,1.00563964844,0.10272
0.760296821594,0.00220703125,1.00026855469,0.13472
0.763375997543,0.004404296875,0.998559570313,0.05072
0.766491889954,-0.000966796875,0.999291992188,-0.90528
0.769585847855,0.005380859375,0.995141601563,0.02272
0.772673845291,-0.002431640625,0.995874023438,1.12672
0.775758981705,0.003916015625,0.995385742188,0.02672
0.778840780258,0.020029296875,0.989282226563,0.05872
0.781928777695,0.005869140625,0.995629882813,0.20272
0.785014867783,0.005625,0.994409179688,0.13872
0.788102865219,0.007333984375,0.999536132813,0.02672
0.79119181633,0.003427734375,0.996118164063,0.09072
0.794281959534,0.00904296875,0.999047851563,0.06272
0.797375917435,0.00025390625,0.998315429688,0.04672
0.800468921661,0.000986328125,1.00612792969,0.05472
0.803550004959,0.0026953125,1.00026855469,0.17072
0.806627988815,-0.00169921875,0.997827148438,0.05472
0.809714794159,0.01978515625,0.989770507813,0.07472
0.812801837921,0.005869140625,1.01149902344,0.09072
0.815881967545,0.002451171875,1.00100097656,0.06672
0.818959951401,0.00513671875,1.00002441406,0.11072
0.822096824646,0.00171875,0.992456054688,0.13472
0.825184822083,-0.001455078125,1.00612792969,0.10672
0.828262805939,0.001474609375,0.998803710938,-0.87728
0.831350803375,0.005869140625,0.998559570313,-0.89728
0.834433794022,0.006357421875,0.998071289063,0.08672
0.837519884109,-0.000234375,1.00051269531,0.03472
0.840602874756,0.0007421875,0.995874023438,0.08272
0.843691825867,-0.00853515625,1.00124511719,0.00672
0.846772909164,0.006357421875,0.994165039063,0.04272
0.849861860275,0.00318359375,1.01467285156,0.00672
0.852941989899,0.00171875,1.00954589844,1.12672
0.856021881104,0.007822265625,0.996362304688,0.06272
0.859107971191,0.00416015625,1.00393066406,0.05072
0.86218380928,0.000498046875,1.00734863281,0.09872
0.865262985229,0.002939453125,0.997094726563,-0.00127999999998
0.86837387085,-0.000234375,0.999536132813,0.14672
0.871459960938,0.004892578125,0.996362304688,0.03472
0.874548912048,0.001474609375,1.00710449219,0.11072
0.877629995346,0.000986328125,1.01882324219,0.05872
0.8807117939,0.001474609375,1.01638183594,0.14272
0.883792877197,-0.0090234375,1.00270996094,0.07072
0.886870861053,0.00171875,1.00905761719,0.03072
0.890004873276,-0.008291015625,1.00319824219,0.08272
0.893085002899,0.0007421875,1.00466308594,0.15072
0.89616394043,0.00416015625,1.00222167969,0.09872
0.899246931076,0.0046484375,0.999291992188,0.01872
0.902333974838,0.00171875,1.00026855469,0.15472
0.90541601181,0.00171875,1.00173339844,0.10672
0.908497810364,-0.001455078125,1.00100097656,0.09072
0.911584854126,0.008798828125,1.00075683594,-0.88928
0.914661884308,0.002939453125,1.01687011719,0.07872
0.917735815048,0.01978515625,1.01638183594,1.12272
0.920816898346,0.019296875,1.00881347656,0.21472
0.923893928528,0.008310546875,1.00100097656,0.07872
0.926972866058,0.001474609375,1.00466308594,0.15072
0.930058002472,0.008310546875,0.996606445313,0.12672
0.933142900467,0.0007421875,0.986352539063,0.19072
0.936228990555,0.010263671875,0.990747070313,0.15872
0.939315795898,0.00416015625,0.989282226563,0.09472
0.942396879196,0.01001953125,1.00124511719,0.08672
0.945472002029,0.020029296875,1.00808105469,-0.00528
0.948552846909,0.004404296875,0.992211914063,0.07472
0.951636791229,0.012216796875,0.993432617188,-0.02528
0.954732894897,0.01734375,0.998071289063,1.13472
0.957816839218,0.006845703125,1.01516113281,-0.02928
0.960901975632,0.01294921875,0.993676757813,0.22272
0.963986873627,0.005625,0.988061523438,-0.01328
0.967067956924,0.008798828125,1.00661621094,0.12272
0.970220804214,0.012705078125,0.998071289063,0.07072
0.973309993744,0.003671875,1.00612792969,0.02672
0.976391792297,0.020517578125,1.00295410156,0.08272
0.979527950287,0.012705078125,0.990014648438,-0.03328
0.982614994049,-0.00658203125,1.01687011719,1.13072
0.985694885254,0.005625,0.997583007813,-0.06928
0.98878288269,0.009287109375,0.998559570313,0.00272000000001
0.991872787476,0.0124609375,0.994897460938,1.07472
0.994960784912,0.00025390625,1.00222167969,0.03472
0.99803686142,-0.00267578125,0.989282226563,0.03472
1.00112295151,-0.001455078125,0.994165039063,-0.01728
1.00420999527,-0.01244140625,1.00710449219,0.20272
1.00728988647,-0.01341796875,1.00588378906,0.08272
1.01037287712,0.002939453125,0.996850585938,0.03872
1.01345586777,0.002451171875,1.00148925781,0.05872
1.01653599739,-0.008291015625,0.992211914063,0.03872
1.01962685585,-0.011953125,1.00344238281,0.11872
1.02270388603,-0.02220703125,0.998559570313,0.11472
1.02578687668,-0.03197265625,1.01101074219,0.21872
1.02886390686,0.04712890625,1.01345214844,-0.89328
1.03194999695,0.04126953125,0.989770507813,-0.05328
1.03503489494,-0.009755859375,1.00124511719,-0.15728
1.03811478615,-0.02611328125,0.989526367188,1.07472
1.04120397568,0.02515625,0.996362304688,1.11072
1.04428982735,0.014169921875,0.994653320313,0.17472
1.04737496376,-0.013662109375,1.02272949219,0.11472
1.05045890808,-0.00462890625,1.01711425781,0.13872
1.05353689194,0.051767578125,0.978540039063,0.02272
1.05661988258,9.76562499999e-06,0.996850585938,1.11472
1.05971193314,-0.0480859375,1.01223144531,0.05872
1.06279087067,0.018076171875,0.992700195313,0.19072
1.06587696075,0.05982421875,0.987817382813,-0.02928
1.0690369606,0.0007421875,1.01027832031,0.15472
1.0721218586,-0.02220703125,1.00808105469,0.10672
1.07519984245,-0.01537109375,0.998803710938,0.00272000000001
1.07828378677,0.021494140625,0.996118164063,0.04672
1.08136987686,0.005625,1.01101074219,-0.04128
1.08444881439,0.016123046875,1.00124511719,-0.87328
1.08752584457,0.021494140625,0.989038085938,-0.02928
1.09061479568,-0.010244140625,1.00368652344,0.03472
1.09369277954,-0.016591796875,0.997827148438,0.01472
1.09677696228,0.0066015625,0.996850585938,0.14672
1.09986495972,0.0261328125,0.996362304688,0.05472
1.10294985771,0.00611328125,1.01027832031,0.11472
1.10602784157,-0.00658203125,1.00515136719,0.02672
1.10910797119,9.76562499999e-06,0.998315429688,-0.90128
1.11219978333,-0.024404296875,0.997583007813,-0.12128
1.11528682709,-0.0021875,0.991723632813,-0.02528
1.11837100983,0.019296875,0.989526367188,0.06672
1.12145996094,0.01978515625,0.994897460938,0.02672
1.12454795837,-0.0246484375,1.00246582031,-0.02128
1.1276268959,-0.023427734375,1.00563964844,-0.00927999999999
1.13070583344,0.00025390625,1.00661621094,-0.02928
1.13378190994,0.004892578125,0.999536132813,0.05472
1.13686680794,0.00513671875,0.995141601563,0.03872
1.14000988007,9.76562499999e-06,0.998315429688,0.00272000000001
1.14310097694,-0.00951171875,1.01149902344,0.14672
1.1461789608,-0.008779296875,1.01442871094,-0.00927999999999
1.14925980568,0.00025390625,0.995629882813,0.01472
1.15234684944,0.01734375,0.996850585938,0.06272
1.15543699265,0.00123046875,1.00710449219,-0.02928
1.15851688385,-0.00755859375,0.988793945313,0.01072
1.16161680222,-0.004873046875,0.996850585938,-0.09728
1.16469597816,0.0085546875,0.983666992188,0.21872
1.16777992249,0.00708984375,0.996606445313,-0.14128
1.17090582848,-0.018056640625,1.02321777344,-0.00528
1.17398881912,-0.031484375,1.01076660156,0.01072
1.17706990242,0.002939453125,0.978784179688,0.00672
1.18015980721,-0.0051171875,0.986596679688,0.01472
1.18324279785,-0.015126953125,1.01247558594,-0.02928
1.18632388115,-0.020986328125,1.01613769531,0.01072
1.18940496445,-0.006826171875,1.00002441406,0.00272000000001
1.19248485565,0.001474609375,0.975854492188,-0.02528
1.19557595253,-0.02904296875,1.00734863281,-0.06928
1.19865393639,-0.03001953125,1.00417480469,0.02672
1.20173978806,-0.009755859375,0.998559570313,0.03072
1.20482492447,0.009287109375,0.991235351563,0.00272000000001
1.20791077614,-0.015859375,0.997827148438,-0.04128
1.21107578278,-0.0344140625,1.01149902344,-0.06128
1.21423983574,-0.012197265625,0.989526367188,0.05472
1.21733283997,-0.008046875,0.992456054688,-0.01328
1.22042179108,-0.0109765625,1.00881347656,0.01472
1.22349977493,-0.017080078125,1.00539550781,0.11472
1.22657680511,-0.012685546875,0.997094726563,-0.13328
1.22966194153,-0.019765625,0.997583007813,-0.04928
1.23274683952,-0.0109765625,1.00124511719,-0.02928
1.23582983017,-0.008046875,0.997094726563,-0.04128
1.23891687393,-0.011953125,0.999047851563,0.03872
1.24206089973,-0.018544921875,1.00637207031,-0.10528
1.24514293671,-0.02416015625,0.995874023438,-0.02528
1.24822688103,-0.0363671875,1.00441894531,-0.06128
1.25130486488,-0.013662109375,0.999291992188,0.01472
1.25438380241,0.003671875,0.990991210938,-0.11728
1.25746393204,-0.018544921875,0.998315429688,-0.08528
1.26055598259,-0.019521484375,0.999047851563,-0.07328
1.26364088058,-0.035146484375,1.00466308594,-0.04128
1.26672697067,-0.024892578125,1.00563964844,-0.12928
1.26983499527,-0.0246484375,0.990747070313,0.00272000000001
1.27291989326,-0.019033203125,0.997827148438,-0.03328
1.27600288391,-0.025869140625,0.997827148438,-0.07328
1.27908778191,-0.035146484375,1.00148925781,0.02672
1.28216195107,-0.03734375,1.01638183594,-0.08928
1.28523778915,-0.021962890625,0.998559570313,-0.06928
1.28832387924,-0.0148828125,0.995141601563,-0.03728
1.29141592979,-0.0226953125,1.00051269531,-0.04928
1.29449486732,-0.03392578125,0.997583007813,-0.09328
1.29758286476,-0.03490234375,0.996362304688,-0.06528
1.30067181587,-0.02904296875,0.991723632813,0.02272
1.30375695229,-0.021474609375,0.995385742188,-0.03728
1.30683994293,-0.0363671875,0.998803710938,-0.07728
1.30992293358,-0.02416015625,0.994897460938,-0.14928
1.31300783157,-0.03880859375,0.995629882813,-0.16128
1.31609082222,-0.04857421875,1.00124511719,-0.08928
1.31917381287,-0.033193359375,0.989282226563,-0.10528
1.32225990295,-0.0305078125,0.994897460938,-0.06128
1.32535290718,-0.033193359375,1.00954589844,-0.21728
1.32843399048,-0.03392578125,1.00075683594,-0.10928
1.3315808773,-0.03734375,0.996118164063,-0.13728
1.33466696739,-0.03880859375,0.992211914063,-0.03328
1.33774900436,-0.03587890625,0.988793945313,-0.12528
1.34083580971,-0.03734375,0.991967773438,-0.06528
1.34392094612,-0.028798828125,1.00124511719,-0.11328
1.347001791,-0.0344140625,0.998315429688,-0.08928
1.35008978844,-0.0441796875,1.01857910156,-0.06928
1.35317182541,-0.04369140625,0.995874023438,-0.19728
1.35625982285,-0.028798828125,0.995874023438,-0.09728
1.35934782028,-0.0402734375,0.993432617188,-0.14128
1.36243200302,-0.04857421875,1.00026855469,-0.02928
1.36550998688,-0.04515625,1.00563964844,-0.13328
1.36859583855,-0.0500390625,0.993432617188,-0.24928
1.37171292305,-0.04125,0.998803710938,-0.09328
1.37479782104,-0.0500390625,0.993432617188,-0.16928
1.37788486481,-0.0480859375,0.998559570313,-0.08128
1.38102698326,-0.04955078125,0.996606445313,-0.10128
1.38411879539,-0.059072265625,0.996118164063,-0.04528
1.38720297813,-0.056142578125,0.991235351563,-0.18928
1.39029097557,-0.048330078125,0.991723632813,-0.10928
1.39337396622,-0.05833984375,0.998315429688,-0.30528
1.39645385742,-0.054677734375,0.990014648438,-0.14928
1.39954686165,-0.0617578125,0.990258789063,-0.04128
1.40263199806,-0.065908203125,0.978051757813,-0.32528
1.4057238102,-0.070302734375,0.986840820313,-0.01728
1.40880680084,-0.056875,0.998315429688,-0.17328
1.41189599037,-0.065908203125,0.992456054688,-0.21728
1.41497683525,-0.08568359375,0.998315429688,-0.13328
1.41806197166,-0.069814453125,1.00002441406,-0.24528
1.42113995552,-0.062490234375,0.996118164063,-0.14528
1.4242208004,-0.06908203125,1.00002441406,-0.14928
1.42729878426,-0.06810546875,0.990747070313,-0.20928
1.430382967,-0.0656640625,0.985131835938,-0.10928
1.43347382545,-0.06712890625,1.00319824219,-0.13328
1.4365530014,-0.069814453125,0.995874023438,-0.15328
1.43964099884,-0.072255859375,0.993432617188,-0.19328
1.44272685051,-0.065908203125,0.994409179688,-0.23328
1.44580888748,-0.075185546875,0.999047851563,-0.22928
1.44888997078,-0.083974609375,0.989038085938,-0.25728
1.45198297501,-0.077626953125,0.988305664063,-0.16128
1.45512485504,-0.07982421875,0.988061523438,-0.24928
1.45822000504,-0.093984375,0.994897460938,-0.22128
1.46130990982,-0.083974609375,0.990747070313,-0.27328
1.46439790726,-0.08421875,0.991235351563,-0.22128
1.46748399734,-0.095693359375,0.981225585938,-0.20928
1.4706029892,-0.086904296875,0.990502929688,-0.29728
1.47370195389,-0.086416015625,0.988061523438,-0.20928
1.47679281235,-0.07640625,0.979272460938,-0.14528
1.47987890244,-0.099599609375,0.974389648438,-0.30928
1.48296189308,-0.093740234375,0.972680664063,-0.17728
1.48604679108,-0.100087890625,0.988305664063,-0.27328
1.48913288116,-0.105458984375,0.980737304688,-0.25728
1.49221897125,-0.104970703125,0.982202148438,-0.24128
1.4953019619,-0.0930078125,0.985864257813,-0.29328
1.49838900566,-0.11009765625,0.985864257813,-0.21728
1.50148081779,-0.1125390625,0.982202148438,-0.28928
1.50456500053,-0.110830078125,0.987817382813,-0.28528
1.50764489174,-0.116689453125,0.984399414063,-0.24128
1.51072883606,-0.108388671875,0.984643554688,-0.34128
1.51381278038,-0.11107421875,0.979760742188,-0.32928
1.51689791679,-0.12376953125,0.982934570313,-0.34928
1.52003383636,-0.130361328125,0.988305664063,-0.30928
1.52311992645,-0.115224609375,0.978540039063,-0.34528
1.52620387077,-0.122060546875,0.973168945313,-0.29328
1.52928996086,-0.117177734375,0.972924804688,-0.22128
1.53237390518,-0.13939453125,0.991967773438,-0.29328
1.53545498848,-0.139150390625,0.986352539063,-0.20528
1.53853583336,-0.122548828125,0.968774414063,-0.30928
1.54161977768,-0.150380859375,0.980737304688,-0.39328
1.54470396042,-0.146962890625,0.988061523438,-0.23728
1.54778695107,-0.10716796875,0.975122070313,-0.19328
1.55087399483,-0.12328125,0.964379882813,-0.31728
1.55396080017,-0.207998046875,0.994897460938,-0.42528
1.55704593658,-0.147451171875,0.981225585938,-0.23328
1.56013178825,-0.168447265625,0.948510742188,-0.46528
1.56321382523,-0.1711328125,0.964868164063,-0.21728
1.5662958622,-0.1584375,0.997827148438,-0.31728
1.56938385963,-0.1379296875,0.965356445313,-0.22528
1.57250189781,-0.1516015625,0.954614257813,-0.18128
1.57558584213,-0.179189453125,0.972924804688,-0.25728
1.57866978645,-0.17748046875,0.986108398438,-0.36528
1.58175897598,-0.152578125,0.972192382813,-0.18528
1.58484983444,-0.186025390625,0.943383789063,-0.23728
1.58793878555,-0.181142578125,0.980493164063,-0.32928
1.59107995033,-0.165029296875,0.967797851563,-0.25728
1.5941619873,-0.169423828125,0.948999023438,-0.25728
1.59724283218,-0.19505859375,0.953637695313,-0.24928
1.60032892227,-0.193349609375,0.968286132813,-0.13328
1.60341286659,-0.186513671875,0.970727539063,-0.21728
1.60649800301,-0.2043359375,0.949487304688,-0.19328
1.60958886147,-0.199453125,0.947534179688,-0.11728
1.61267495155,-0.181875,0.954125976563,-0.07728
1.61576080322,-0.207509765625,0.949731445313,-0.11728
1.61884593964,-0.209462890625,0.941918945313,-0.06128
1.62192988396,-0.22240234375,0.961938476563,-0.08928
1.62501382828,-0.211416015625,0.963403320313,-0.07328
1.62809681892,-0.215810546875,0.954370117188,-0.18128
1.63118386269,-0.22630859375,0.936059570313,0.02272
1.6342689991,-0.239248046875,0.939721679688,0.03072
1.63735389709,-0.237294921875,0.956323242188,-0.08528
1.640447855,-0.2414453125,0.952905273438,0.05872
1.64353394508,-0.21361328125,0.932885742188,-0.03328
1.6466178894,-0.2492578125,0.957055664063,0.17072
1.64970088005,-0.284658203125,0.945092773438,-0.11328
1.6527838707,-0.28880859375,0.936791992188,-0.86528
1.65586996078,-0.251943359375,0.922631835938,0.20672
1.65895700455,-0.275380859375,0.937524414063,1.13472
1.66209888458,-0.282705078125,0.905053710938,0.41472
1.66518497467,-0.3351953125,0.924584960938,0.53472
1.66826891899,-0.3928125,0.870874023438,0.61072
1.67135596275,3.46778320313,0.859399414063,1.10272
1.67447495461,3.28150390625,0.811791992188,1.85072
1.67756080627,3.04493164063,0.582543945313,2.00672
1.6806499958,2.62525390625,0.393090820313,2.19472
1.68373084068,3.08838867188,0.658471679688,2.56272
1.68682193756,3.31470703125,1.03469238281,3.09472
1.68990397453,3.38770507813,0.955590820313,4.01072
1.69299793243,3.3210546875,0.678735351563,4.84672
1.69614195824,3.2507421875,0.496362304688,5.20672
1.69923591614,3.15137695313,0.669458007813,3.98272
1.70232892036,3.11524414063,0.733178710938,4.82272
1.70541977882,3.10401367188,0.552270507813,5.17472
1.70851182938,3.0671484375,0.445581054688,6.06672
1.71160078049,3.09888671875,0.522241210938,6.18272
1.71468186378,3.25953125,0.703881835938,7.11072
1.71776795387,3.359140625,0.882348632813,8.75472
1.72085595131,3.50342773438,0.936303710938,9.67072
1.72394895554,3.56958984375,1.00930175781,10.72272
1.72702980042,3.5759375,1.06228027344,11.93472
1.73011398315,-0.27171875,1.03200683594,13.15072
1.7331969738,0.06958984375,1.53487548828,-17.37728
1.73627781868,1.39600585937,-0.340124511719,-231.70928
1.73936295509,0.580087890625,1.53249511719,21.35072
1.74244785309,0.792001953125,1.53487548828,11.07472
1.74552893639,0.397470703125,1.47237548828,13.55072
1.74861383438,-0.10326171875,0.844995117188,14.30272
1.75170493126,0.081796875,1.08718261719,14.81872
1.75478577614,0.678232421875,0.0139404296875,14.83472
1.75786995888,0.208505859375,1.24050292969,14.39072
1.76095795631,3.53467773438,1.23439941406,15.70272
1.76404380798,-0.30931640625,0.787133789063,16.45872
1.76712679863,3.53223632813,0.915307617188,15.61872
1.77022480965,0.027841796875,0.824975585938,17.35472
1.77333784103,-0.349111328125,1.10109863281,17.05472
1.77641677856,3.42090820313,1.03786621094,17.87472
1.7795548439,-0.25755859375,0.999291992188,18.21472
1.78264498711,-0.15013671875,0.973657226563,18.96272
1.78573298454,-0.155751953125,0.903100585938,18.13472
1.78882193565,3.56788085938,0.922631835938,19.13072
1.7919178009,-0.334462890625,0.993188476563,19.62672
1.79500484467,-0.22826171875,0.716333007813,18.55472
1.79808688164,-0.1633203125,0.843774414063,19.52272
1.80121088028,-0.236806640625,0.717797851563,19.67472
1.8042948246,3.30860351563,1.52614746094,15.05472
1.80738091469,2.93018554688,1.53487548828,20.09472
1.81052398682,2.90064453125,1.15139160156,19.49072
1.81360983849,-0.2805078125,-0.460668945312,7.17872
1.8166987896,-0.319814453125,1.52614746094,12.69872
1.81978392601,3.02247070313,0.394311523438,9.46272
1.82287192345,2.98462890625,-0.348852539062,6.34272
1.82596087456,2.93311523438,0.452661132813,7.63872
1.82905387878,3.32325195313,0.697534179688,4.52272
1.83214092255,-0.2668359375,1.24709472656,6.86672
1.83522391319,-0.229482421875,1.15310058594,3.98272
1.83830285072,-0.3918359375,1.08986816406,2.30272
1.8413848877,-0.37328125,1.28469238281,3.29072
1.84446287155,3.56153320313,0.839135742188,1.66672
1.8475549221,-0.306630859375,0.662133789063,0.97072
1.85064482689,-0.348134765625,0.539086914063,0.17472
1.85372781754,-0.405751953125,0.558374023438,-0.49328
1.85680985451,3.54444335938,0.708764648438,-0.29728
1.85990095139,-0.38939453125,0.817651367188,-1.00528
1.86298799515,-0.213369140625,0.889672851563,-1.22528
1.86607289314,-0.21166015625,0.901879882813,-1.38928
1.86916089058,-0.40111328125,0.803491210938,-1.49328
1.87224578857,3.37427734375,0.824975585938,-1.94528
1.8753619194,3.3327734375,0.851342773438,-2.51328
1.87844586372,3.46802734375,0.880395507813,-2.34928
1.88158988953,3.50171875,0.869897460938,-3.25328
1.88467597961,3.40455078125,1.27932128906,-2.63728
1.8877518177,3.16944335938,1.00783691406,-2.16928
1.89084196091,3.24732421875,0.649194335938,-3.66528
1.89392781258,3.49634765625,0.866235351563,-3.81328
1.89701485634,3.52100585938,0.869165039063,-4.82528
1.90010690689,3.56470703125,0.888940429688,-3.54528
1.903195858,3.47095703125,0.855493164063,-4.62528
1.90628480911,3.52198242188,0.904077148438,-4.30128
1.90937781334,-0.32982421875,0.919702148438,-3.82928
1.91247296333,-0.37865234375,0.993920898438,-3.33328
1.91555690765,3.34986328125,1.03371582031,-3.14128
1.91863393784,3.43482421875,0.967553710938,-3.40528
1.9217209816,3.54737304688,0.903344726563,-3.13328
1.92480683327,-0.35130859375,0.909936523438,-2.95728
1.92788982391,-0.3762109375,0.884301757813,-2.82528
1.93103098869,3.54859375,0.834497070313,-3.03728
1.9341108799,3.48462890625,0.869653320313,-2.68128
1.93719387054,3.53833984375,0.883325195313,-2.91728
1.94036078453,-0.37181640625,0.874536132813,-2.83728
1.94345188141,-0.36546875,0.894311523438,-3.14928
1.94653487206,3.57447265625,0.926782226563,-3.16528
1.9496178627,3.54322265625,0.886743164063,-3.30128
1.95269680023,-0.38939453125,0.866235351563,-3.49328
1.95577692986,-0.366689453125,0.859887695313,-3.33328
1.95886397362,-0.36888671875,0.886987304688,-3.43328
1.96195292473,-0.411611328125,0.909204101563,-3.55728
1.9650349617,3.5788671875,0.932641601563,-3.52128
1.96812081337,-0.400625,0.894555664063,-3.62528
1.97120690346,-0.367177734375,0.885034179688,-3.53728
1.97431397438,-0.37083984375,0.900415039063,-3.69728
1.97739291191,-0.386708984375,0.898706054688,-3.58128
1.98052978516,-0.39818359375,0.926782226563,-3.76928
1.98360991478,-0.406484375,0.898950195313,-3.88928
1.98669481277,-0.393056640625,0.891381835938,-3.86128
1.98978090286,-0.378408203125,0.902856445313,-3.01328
1.99285984039,-0.398916015625,0.920434570313,-4.06128
1.99594593048,3.57544921875,0.878930664063,-3.86528
1.99903583527,-0.405263671875,0.895532226563,-3.80928
2.00212192535,-0.3879296875,0.881616210938,-4.97328
2.00520181656,-0.3703515625,0.902856445313,-3.84928
2.00828194618,-0.386220703125,0.893823242188,-3.87728
2.01136779785,-0.378408203125,0.904077148438,-3.82128
2.01444983482,-0.3957421875,0.889184570313,-3.77728
2.01753497124,-0.37767578125,0.891381835938,-3.75728
2.02061986923,-0.3703515625,0.903588867188,-3.77328
2.02370500565,-0.372548828125,0.907006835938,-3.61728
2.02678799629,-0.368642578125,0.902856445313,-3.53728
2.02987384796,-0.39671875,0.900659179688,-3.58128
2.03295183182,-0.385244140625,0.903588867188,-3.50928
2.03603482246,-0.377919921875,0.891381835938,-3.44528
2.03911995888,-0.374013671875,0.884545898438,-3.47328
2.0422039032,-0.394521484375,0.896752929688,-3.29728
2.04528784752,-0.404775390625,0.882104492188,-3.05728
2.04836988449,-0.395009765625,0.872583007813,-3.20928
2.05145382881,-0.397939453125,0.879663085938,-3.97328
2.05453896523,-0.38451171875,0.892358398438,-2.88928
2.05761694908,-0.38548828125,0.884301757813,-2.80128
2.06069898605,-0.388662109375,0.907495117188,-2.67328
2.06377792358,-0.39623046875,0.904077148438,-2.51328
2.0668618679,-0.37279296875,0.878686523438,-2.40928
2.07000899315,-0.382314453125,0.889916992188,-2.16528
2.07309293747,-0.398916015625,0.902124023438,-2.11328
2.07620286942,-0.39427734375,0.891870117188,-2.01728
2.07936787605,-0.38939453125,0.901635742188,-1.76128
2.08248996735,-0.392080078125,0.896997070313,-1.64928
2.08557391167,-0.395498046875,0.902612304688,-1.43728
2.08865499496,-0.384267578125,0.899926757813,-1.38128
2.09174180031,-0.3820703125,0.912377929688,-1.24528
2.09482383728,-0.376943359375,0.896508789063,-0.99728
2.0979039669,-0.38939453125,0.895776367188,-0.97728
2.10107088089,-0.385,0.899194335938,-0.72528
2.10415482521,-0.381826171875,0.899926757813,-0.76128
2.10723590851,-0.384267578125,0.890893554688,-0.52928
2.11031889915,-0.37572265625,0.909204101563,-0.46528
2.1134018898,-0.38353515625,0.900659179688,-2.48928
2.11648583412,-0.195546875,0.811059570313,1.06272
2.11957192421,-0.406728515625,0.983911132813,-0.28528
2.12265300751,-0.3928125,0.859155273438,-0.85728
2.12572979927,-0.278310546875,0.873803710938,0.44672
2.12880992889,-0.388173828125,0.941186523438,1.02272
2.13189387321,-0.359853515625,0.948022460938,0.42272
2.13497781754,-0.40501953125,0.913842773438,0.42672
2.13806200027,-0.358876953125,0.934594726563,0.49872
2.14114689827,-0.38353515625,0.949487304688,0.35872
2.14423084259,-0.382802734375,0.913842773438,0.26272
2.14731884003,-0.3771875,0.887963867188,0.38672
2.15039896965,-0.36205078125,0.874047851563,0.23072
2.15347790718,-0.343251953125,0.900903320313,0.13072
2.15655994415,-0.363759765625,0.940698242188,1.13872
2.15964078903,-0.374501953125,0.919702148438,0.06672
2.16272878647,-0.37181640625,0.899926757813,0.08672
2.16581892967,-0.3547265625,0.911889648438,-0.02928
2.16890192032,-0.368154296875,0.912377929688,0.05472
2.1720468998,-0.365712890625,0.911645507813,0.06272
2.17517280579,-0.3664453125,0.911645507813,0.10672
2.17825484276,-0.369375,0.924829101563,0.05072
2.18146395683,-0.368154296875,0.916040039063,1.13472
2.18455195427,-0.35814453125,0.922631835938,-0.89328
2.18762898445,-0.360341796875,0.921655273438,0.21472
2.19070887566,-0.38158203125,0.920190429688,1.12672
2.19378995895,-0.3566796875,0.900903320313,1.11472
2.19686985016,-0.37083984375,0.915307617188,0.09472
2.20000696182,-0.3742578125,0.905053710938,0.07872
2.20309281349,-0.36595703125,0.897485351563,0.06672
2.20617389679,-0.36791015625,0.912133789063,-0.08928
2.20925688744,-0.368642578125,0.915063476563,0.03072
2.21233987808,-0.36693359375,0.913354492188,-0.12128
2.21541881561,-0.37181640625,0.915307617188,-0.02928
2.21849989891,-0.371572265625,0.916772460938,-0.04128
2.22159099579,-0.370595703125,0.934594726563,0.06672
2.22467088699,-0.365224609375,0.904321289063,0.01872
2.22775197029,-0.3703515625,0.925317382813,0.07072
2.23083591461,-0.3723046875,0.915063476563,0.16272
2.23391890526,-0.367421875,0.912866210938,0.23072
2.23700284958,-0.365712890625,0.915795898438,-0.88128
2.24008893967,-0.37181640625,0.912133789063,0.10672
2.24316978455,-0.368154296875,0.911401367188,1.11072
2.24624896049,-0.373037109375,0.906518554688,0.15072
2.24933290482,-0.36498046875,0.919702148438,-0.89728
2.25241494179,-0.374501953125,0.901879882813,0.10272
2.25549387932,-0.37181640625,0.906762695313,0.01072
2.25857400894,-0.36888671875,0.897973632813,0.05072
2.26165795326,-0.369375,0.902368164063,0.08272
2.26473999023,-0.369375,0.896020507813,0.03872
2.267816782,-0.3723046875,0.901879882813,0.08272
2.27089881897,-0.37083984375,0.913842773438,-0.89728
2.27398586273,-0.369375,0.912377929688,0.09072
2.277094841,-0.37572265625,0.904077148438,0.14272
2.28017878532,-0.363515625,0.906518554688,0.07872
2.28326177597,-0.36400390625,0.913598632813,0.13072
2.28634595871,-0.36595703125,0.919213867188,0.10272
2.28942990303,-0.371328125,0.910424804688,0.06672
2.29250884056,-0.374501953125,0.916772460938,0.03072
2.29558396339,-0.37865234375,0.923364257813,0.12272
2.2986638546,-0.38353515625,0.910180664063,0.10272
2.30174899101,-0.374501953125,0.922631835938,0.17072
2.30483078957,-0.37181640625,0.919213867188,0.10272
2.30791187286,-0.3723046875,0.916040039063,0.19072
2.3110499382,-0.372060546875,0.916528320313,0.07872
2.31413292885,-0.375234375,0.915063476563,0.12272
2.31721591949,-0.372060546875,0.913598632813,1.11072
2.3202958107,-0.383046875,0.902856445313,0.03072
2.32337498665,-0.375234375,0.907983398438,0.08272
2.32645583153,-0.37181640625,0.895288085938,-0.90528
2.32954597473,-0.371083984375,0.908471679688,0.05472
2.33262586594,-0.37474609375,0.915795898438,0.15072
2.33570981026,-0.367421875,0.913598632813,-0.10128
2.33878898621,-0.368154296875,0.912133789063,0.13872
2.34187197685,-0.375234375,0.905786132813,0.05872
2.34494996071,-0.37767578125,0.909936523438,0.02672
2.34802794456,-0.3723046875,0.914086914063,0.04272
2.35110998154,-0.371083984375,0.914575195313,-0.00528
2.35419583321,-0.370107421875,0.914575195313,0.17472
2.35727500916,-0.36888671875,0.911401367188,0.15472
2.36035585403,-0.37669921875,0.897241210938,1.13072
2.36344194412,-0.371328125,0.906762695313,0.08272
2.36652398109,-0.371328125,0.910668945313,0.09872
2.36961078644,-0.365712890625,0.913354492188,-0.90128
2.37269091606,-0.3742578125,0.908959960938,-0.88528
2.37577295303,-0.373525390625,0.910424804688,0.16272
2.37888383865,-0.376943359375,0.917260742188,0.21072
2.38196396828,-0.370107421875,0.913842773438,0.04272
2.38504600525,-0.369130859375,0.908715820313,0.05072
2.38812494278,-0.37572265625,0.923852539063,0.11072
2.39121079445,-0.371328125,0.925073242188,0.17472
2.39429092407,-0.3723046875,0.897241210938,0.09472
2.3973698616,-0.371083984375,0.898217773438,-0.85328
2.40044784546,-0.375478515625,0.908227539063,0.10272
2.40352487564,-0.383291015625,0.910913085938,0.15872
2.40660190582,-0.377431640625,0.910424804688,1.11072
2.40968585014,-0.37376953125,0.909204101563,0.20272
2.41276597977,-0.366201171875,0.920922851563,0.23072
2.41584682465,-0.3742578125,0.907250976563,0.17072
2.41892981529,-0.37572265625,0.918725585938,0.14272
2.42207884789,-0.370107421875,0.912133789063,0.16672
2.4252269268,-0.3742578125,0.916040039063,0.28672
2.42831683159,-0.3723046875,0.924829101563,0.33872
2.43139886856,-0.375478515625,0.900659179688,0.23472
2.43448495865,-0.375234375,0.916040039063,0.21872
2.43756699562,-0.372060546875,0.915307617188,0.26272
2.44064879417,-0.376455078125,0.913110351563,0.31072
2.4437289238,-0.3801171875,0.906274414063,0.44272
2.44681191444,-0.37669921875,0.909204101563,0.36672
2.44989180565,-0.38158203125,0.908959960938,0.33872
2.45297384262,-0.375234375,0.908715820313,0.38672
2.45604681969,-0.374501953125,0.906274414063,0.50272
2.45912885666,-0.383291015625,0.903588867188,0.52272
2.46221590042,-0.37865234375,0.908959960938,0.49072
2.46529793739,-0.377919921875,0.897485351563,0.51872
2.46837592125,-0.372548828125,0.918725585938,0.49472
2.47146582603,-0.374013671875,0.911157226563,0.60672
2.47454595566,-0.381337890625,0.911645507813,0.67872
2.47765493393,-0.377431640625,0.907006835938,0.66672
2.48073792458,-0.385244140625,0.898706054688,0.77072
2.48381495476,-0.379140625,0.903588867188,0.73872
2.4868979454,-0.37328125,0.919213867188,0.85472
2.4900457859,-0.3703515625,0.916772460938,0.80272
2.49313187599,-0.3781640625,0.915063476563,0.97072
2.49621677399,-0.376943359375,0.909204101563,0.75872
2.49930000305,-0.371083984375,0.895776367188,0.95472
2.5023829937,-0.37181640625,0.911889648438,0.92672
2.50546479225,-0.374501953125,0.905297851563,0.95472
2.50854277611,-0.370107421875,0.912377929688,1.07472
2.51161980629,-0.37474609375,0.920190429688,1.09072
2.51470184326,-0.380361328125,0.912866210938,1.11872
2.51778292656,-0.37474609375,0.909204101563,1.15872
2.52086997032,-0.379384765625,0.905786132813,1.08272
2.52395200729,-0.377919921875,0.908715820313,1.18672
2.52703285217,-0.38353515625,0.918725585938,1.25472
2.53011989594,-0.353017578125,0.911645507813,1.22272
2.53319883347,-0.375478515625,0.916040039063,1.22272
2.53627800941,-0.369130859375,0.903100585938,1.24672
2.53935599327,-0.375966796875,0.910180664063,1.15472
2.54243588448,-0.36546875,0.913354492188,1.31472
2.54552078247,-0.36205078125,0.908715820313,1.39472
2.54860877991,-0.36205078125,0.915795898438,1.37072
2.55169582367,-0.36498046875,0.912866210938,1.48272
2.55478000641,-0.369375,0.917504882813,1.45072
2.55786180496,-0.37474609375,0.924340820313,1.44672
2.56094288826,-0.365712890625,0.918237304688,1.39872
2.56401801109,-0.360830078125,0.911157226563,1.47472
2.5670979023,-0.366201171875,0.920922851563,1.37472
2.57018089294,-0.35765625,0.913110351563,1.36272
2.57326388359,-0.363515625,0.908715820313,1.40272
2.57634782791,-0.371572265625,0.914331054688,1.47472
2.57951283455,-0.362783203125,0.921166992188,1.34672
2.58259797096,-0.35912109375,0.917993164063,1.40672
2.58568096161,-0.357900390625,0.907983398438,1.56272
2.58876085281,-0.395009765625,0.894067382813,1.46272
2.59184098244,-0.36205078125,0.944116210938,1.39472
2.59492182732,-0.32396484375,0.930688476563,1.39072
2.59800291061,-0.36986328125,0.878930664063,1.44272
2.60108685493,-0.374501953125,0.908227539063,1.51872
2.60416984558,-0.36205078125,0.921411132813,1.41072
2.6072499752,-0.36888671875,0.916284179688,1.38672
2.6103348732,-0.362783203125,0.920678710938,1.40672
2.61341881752,-0.359365234375,0.919213867188,1.39072
2.61649489403,-0.369375,0.921899414063,1.45472
2.61957287788,-0.367421875,0.910180664063,1.51872
2.62265396118,-0.371328125,0.906030273438,1.48272
2.62573599815,-0.363515625,0.906762695313,1.59072
2.62881398201,-0.36400390625,0.899194335938,1.61072
2.63190078735,-0.373525390625,0.913598632813,1.51472
2.63498282433,-0.383046875,0.910180664063,1.59072
2.6380648613,-0.366689453125,0.917260742188,1.64672
2.6411459446,-0.35716796875,0.921655273438,1.38272
2.6442258358,-0.3547265625,0.927026367188,1.57872
2.64730596542,-0.35423828125,0.910913085938,1.60672
2.65038990974,-0.370107421875,0.925561523438,1.45872
2.65347385406,-0.358876953125,0.919213867188,1.50672
2.65655493736,-0.3723046875,0.899438476563,1.59072
2.65963888168,-0.374013671875,0.924096679688,1.53472
2.66272091866,-0.37669921875,0.896508789063,1.57872
2.6658039093,-0.371083984375,0.916040039063,1.71472
2.6689479351,-0.373037109375,0.922143554688,1.83072
2.67209386826,-0.37767578125,0.910180664063,1.75072
2.67516994476,-0.379873046875,0.917260742188,1.81472
2.67825078964,-0.351796875,0.929223632813,1.87072
2.6813659668,-0.365712890625,0.917260742188,1.98272
2.68444800377,-0.3801171875,0.888696289063,1.87072
2.68752884865,-0.36498046875,0.909448242188,1.91872
2.69061088562,-0.3547265625,0.917504882813,2.11072
2.69369292259,-0.380361328125,0.913110351563,2.11072
2.69677495956,-0.3742578125,0.930932617188,2.13072
2.69985580444,-0.361806640625,0.934838867188,2.26672
2.70293498039,-0.3957421875,0.899682617188,2.35472
2.70601892471,-0.3664453125,0.919946289063,2.25872
2.70910286903,-0.3723046875,0.931420898438,2.36272
2.71218395233,-0.3566796875,0.911645507813,2.39872
2.71526789665,-0.35521484375,0.916528320313,2.47872
2.7183508873,-0.349111328125,0.928491210938,2.41872
2.72143983841,-0.353017578125,0.940942382813,2.34272
2.72451996803,-0.357900390625,0.927514648438,2.43472
2.72760391235,-0.36009765625,0.912866210938,2.41872
2.73068881035,-0.348134765625,0.928247070313,2.21072
2.73376893997,-0.3586328125,0.934594726563,2.23872
2.73685288429,-0.3469140625,0.950708007813,2.31872
2.74000000954,-0.34837890625,0.936059570313,2.35872
2.74308490753,-0.339833984375,0.940209960938,2.19872
2.74616885185,-0.36595703125,0.925805664063,2.22672
2.74925398827,-0.35326171875,0.928979492188,3.18272
2.75233387947,-0.332998046875,0.943383789063,2.05872
2.75541090965,-0.336171875,0.932397460938,2.01872
2.75849080086,-0.332998046875,0.940942382813,1.99872
2.76157879829,-0.34935546875,0.938012695313,1.86672
2.76466083527,-0.341298828125,0.929711914063,1.90272
2.76774191856,-0.3351953125,0.938989257813,1.65072
2.77082681656,-0.34154296875,0.932153320313,1.53472
2.77390694618,-0.31224609375,0.964379882813,1.37472
2.77698779106,-0.311513671875,0.960717773438,1.33072
2.78007292747,-0.32201171875,0.940942382813,2.15872
2.78315091133,-0.31810546875,0.921166992188,1.14672
2.7862329483,-0.315419921875,0.934106445313,0.99072
2.7893178463,-0.309560546875,0.940209960938,1.00272
2.7923989296,-0.322744140625,0.938256835938,0.81472
2.79548096657,-0.318349609375,0.928491210938,0.79472
2.79856395721,-0.318349609375,0.953881835938,0.65072
2.80164885521,-0.308583984375,0.933129882813,0.65472
2.80472683907,-0.315419921875,0.940942382813,0.67072
2.80780482292,-0.3371484375,0.927026367188,0.62672
2.81089091301,-0.32591796875,0.930200195313,0.56272
2.81397294998,-0.3225,0.931909179688,0.52672
2.81705379486,-0.32201171875,0.913354492188,0.51072
2.82013988495,-0.3146875,0.944604492188,0.54672
2.8232228756,-0.30833984375,0.936547851563,0.47472
2.82630681992,-0.311025390625,0.929711914063,0.54272
2.82938480377,-0.31322265625,0.948510742188,0.36272
2.83246397972,-0.31126953125,0.928491210938,0.47872
2.8355448246,-0.30248046875,0.928247070313,0.35872
2.83862686157,-0.300283203125,0.937524414063,0.53872
2.84171390533,-0.29515625,0.945581054688,0.51472
2.84479689598,-0.303212890625,0.939477539063,0.56672
2.84787893295,-0.30248046875,0.951684570313,0.50672
2.85097098351,-0.29369140625,0.937280273438,0.55072
2.85405278206,-0.284658203125,0.950219726563,0.68672
2.85713291168,-0.289296875,0.941186523438,0.57872
2.86021184921,-0.28783203125,0.946557617188,0.59872
2.86329197884,-0.28001953125,0.951196289063,0.55472
2.86637496948,-0.276357421875,0.943383789063,0.52272
2.86950778961,-0.278798828125,0.948022460938,0.54672
2.87259078026,-0.2726953125,0.965356445313,0.55872
2.87567400932,-0.267568359375,0.950708007813,0.66272
2.87875580788,-0.273916015625,0.942651367188,0.53072
2.88186979294,-0.235830078125,0.955590820313,0.65072
2.88494896889,-0.25267578125,0.961694335938,0.64272
2.88802695274,-0.261953125,0.949975585938,0.48672
2.89110779762,-0.269033203125,0.953637695313,0.65872
2.89418792725,-0.26,0.954370117188,0.71072
2.89726996422,-0.253408203125,0.952416992188,0.69472
2.90035891533,-0.254873046875,0.941918945313,0.73072
2.90343880653,-0.248037109375,0.953881835938,0.58672
2.90651893616,-0.230458984375,0.969506835938,0.59072
2.90960097313,-0.243154296875,0.958520507813,0.63072
2.91275191307,-0.242666015625,0.961450195313,0.48272
2.91583991051,-0.23900390625,0.952905273438,0.61472
2.91891980171,-0.230703125,0.956811523438,0.57072
2.92206692696,-0.225576171875,0.961938476563,0.61072
2.92514896393,-0.22875,0.964379882813,0.54672
2.92822980881,-0.221669921875,0.970483398438,0.51072
2.93131399155,-0.218251953125,0.967065429688,0.47472
2.93439388275,-0.197255859375,0.960961914063,0.55472
2.93748188019,-0.202138671875,0.957055664063,0.50272
2.94057488441,-0.20580078125,0.973901367188,0.39072
2.94365787506,-0.1906640625,0.965356445313,0.41872
2.94674086571,-0.203115234375,0.970971679688,0.38272
2.94982790947,-0.193349609375,0.972680664063,0.31872
2.95291280746,-0.193349609375,0.970971679688,0.31072
2.95599889755,-0.184072265625,0.976342773438,0.41072
2.95908379555,-0.17259765625,0.968286132813,0.18272
2.96216988564,-0.16869140625,0.980981445313,0.19072
2.96525597572,-0.16869140625,0.959008789063,0.00272000000001
2.96833992004,-0.149892578125,0.982934570313,0.02672
2.97142386436,-0.196279296875,0.972924804688,0.02272
2.97450900078,-0.195302734375,0.986352539063,-0.16528
2.97759485245,-0.18626953125,0.978784179688,-0.16128
2.98071098328,-0.16478515625,0.978540039063,-0.26128
2.98379683495,-0.149404296875,0.984155273438,-0.26928
2.98688077927,-0.15404296875,0.996850585938,-0.42928
2.99002385139,-0.145009765625,0.996606445313,-0.46528
2.99310779572,-0.14623046875,1.00197753906,-0.58928
2.99618983269,-0.122060546875,0.974877929688,-0.73328
2.9992787838,-0.13353515625,0.974877929688,-0.68528
