1553416524.25,-0.000390625,1.01177734375,-0.01056
1553416524.26,0.00302734375,0.99908203125,-0.04256
1553416524.26,-0.002099609375,1.00396484375,0.09744
1553416524.26,-0.00478515625,0.995419921875,0.06944
1553416524.27,-0.001123046875,0.998837890625,0.01344
1553416524.27,-0.00283203125,1.00127929687,0.07744
1553416524.27,-0.002587890625,1.00372070312,0.05744
1553416524.27,-0.0013671875,1.00176757812,0.01744
1553416524.28,0.011572265625,1.01568359375,-0.02256
1553416524.28,-0.000390625,0.986630859375,0.05344
1553416524.28,0.000341796875,0.996396484375,0.02144
1553416524.29,-0.0111328125,1.004453125,-0.00656000000001
1553416524.29,0.00595703125,0.99517578125,0.04544
1553416524.29,-0.005517578125,1.00225585937,-0.07456
1553416524.3,-0.00087890625,1.00176757812,0.02544
1553416524.3,-0.003564453125,0.994443359375,-0.01456
1553416524.3,0.0044921875,0.9937109375,0.01344
1553416524.31,0.001318359375,1.00372070312,0.02944
1553416524.31,-0.004296875,1.00591796875,0.01744
1553416524.31,0.0044921875,0.99419921875,-0.01456
1553416524.31,0.001806640625,1.004453125,-0.02656
1553416524.32,-0.002099609375,0.98638671875,-0.04656
1553416524.32,-0.000390625,0.9898046875,0.06544
1553416524.32,-0.000146484375,1.00762695312,-0.03856
1553416524.33,-0.017724609375,1.00958007812,1.11744
1553416524.33,-0.0013671875,1.00713867187,-0.00256000000002
1553416524.33,-0.0072265625,0.9956640625,0.02544
1553416524.34,-0.006494140625,0.99908203125,-0.01456
1553416524.34,-0.00576171875,0.9937109375,0.02944
1553416524.34,-0.000390625,1.00640625,-0.00656000000001
1553416524.35,-0.001123046875,1.00030273437,-0.00656000000001
1553416524.35,-0.00087890625,0.99078125,0.06144
1553416524.35,-0.0013671875,1.00372070312,0.03744
1553416524.35,0.0025390625,0.99224609375,-0.01856
1553416524.36,0.01328125,1.00201171875,0.06544
1553416524.36,-0.00478515625,0.988828125,0.04944
1553416524.36,-0.0033203125,0.992734375,0.06944
1553416524.37,-0.015771484375,0.97759765625,0.05744
1553416524.37,0.013037109375,0.99810546875,0.01744
1553416524.37,-0.002587890625,0.997861328125,0.06544
1553416524.38,-0.002587890625,0.998349609375,-0.01456
1553416524.38,-0.00185546875,0.99517578125,-0.09856
1553416524.38,9.765625e-05,0.99810546875,0.05344
1553416524.39,-0.00283203125,0.996396484375,-0.07056
1553416524.39,-0.006982421875,1.00591796875,-0.00256000000002
1553416524.39,-0.002587890625,0.992978515625,0.04544
1553416524.39,-0.016259765625,0.98931640625,-0.04656
1553416524.4,0.0005859375,1.01080078125,-0.01056
1553416524.4,0.012060546875,0.9976171875,0.00144
1553416524.4,-0.01748046875,1.01543945312,0.01344
1553416524.41,0.0044921875,0.9956640625,0.06544
1553416524.41,-0.008935546875,1.0015234375,-0.05456
1553416524.41,-0.003076171875,1.01006835937,-0.01056
1553416524.42,-0.000634765625,0.994443359375,0.02944
1553416524.42,-0.0033203125,1.0054296875,-0.04656
1553416524.42,0.0015625,1.00762695312,-0.02256
1553416524.43,9.765625e-05,1.00567382812,-0.91856
1553416524.43,0.003759765625,0.989560546875,0.00943999999998
1553416524.43,-0.00234375,1.01397460937,0.00144
1553416524.43,-0.001611328125,0.99078125,-0.00256000000002
1553416524.44,0.011572265625,0.99908203125,1.10144
1553416524.44,-0.00478515625,1.0034765625,-0.06256
1553416524.44,-0.0169921875,0.988095703125,0.04944
1553416524.45,-0.005029296875,1.00201171875,0.02944
1553416524.45,-0.00185546875,0.999326171875,-0.01856
1553416524.45,-0.004296875,1.00665039062,0.01344
1553416524.46,0.002783203125,0.998837890625,0.00543999999999
1553416524.46,-0.002099609375,1.00323242187,-0.01056
1553416524.46,9.765625e-05,1.00640625,0.04144
1553416524.47,0.0005859375,0.988583984375,0.00943999999998
1553416524.47,0.01083984375,0.987119140625,-0.02256
1553416524.47,-0.016748046875,1.0034765625,-0.01056
1553416524.47,9.765625e-05,0.995908203125,0.08544
1553416524.48,-0.014794921875,1.008359375,-0.01056
1553416524.48,0.0015625,1.01373046875,-0.04256
1553416524.48,0.000341796875,1.016171875,-0.91056
1553416524.49,-0.00283203125,0.994931640625,0.00144
1553416524.49,-0.00283203125,0.9976171875,-0.04256
1553416524.49,-0.000390625,1.0093359375,0.02944
1553416524.5,-0.002099609375,0.996640625,0.02544
1553416524.5,-0.005029296875,0.991513671875,0.03744
1553416524.5,0.002294921875,1.01495117187,-0.02656
1553416524.51,-0.000146484375,0.994443359375,0.04544
1553416524.51,0.001318359375,1.01592773437,-0.00256000000002
1553416524.51,-0.004296875,0.993955078125,-0.02256
1553416524.51,0.001318359375,0.99029296875,0.08944
1553416524.52,0.00107421875,0.993955078125,0.00144
1553416524.52,0.003271484375,1.00469726562,-0.05056
1553416524.52,0.0005859375,1.00616210937,-0.00656000000001
1553416524.53,-0.000634765625,0.992978515625,0.05744
1553416524.53,0.0025390625,1.00640625,0.00144
1553416524.53,0.003759765625,1.01055664062,-0.02656
1553416524.54,0.0005859375,0.999814453125,0.03344
1553416524.54,-0.0150390625,0.986875,0.02944
1553416524.54,-0.015771484375,0.988095703125,0.01344
1553416524.55,-0.01650390625,0.988583984375,-0.01056
1553416524.55,0.00205078125,0.9995703125,-0.01056
1553416524.55,0.011572265625,1.00005859375,0.03344
1553416524.55,0.000830078125,1.004453125,1.10144
1553416524.56,0.003759765625,1.00103515625,0.00144
1553416524.56,-0.00234375,0.999326171875,-0.05856
1553416524.56,0.001318359375,1.00274414062,0.02544
1553416524.57,9.765625e-05,0.996640625,0.00943999999998
1553416524.57,0.001806640625,0.9976171875,0.02544
1553416524.57,-0.0052734375,1.01446289062,-0.01856
1553416524.58,-0.0013671875,0.99517578125,0.06144
1553416524.58,-0.012109375,0.998837890625,0.08944
1553416524.58,-0.003564453125,0.99810546875,0.01744
1553416524.59,0.009619140625,1.01568359375,0.11744
1553416524.59,0.012060546875,1.000546875,-0.01856
1553416524.59,-0.002587890625,0.997861328125,-0.03456
1553416524.6,-0.000634765625,0.993955078125,0.01744
1553416524.6,0.00302734375,1.00201171875,0.00543999999999
1553416524.6,-0.002099609375,0.9976171875,-0.00256000000002
1553416524.6,-0.001123046875,1.0015234375,-0.04256
1553416524.61,0.00205078125,0.9995703125,1.10544
1553416524.61,-0.001611328125,1.00201171875,0.03344
1553416524.61,-0.003076171875,0.9995703125,-0.05056
1553416524.62,-0.0013671875,1.00201171875,-0.00656000000001
1553416524.62,0.0044921875,0.98833984375,0.03744
1553416524.62,0.005224609375,1.01421875,-0.03856
1553416524.63,-0.01748046875,1.00103515625,0.06144
1553416524.63,-0.0033203125,0.999326171875,-0.01056
1553416524.63,-0.00380859375,0.98931640625,0.02144
1553416524.64,0.002294921875,0.995419921875,-0.01456
1553416524.64,-0.00576171875,1.0034765625,0.04944
1553416524.64,-0.000390625,1.004453125,0.00943999999998
1553416524.64,-0.00771484375,0.996640625,0.01344
1553416524.65,9.765625e-05,1.00225585937,0.02144
1553416524.65,0.0083984375,0.997373046875,-0.05456
1553416524.65,0.0123046875,0.990048828125,0.06144
1553416524.66,0.001318359375,1.01495117187,0.02944
1553416524.66,0.01279296875,0.99712890625,-0.00656000000001
1553416524.66,-0.005029296875,1.00201171875,0.13344
1553416524.67,0.0015625,1.00494140625,-0.02656
1553416524.67,-0.001611328125,0.9956640625,1.10544
1553416524.67,0.003515625,0.99859375,0.06544
1553416524.68,-0.000634765625,1.00176757812,-0.03056
1553416524.68,-0.000390625,0.989560546875,0.06944
1553416524.68,-0.002099609375,1.0132421875,0.02544
1553416524.68,-0.017236328125,1.00274414062,0.07344
1553416524.69,0.01328125,1.00201171875,0.01744
1553416524.69,0.009130859375,1.01470703125,-0.05856
1553416524.69,-0.0033203125,1.008359375,0.06944
1553416524.7,0.012060546875,0.997861328125,-0.02256
1553416524.7,0.011083984375,0.998349609375,-0.01856
1553416524.7,0.000830078125,0.99712890625,0.09344
1553416524.71,0.0005859375,1.00372070312,0.00943999999998
1553416524.71,-0.002099609375,0.996640625,0.06144
1553416524.71,-0.008935546875,1.004453125,0.04944
1553416524.72,-0.00234375,1.00323242187,-0.01856
1553416524.72,9.765625e-05,1.00103515625,0.09344
1553416524.72,9.765625e-05,1.00909179687,0.00144
1553416524.72,0.01279296875,1.00201171875,-0.02256
1553416524.73,0.0083984375,1.00762695312,-0.03056
1553416524.73,-0.00185546875,0.99322265625,0.01744
1553416524.73,0.0103515625,0.985654296875,0.10544
1553416524.74,-0.00771484375,1.00323242187,-0.07056
1553416524.74,-0.0033203125,1.00225585937,0.02944
1553416524.74,0.000830078125,0.993955078125,0.03344
1553416524.75,0.001318359375,1.00567382812,-0.05456
1553416524.75,0.001806640625,1.00201171875,-0.03456
1553416524.75,-0.00185546875,1.00201171875,0.05744
1553416524.76,0.0044921875,1.00518554687,-0.02256
1553416524.76,-0.00087890625,0.995419921875,-0.06656
1553416524.76,0.00400390625,1.00176757812,0.00543999999999
1553416524.76,-0.01748046875,1.00567382812,0.02944
1553416524.77,-0.003076171875,1.004453125,-0.09456
1553416524.77,-0.00185546875,1.01495117187,0.11744
1553416524.77,-0.000634765625,1.004453125,-0.10256
1553416524.78,-0.002587890625,1.00127929687,0.02944
1553416524.78,-0.0033203125,0.999814453125,-0.00256000000002
1553416524.78,-0.002099609375,1.00201171875,-0.03856
1553416524.79,-0.00185546875,1.01397460937,0.00943999999998
1553416524.79,9.765625e-05,1.00030273437,0.06544
1553416524.79,0.01328125,0.98736328125,-0.02656
1553416524.8,-0.016015625,0.986142578125,-0.00656000000001
1553416524.8,-0.00185546875,1.00323242187,-0.02256
1553416524.8,-0.0013671875,0.996884765625,-0.05056
1553416524.8,-0.0013671875,0.989072265625,0.05744
1553416524.81,-0.001611328125,0.992490234375,-0.03056
1553416524.81,-0.017236328125,1.004453125,-0.02656
1553416524.81,-0.004296875,0.993466796875,0.02944
1553416524.82,-0.000390625,1.00494140625,-0.09856
1553416524.82,0.00400390625,1.0025,-0.04256
1553416524.82,-0.000146484375,0.99712890625,-0.04656
1553416524.83,0.0044921875,0.999814453125,-0.06656
1553416524.83,9.765625e-05,1.01446289062,0.05744
1553416524.83,-0.00234375,0.988095703125,-0.05056
1553416524.84,-0.015283203125,1.00909179687,-0.01056
1553416524.84,-0.002587890625,0.996884765625,0.01744
1553416524.84,-0.00087890625,1.0025,0.00943999999998
1553416524.84,-0.002587890625,1.01055664062,-0.00656000000001
1553416524.85,-0.015771484375,1.00762695312,-0.03056
1553416524.85,-0.003564453125,0.992978515625,-0.01456
1553416524.85,-0.001611328125,1.00323242187,-0.04656
1553416524.86,0.00107421875,1.00176757812,-0.01856
1553416524.86,-0.006005859375,1.00762695312,-0.91056
1553416524.86,0.003515625,1.00689453125,0.02544
1553416524.87,-0.004052734375,0.995908203125,-0.14256
1553416524.87,0.011572265625,1.00469726562,-0.10256
1553416524.87,-0.00234375,0.998837890625,-0.09056
1553416524.88,0.00986328125,0.995908203125,-0.20656
1553416524.88,0.0015625,0.992978515625,-0.14256
1553416524.88,-0.006982421875,1.00005859375,-0.04256
1553416524.88,-0.016748046875,1.0093359375,-0.03856
1553416524.89,0.0044921875,1.0054296875,-0.02656
1553416524.89,0.0015625,0.9976171875,-0.90656
1553416524.89,-0.002099609375,0.99615234375,-0.14256
1553416524.9,-0.00380859375,0.99859375,-0.21456
1553416524.9,-0.0052734375,1.00420898437,-0.11056
1553416524.9,0.000341796875,1.00494140625,-0.03056
1553416524.91,-0.007958984375,1.00005859375,-0.04656
1553416524.91,-0.002587890625,1.01641601562,-0.17856
1553416524.91,0.002294921875,0.993955078125,-0.07456
1553416524.92,0.003271484375,0.9878515625,-0.16256
1553416524.92,0.01279296875,0.995419921875,-0.06256
1553416524.92,-0.006005859375,1.00811523437,-0.11456
1553416524.92,0.004736328125,1.012265625,-0.07856
1553416524.93,0.00693359375,0.99712890625,-0.19856
1553416524.93,0.005712890625,1.00567382812,-0.07856
1553416524.93,-0.008447265625,1.00225585937,-0.15856
1553416524.94,-0.003076171875,1.00420898437,-0.11856
1553416524.94,0.00595703125,1.00372070312,-0.20656
1553416524.94,0.003515625,0.99712890625,-0.05456
1553416524.95,-0.002099609375,1.00079101562,-0.19056
1553416524.95,-0.00478515625,1.01373046875,-0.21856
1553416524.95,0.002783203125,1.00005859375,-0.12656
1553416524.96,0.003515625,1.00176757812,-0.17056
1553416524.96,0.003271484375,1.004453125,-0.24656
1553416524.96,0.010595703125,1.00982421875,-0.20656
1553416524.96,-0.000634765625,0.99615234375,-0.09856
1553416524.97,0.011572265625,1.00860351562,-0.23856
1553416524.97,-0.00185546875,1.00323242187,-0.23856
1553416524.97,-0.00478515625,0.992734375,-0.09056
1553416524.98,0.00498046875,0.99859375,-0.09856
1553416524.98,0.00498046875,1.00762695312,-0.35856
1553416524.98,0.00498046875,1.01153320312,-0.21856
1553416524.99,-0.00283203125,0.98931640625,-0.03856
1553416524.99,0.009619140625,0.9858984375,-0.21456
1553416524.99,0.01083984375,1.00591796875,-0.26256
1553416525.0,0.001806640625,0.986875,-0.14256
1553416525.0,0.0123046875,0.990537109375,-0.19056
1553416525.0,0.008642578125,0.996884765625,-0.27056
1553416525.0,0.00205078125,0.9976171875,-0.21856
1553416525.01,0.003515625,1.000546875,-0.34656
1553416525.01,0.0044921875,0.99810546875,-0.19056
1553416525.01,0.002783203125,0.99859375,-0.18256
1553416525.02,0.001806640625,0.997373046875,-0.13456
1553416525.02,0.00595703125,0.9898046875,-0.18256
1553416525.02,0.004736328125,1.00689453125,-0.30656
1553416525.03,0.002783203125,1.00030273437,-0.26256
1553416525.03,0.000830078125,1.00762695312,-0.22256
1553416525.03,0.006689453125,1.01592773437,-0.26656
1553416525.04,0.00546875,1.0073828125,-0.23856
1553416525.04,0.000830078125,0.998837890625,-0.29056
1553416525.04,0.00791015625,1.00274414062,-0.16656
1553416525.04,0.00205078125,1.00494140625,-0.33456
1553416525.05,0.0025390625,1.00713867187,-0.31856
1553416525.05,0.008154296875,0.997861328125,-0.17456
1553416525.05,-0.002587890625,0.99419921875,-0.28256
1553416525.06,0.0044921875,0.995419921875,-0.19056
1553416525.06,0.004248046875,0.9976171875,-0.31056
1553416525.06,0.006689453125,0.987119140625,-0.21456
1553416525.07,-0.00087890625,1.00103515625,-0.31856
1553416525.07,0.00791015625,0.986142578125,-0.37456
1553416525.07,0.003759765625,0.99322265625,-0.34256
1553416525.08,0.01181640625,1.00787109375,-0.38656
1553416525.08,0.014013671875,1.0034765625,-0.33456
1553416525.08,0.010595703125,0.995419921875,-0.29856
1553416525.08,0.011572265625,0.99908203125,-0.21056
1553416525.09,0.0162109375,1.0073828125,-0.24256
1553416525.09,0.0123046875,1.00494140625,-0.31856
1553416525.09,0.014990234375,0.998349609375,-0.30256
1553416525.1,0.008642578125,0.994443359375,-0.25456
1553416525.1,-0.0013671875,1.0054296875,-0.33856
1553416525.1,0.01279296875,0.998837890625,-0.41456
1553416525.11,-0.000634765625,1.0015234375,-0.29056
1553416525.11,0.0181640625,1.00005859375,-0.28656
1553416525.11,0.013037109375,0.992001953125,-0.31456
1553416525.12,0.01083984375,0.992001953125,-0.43056
1553416525.12,0.018896484375,0.998349609375,-0.41456
1553416525.12,0.0181640625,0.992978515625,-0.29856
1553416525.12,0.011083984375,1.00225585937,-0.45456
1553416525.13,0.0171875,0.995419921875,-0.36656
1553416525.13,0.011572265625,1.01641601562,-0.35856
1553416525.13,0.01474609375,0.99859375,-0.61056
1553416525.14,0.0142578125,0.997373046875,-0.50656
1553416525.14,0.028173828125,1.0034765625,-0.40256
1553416525.14,0.019384765625,0.97173828125,0.26144
1553416525.15,0.0123046875,1.000546875,0.30544
1553416525.15,0.00546875,1.0171484375,-0.29456
1553416525.15,0.00888671875,0.98638671875,-0.22256
1553416525.16,0.014501953125,1.01348632812,-0.49856
1553416525.16,0.020849609375,1.0073828125,-0.70256
1553416525.16,0.0220703125,0.992734375,-0.65856
1553416525.16,0.032080078125,0.986142578125,-0.32656
1553416525.17,0.0181640625,0.988828125,0.00543999999999
1553416525.17,-0.00185546875,0.998349609375,-0.27456
1553416525.17,0.025,1.00469726562,-0.57856
1553416525.18,0.003271484375,1.01495117187,-0.63056
1553416525.18,0.0083984375,1.0054296875,-0.46256
1553416525.18,0.019384765625,0.97759765625,-0.16656
1553416525.19,0.0171875,0.993955078125,-0.00656000000001
1553416525.19,0.018896484375,1.004453125,-0.21456
1553416525.19,0.01669921875,0.994931640625,-0.25856
1553416525.2,0.025732421875,0.988095703125,-0.41056
1553416525.2,0.030126953125,1.00127929687,-0.79056
1553416525.2,0.010107421875,1.00372070312,-0.97456
1553416525.2,0.0181640625,0.994443359375,0.08544
1553416525.21,0.0240234375,0.9878515625,-0.78656
1553416525.21,0.018896484375,0.9917578125,-0.77856
1553416525.21,0.016455078125,1.01055664062,-0.83456
1553416525.22,0.001318359375,1.00420898437,-0.82256
1553416525.22,0.015966796875,0.999814453125,-0.72256
1553416525.22,0.028662109375,0.989560546875,-0.59856
1553416525.23,0.0240234375,0.994443359375,-0.37056
1553416525.23,0.008154296875,1.02862304687,-0.58656
1553416525.23,0.0240234375,0.97955078125,-0.13056
1553416525.24,0.043798828125,0.9898046875,-0.27456
1553416525.24,0.032568359375,1.00591796875,-0.60256
1553416525.24,0.024755859375,1.01250976562,-1.22256
1553416525.24,0.015234375,1.00958007812,-1.21456
1553416525.25,0.013037109375,0.997373046875,-0.63056
1553416525.25,0.016455078125,0.992734375,-1.03056
1553416525.25,0.0357421875,1.008359375,-0.77456
1553416525.26,0.02890625,1.00030273437,-0.39456
1553416525.26,0.040380859375,1.00420898437,-0.49056
1553416525.26,0.0298828125,1.03375,-1.45056
1553416525.27,0.03330078125,0.9663671875,-0.02656
1553416525.27,0.035498046875,0.9644140625,-0.79456
1553416525.27,0.04013671875,1.02056640625,-0.99056
1553416525.28,0.02060546875,1.00811523437,-1.10256
1553416525.28,0.015966796875,1.00127929687,-0.48656
1553416525.28,0.022802734375,0.995908203125,-0.80256
1553416525.28,0.0494140625,1.0093359375,-0.98256
1553416525.29,0.057958984375,1.0025,-1.21856
1553416525.29,0.035986328125,0.965634765625,-1.20656
1553416525.29,0.032080078125,1.00103515625,-0.94256
1553416525.3,0.047216796875,0.99029296875,-1.28656
1553416525.3,0.03330078125,1.0132421875,-1.45056
1553416525.3,0.019384765625,1.00689453125,-1.23056
1553416525.31,0.032568359375,0.995908203125,0.09344
1553416525.31,0.048681640625,0.993466796875,-1.21856
1553416525.31,0.04111328125,0.99029296875,-1.38256
1553416525.32,0.046728515625,1.0054296875,-1.62656
1553416525.32,0.0435546875,0.9898046875,-1.40656
1553416525.32,0.04599609375,0.97662109375,-1.16256
1553416525.32,0.055029296875,1.00616210937,-1.15456
1553416525.33,0.05087890625,0.9702734375,0.18544
1553416525.33,0.03916015625,1.04034179687,0.08544
1553416525.33,0.044287109375,1.00127929687,0.06944
1553416525.34,0.02255859375,1.00860351562,-0.17056
1553416525.34,0.04013671875,0.998349609375,-2.17456
1553416525.34,0.0650390625,1.00713867187,-2.01856
1553416525.35,0.0806640625,0.9634375,-1.51056
1553416525.35,0.04404296875,1.01202148437,-1.63456
1553416525.35,0.051611328125,1.00030273437,-1.75056
1553416525.36,0.046484375,0.99859375,-2.04656
1553416525.36,0.05869140625,1.01250976562,-2.30256
1553416525.36,0.05673828125,0.99712890625,-2.05856
1553416525.36,0.061865234375,0.974912109375,-1.57056
1553416525.37,0.066748046875,0.98833984375,-1.59056
1553416525.37,0.073095703125,1.02471679687,-2.17456
1553416525.37,0.04990234375,0.989560546875,-2.17856
1553416525.38,0.077978515625,0.97662109375,-1.44656
1553416525.38,0.053076171875,1.01250976562,-1.59856
1553416525.38,0.051123046875,0.98052734375,-0.97856
1553416525.39,0.06357421875,1.01446289062,-0.96256
1553416525.39,0.077734375,0.98150390625,-2.23856
1553416525.39,0.06845703125,0.988095703125,-2.45856
1553416525.4,0.068701171875,0.993466796875,-2.52256
1553416525.4,0.061376953125,0.987119140625,-2.41856
1553416525.4,0.060888671875,1.00567382812,-2.49856
1553416525.4,0.06064453125,1.00420898437,-3.35856
1553416525.41,0.086767578125,0.98296875,-3.60656
1553416525.41,0.083349609375,1.00176757812,-4.27856
1553416525.41,0.07138671875,0.973935546875,-4.07056
1553416525.42,0.072607421875,0.992490234375,-4.95056
1553416525.42,0.089208984375,0.989560546875,-3.70256
1553416525.42,0.084814453125,1.00958007812,-3.44256
1553416525.43,0.077734375,0.99029296875,-3.15056
1553416525.43,0.07724609375,1.00494140625,-3.32656
1553416525.43,0.06552734375,0.98345703125,-5.05456
1553416525.44,0.0611328125,0.9155859375,-4.01056
1553416525.44,0.079931640625,0.9761328125,-4.02656
1553416525.44,0.0904296875,1.01885742187,-4.73456
1553416525.44,0.100927734375,1.00079101562,-3.92656
1553416525.45,0.08408203125,0.961484375,-4.21456
1553416525.45,0.092626953125,0.996640625,-4.11056
1553416525.45,0.091650390625,0.985166015625,-4.35856
1553416525.46,0.1060546875,0.992978515625,-4.24256
1553416525.46,0.1080078125,0.993955078125,-4.81056
1553416525.46,0.1060546875,0.988583984375,-4.78256
1553416525.47,0.097509765625,0.993955078125,-4.99056
1553416525.47,0.109716796875,0.977109375,-4.45856
1553416525.47,0.112158203125,0.9878515625,-5.54656
1553416525.48,0.10751953125,0.98931640625,-5.03456
1553416525.48,0.1099609375,1.01568359375,-6.99456
1553416525.48,0.11337890625,0.992001953125,-7.31056
1553416525.48,0.118505859375,0.996640625,-7.39456
1553416525.49,0.09580078125,1.00005859375,-5.72256
1553416525.49,0.067236328125,1.02984375,-7.19856
1553416525.49,0.151708984375,0.937802734375,-5.55056
1553416525.5,0.125341796875,0.94146484375,-4.69856
1553416525.5,0.142919921875,1.00176757812,-5.04656
1553416525.5,0.122900390625,1.04961914062,-8.02256
1553416525.51,0.13095703125,0.964658203125,-6.91056
1553416525.51,0.166845703125,0.991513671875,-7.67056
1553416525.51,0.15048828125,1.00103515625,-7.65056
1553416525.52,0.1412109375,0.94537109375,-6.59856
1553416525.52,0.137060546875,0.966123046875,-5.21856
1553416525.52,0.15146484375,1.01177734375,-5.51456
1553416525.52,0.136083984375,0.942685546875,-6.00656
1553416525.53,0.14072265625,0.977109375,-6.61456
1553416525.53,0.16123046875,0.986875,-7.66256
1553416525.53,0.1431640625,0.98833984375,-7.97056
1553416525.54,0.161962890625,0.978330078125,-7.41856
1553416525.54,0.173193359375,0.9526953125,-6.13456
1553416525.54,0.181005859375,0.965390625,-4.07456
1553416525.55,0.17197265625,0.967099609375,-5.96656
1553416525.55,0.21201171875,0.974912109375,-6.50656
1553416525.55,0.191748046875,0.9878515625,-7.59456
1553416525.56,0.172216796875,0.99908203125,-8.37056
1553416525.56,0.19052734375,0.95708984375,-7.90656
1553416525.56,0.203466796875,0.96490234375,-7.94656
1553416525.56,0.218603515625,0.95220703125,-7.18656
1553416525.57,0.229345703125,0.94048828125,-6.95056
1553416525.57,0.250830078125,0.930966796875,-6.86256
1553416525.57,0.23056640625,0.934873046875,-6.48256
1553416525.58,0.237890625,0.957822265625,-6.07056
1553416525.58,0.284765625,0.90484375,-4.07856
1553416525.58,0.240576171875,0.912412109375,-2.77856
1553416525.59,0.21005859375,0.964658203125,-2.74256
1553416525.59,0.24814453125,0.947568359375,-2.06656
1553416525.59,0.306494140625,0.930478515625,-1.94656
1553416525.6,0.288427734375,0.931455078125,-0.90256
1553416525.6,0.2974609375,0.922421875,-1.14656
1553416525.6,0.305517578125,0.9351171875,-2.65056
1553416525.6,0.31796875,0.896298828125,-1.39456
1553416525.61,0.32138671875,0.904111328125,-0.19856
1553416525.61,0.26767578125,0.90533203125,-1.03056
1553416525.61,0.35947265625,0.893125,-0.19056
1553416525.62,0.321875,0.91998046875,0.66544
1553416525.62,0.326513671875,0.858212890625,2.12944
1553416525.62,0.3169921875,0.897763671875,0.83344
1553416525.63,0.38779296875,0.9097265625,1.61344
1553416525.63,0.31650390625,0.84625,3.00944
1553416525.63,0.275,0.912900390625,2.64144
1553416525.64,0.338720703125,0.947568359375,3.91344
1553416525.64,0.380712890625,0.808408203125,4.28144
1553416525.64,0.41123046875,0.874814453125,5.18144
1553416525.64,0.36728515625,0.9194921875,3.48944
1553416525.65,0.26572265625,0.861630859375,4.45344
1553416525.65,0.297705078125,0.91509765625,4.36944
1553416525.65,0.392431640625,0.92095703125,4.01744
1553416525.66,0.451513671875,0.853818359375,4.91344
1553416525.66,0.450048828125,0.857724609375,6.26944
1553416525.66,0.351171875,0.76568359375,6.02544
1553416525.67,0.25107421875,1.0913671875,1.93744
1553416525.67,0.37265625,0.863583984375,3.22544
1553416525.67,0.358740234375,0.79009765625,4.37744
1553416525.68,0.358251953125,0.971494140625,3.04544
1553416525.68,0.5240234375,1.125546875,0.65744
1553416525.68,0.431982421875,0.69390625,5.61344
1553416525.68,0.1333984375,0.81109375,3.89344
1553416525.69,0.2388671875,0.995419921875,1.94944
1553416525.69,0.338720703125,1.2290625,-4.37056
1553416525.69,0.38828125,1.168515625,-5.35456
1553416525.7,0.36826171875,1.00323242187,-1.34656
1553416525.7,0.04501953125,0.9995703125,2.48544
1553416525.7,0.120947265625,1.53246826172,-7.56656
1553416525.71,0.2857421875,1.53246826172,-11.59856
1553416525.71,0.347265625,1.53246826172,-13.77456
1553416525.71,0.01474609375,1.53246826172,-14.87456
1553416525.72,-0.134423828125,1.53246826172,-17.26656
1553416525.72,0.0884765625,1.53246826172,-24.69456
1553416525.72,0.05625,1.39727539062,-32.14256
1553416525.72,0.117041015625,1.03716796875,-35.23856
1553416525.73,0.253759765625,0.74615234375,-37.62256
1553416525.73,0.3345703125,0.2398046875,-25.45056
1553416525.73,0.5640625,0.328916015625,-26.00656
1553416525.74,0.63681640625,0.450498046875,-31.37456
1553416525.74,0.5591796875,0.190244140625,-25.45456
1553416525.74,0.650732421875,0.377255859375,-23.91056
1553416525.75,0.572119140625,0.30279296875,-19.91856
1553416525.75,0.70322265625,0.363095703125,-17.74656
1553416525.75,0.639501953125,0.5249609375,-20.19856
1553416525.76,0.4927734375,0.561826171875,-19.17856
1553416525.76,0.552587890625,0.738095703125,-17.22656
1553416525.76,0.593603515625,0.884580078125,-8.72656
1553416525.76,0.741064453125,1.21758789062,-14.73856
1553416525.77,0.529150390625,1.32232421875,-19.59456
1553416525.77,0.353857421875,1.35357421875,-21.00256
1553416525.77,0.358740234375,1.39141601562,-21.61056
1553416525.78,0.516455078125,1.3843359375,-24.79856
1553416525.78,0.438818359375,1.25420898437,-22.41456
1553416525.78,0.360693359375,1.05962890625,-21.27856
1553416525.79,0.503271484375,0.880673828125,-19.70656
1553416525.79,0.4322265625,0.7886328125,-21.75056
1553416525.79,0.460546875,0.61236328125,-20.33056
1553416525.8,0.62705078125,0.45171875,-7.92656
1553416525.8,0.799658203125,0.547177734375,-9.39056
1553416525.8,0.616796875,0.48150390625,-13.77856
1553416525.8,0.565771484375,0.610654296875,-16.01456
1553416525.81,0.79208984375,0.489560546875,-18.35056
1553416525.81,-0.002587890625,0.918271484375,-17.91456
1553416525.81,0.2798828125,1.52056640625,-24.20656
1553416525.82,0.159033203125,0.4058203125,-18.71456
1553416525.82,0.836767578125,0.500791015625,-9.97456
1553416525.82,0.510107421875,0.101376953125,-4.50656
1553416525.83,0.73544921875,0.557431640625,-6.23056
1553416525.83,0.7896484375,1.02129882812,-10.69056
1553416525.83,1.20493164062,0.33453125,-1.78656
1553416525.84,1.4234375,1.13653320312,2.40544
1553416525.84,1.42880859375,0.55767578125,0.78144
1553416525.84,1.45096435547,0.607724609375,8.66144
1553416525.84,1.48221435547,0.948056640625,6.00144
1553416525.85,1.48221435547,0.6108984375,3.90544
1553416525.85,1.48221435547,0.95171875,7.30544
1553416525.85,1.48221435547,0.8257421875,10.94144
1553416525.86,1.48221435547,0.4292578125,23.82544
1553416525.86,1.29111328125,0.9956640625,25.16944
1553416525.86,1.15122070312,0.4585546875,15.70144
1553416525.87,0.490087890625,0.13091796875,-230.13856
1553416525.87,0.987646484375,0.679501953125,23.79744
1553416525.87,0.31943359375,0.508603515625,-230.06256
1553416525.88,0.986181640625,0.729794921875,17.79344
1553416525.88,0.374609375,0.1050390625,-227.95856
1553416525.88,0.514013671875,1.2261328125,17.45344
1553416525.88,0.565283203125,0.403134765625,24.11344
1553416525.89,0.935400390625,1.21856445312,6.41344
1553416525.89,0.478125,0.517880859375,15.68144
1553416525.89,0.507666015625,0.837216796875,3.72944
1553416525.9,0.344580078125,0.558408203125,7.28544
1553416525.9,0.3287109375,0.877255859375,0.85744
1553416525.9,0.22177734375,0.55669921875,6.20144
1553416525.91,0.0953125,0.926328125,1.56144
1553416525.91,0.62998046875,0.429501953125,0.31744
1553416525.91,0.170751953125,0.96001953125,-3.18256
1553416525.92,0.10263671875,0.62603515625,-6.04656
1553416525.92,0.2896484375,0.535947265625,-4.08656
1553416525.92,0.195654296875,0.73931640625,-10.01856
1553416525.92,0.664404296875,1.51690429687,-18.32256
1553416525.93,0.024267578125,1.18871826172,-10.41856
1553416525.93,0.891455078125,2.39068359375,-26.44256
1553416525.93,0.145361328125,1.40411132812,-1.47456
1553416525.94,0.631689453125,1.48052734375,-33.97056
1553416525.94,-0.288720703125,2.54717773437,-2.33056
1553416525.94,1.210546875,1.53246826172,-15.25456
1553416525.95,-0.003564453125,-0.256044921875,-22.85456
1553416525.95,0.580908203125,0.674130859375,-9.16256
1553416525.95,1.04575195312,0.314755859375,-11.57856
1553416525.96,0.55283203125,-0.189638671875,-5.59856
1553416525.96,0.73544921875,1.10528320312,-11.83456
1553416525.96,0.43662109375,0.343076171875,-14.45856
1553416525.96,0.933935546875,-0.058291015625,-4.76656
1553416525.97,1.04038085937,0.707578125,-12.04256
1553416525.97,0.8521484375,-0.017763671875,-7.79056
1553416525.97,0.8560546875,0.6821875,-9.23856
1553416525.98,0.884130859375,0.200986328125,-8.81056
1553416525.98,0.9009765625,0.283505859375,-8.46656
1553416525.98,1.02280273437,0.375546875,-5.62656
1553416525.99,0.894140625,0.347470703125,-9.98656
1553416525.99,0.87705078125,0.27642578125,-4.55056
1553416525.99,0.847265625,0.47076171875,-4.34656
1553416526.0,0.891943359375,0.4351171875,-7.67456
1553416526.0,0.966162109375,0.49712890625,-6.74256
1553416526.0,0.930517578125,0.210263671875,-1.18256
1553416526.0,0.8033203125,0.465146484375,-3.77456
1553416526.01,0.8921875,0.45953125,-3.07456
1553416526.01,0.750830078125,0.4917578125,-5.96656
1553416526.01,0.928076171875,0.31841796875,-1.19456
1553416526.02,0.94345703125,0.44390625,-2.18656
1553416526.02,0.8375,0.4448828125,-3.17856
1553416526.02,0.85263671875,0.49126953125,-4.49856
1553416526.03,0.809423828125,0.384091796875,-4.83856
1553416526.03,0.822607421875,0.408994140625,-4.71056
1553416526.03,0.85263671875,0.392392578125,-4.91456
1553416526.04,0.788916015625,0.43853515625,-5.91456
1553416526.04,0.776953125,0.394833984375,-5.58656
1553416526.04,0.749365234375,0.378720703125,-5.11856
1553416526.04,0.679296875,0.347470703125,-5.55456
1553416526.05,0.70224609375,0.362607421875,-5.73856
1553416526.05,0.655615234375,0.364560546875,-6.95856
1553416526.05,0.651220703125,0.354306640625,-6.35856
1553416526.06,0.702978515625,0.365537109375,-8.40256
1553416526.06,0.539404296875,0.42388671875,-7.37056
1553416526.06,0.635595703125,0.211240234375,-3.15456
1553416526.07,0.60751953125,0.351865234375,-3.24656
1553416526.07,0.59384765625,0.376279296875,-3.84656
1553416526.07,0.615576171875,0.311337890625,-2.41056
1553416526.08,0.604345703125,0.332333984375,-3.91056
1553416526.08,0.513525390625,0.336728515625,-1.33456
1553416526.08,0.558447265625,0.333798828125,-0.99056
1553416526.08,0.571875,0.346005859375,-0.38256
1553416526.09,0.617041015625,0.27984375,1.50144
1553416526.09,0.6158203125,0.30083984375,2.22144
1553416526.09,0.59775390625,0.37359375,4.05344
1553416526.1,0.56455078125,0.37505859375,2.75344
1553416526.1,0.60849609375,0.25396484375,5.02544
1553416526.1,0.680029296875,0.386044921875,2.84944
1553416526.11,0.665869140625,0.408994140625,2.16144
1553416526.11,0.666357421875,0.41900390625,0.72944
1553416526.11,0.644873046875,0.38580078125,0.86544
1553416526.12,0.626806640625,0.375302734375,1.45344
1553416526.12,0.664404296875,0.4077734375,0.54944
1553416526.12,0.70078125,0.443173828125,0.31744
1553416526.12,0.776220703125,0.41021484375,1.94944
1553416526.13,0.757666015625,0.40923828125,0.91744
1553416526.13,0.7525390625,0.39361328125,2.65744
1553416526.13,0.77109375,0.4429296875,3.02144
1553416526.14,0.76669921875,0.46880859375,-0.41456
1553416526.14,0.805517578125,0.48736328125,-0.84656
1553416526.14,0.797216796875,0.454404296875,-0.53856
1553416526.15,0.76376953125,0.423642578125,-0.18256
1553416526.15,0.753271484375,0.522763671875,-1.23856
1553416526.15,0.79306640625,0.535947265625,-2.83856
1553416526.16,0.822607421875,0.4624609375,0.08144
1553416526.16,0.859716796875,0.512265625,-0.26656
1553416526.16,0.804296875,0.605771484375,-0.97856
1553416526.16,0.831884765625,0.51373046875,-2.41456
1553416526.17,0.8091796875,0.52837890625,-2.94656
1553416526.17,0.79599609375,0.5659765625,-3.77056
1553416526.17,0.8716796875,0.56158203125,-4.85856
1553416526.18,0.869482421875,0.586240234375,-4.28256
1553416526.18,0.81796875,0.58892578125,-5.61056
1553416526.18,0.826025390625,0.607236328125,-5.45856
1553416526.19,0.8111328125,0.5015234375,-4.29856
1553416526.19,0.839697265625,0.58697265625,-5.76656
1553416526.19,0.8443359375,0.64751953125,-6.54656
1553416526.2,0.87021484375,0.564755859375,-8.83856
1553416526.2,0.891943359375,0.533994140625,-6.91056
1553416526.2,0.884375,0.57916015625,-5.87856
1553416526.2,0.85458984375,0.543271484375,-5.55856
1553416526.21,0.8794921875,0.640439453125,-5.49856
1553416526.21,0.853857421875,0.745419921875,-7.33856
1553416526.21,0.88828125,0.531796875,-6.71456
1553416526.22,0.884375,0.62212890625,-4.04656
1553416526.22,0.839208984375,0.677548828125,-3.13056
1553416526.22,0.853125,0.62505859375,-4.10256
1553416526.23,0.81259765625,0.68755859375,-5.03856
1553416526.23,0.81064453125,0.675595703125,-6.89056
1553416526.23,0.73837890625,-0.06244140625,21.24144
1553416526.24,1.14609375,1.106015625,-3.69056
1553416526.24,0.58359375,1.03008789062,0.04544
1553416526.24,0.733251953125,1.12603515625,-17.79056
1553416526.24,0.697607421875,0.25201171875,-0.57456
1553416526.25,0.927587890625,0.849912109375,-9.49056
1553416526.25,0.71396484375,0.510068359375,-1.53456
1553416526.25,0.885107421875,0.984189453125,-12.08656
1553416526.26,0.689306640625,0.426083984375,-1.23056
1553416526.26,0.9087890625,0.706357421875,-4.10656
1553416526.26,0.7193359375,0.743955078125,-4.03056
1553416526.27,0.871435546875,0.716123046875,-8.33056
1553416526.27,0.81162109375,0.7759375,-5.10656
1553416526.27,1.25595703125,0.85650390625,-5.20256
1553416526.28,1.48221435547,0.4390234375,-1.09456
1553416526.28,0.525732421875,0.578671875,3.43344
1553416526.28,0.575537109375,1.01861328125,-2.82656
1553416526.28,0.75595703125,0.576474609375,-5.70256
1553416526.29,0.75498046875,0.507138671875,2.11744
1553416526.29,0.77353515625,0.81646484375,-0.08256
1553416526.29,0.646337890625,0.6382421875,-2.33856
1553416526.3,0.677099609375,0.72515625,-2.42256
1553416526.3,0.74130859375,0.715146484375,-2.28656
1553416526.3,0.740576171875,0.579892578125,-1.01056
1553416526.31,0.757177734375,0.712705078125,-0.63456
1553416526.31,0.730078125,0.56548828125,0.93344
1553416526.31,0.655859375,0.7026953125,-0.86656
1553416526.32,0.63095703125,0.685849609375,-1.56656
1553416526.32,0.733740234375,0.5776953125,-0.57456
1553416526.32,0.7759765625,0.622861328125,1.10944
1553416526.32,0.792333984375,0.5894140625,2.36144
1553416526.33,0.73349609375,0.67095703125,1.44144
1553416526.33,0.879736328125,0.73833984375,0.70144
1553416526.33,1.08188476562,0.494931640625,4.95344
1553416526.34,0.801123046875,0.5034765625,9.24544
1553416526.34,0.648291015625,0.803525390625,6.33744
1553416526.34,0.7017578125,0.57134765625,3.99744
1553416526.35,0.726416015625,0.69048828125,5.38144
1553416526.35,0.6685546875,0.622373046875,5.37344
1553416526.35,0.636328125,0.59087890625,5.66544
1553416526.36,0.718359375,0.672421875,5.41744
1553416526.36,0.816015625,0.60162109375,7.06944
1553416526.36,0.974462890625,0.59869140625,8.90144
1553416526.36,0.842626953125,0.54546875,10.68944
1553416526.37,0.63388671875,0.672177734375,8.49344
1553416526.37,0.65146484375,0.738583984375,5.32544
1553416526.37,0.755712890625,0.615048828125,6.00144
1553416526.38,0.843603515625,0.594052734375,7.58544
1553416526.38,0.824560546875,0.557919921875,11.29344
1553416526.38,0.70517578125,0.63091796875,10.82544
1553416526.39,0.69638671875,0.6733984375,9.46544
1553416526.39,0.7720703125,0.658994140625,9.12144
1553416526.39,0.847509765625,0.692685546875,7.04944
1553416526.4,0.810400390625,0.584775390625,8.66144
1553416526.4,0.6939453125,0.6226171875,9.21744
1553416526.4,0.645849609375,0.667783203125,6.84944
1553416526.4,0.6880859375,0.606748046875,7.58944
1553416526.41,0.8072265625,0.58111328125,10.34944
1553416526.41,0.916357421875,0.556943359375,12.79744
1553416526.41,0.778173828125,0.635556640625,10.84144
1553416526.42,0.65634765625,0.747861328125,9.22944
1553416526.42,0.66025390625,0.664853515625,7.24144
1553416526.42,0.72763671875,0.640927734375,7.74544
1553416526.43,0.78134765625,0.628720703125,9.02144
1553416526.43,0.782568359375,0.613828125,8.56544
1553416526.43,0.702490234375,0.65826171875,7.89744
1553416526.44,0.69345703125,0.66998046875,7.10144
1553416526.44,0.680029296875,0.60748046875,7.32944
1553416526.44,0.742041015625,0.62017578125,8.89744
1553416526.44,0.8013671875,0.6499609375,8.54944
1553416526.45,0.73935546875,0.683408203125,6.86144
1553416526.45,0.7125,0.658017578125,6.73744
1553416526.45,0.696630859375,0.6616796875,6.02544
1553416526.46,0.71787109375,0.59478515625,6.35744
1553416526.46,0.735693359375,0.672666015625,6.90944
1553416526.46,0.727392578125,0.672177734375,6.48944
1553416526.47,0.710302734375,0.680234375,5.67344
1553416526.47,0.7251953125,0.676572265625,6.23344
1553416526.47,0.74765625,0.67388671875,4.81744
1553416526.48,0.74326171875,0.668515625,5.43344
1553416526.48,0.75986328125,0.6509375,5.75344
1553416526.48,0.76865234375,0.68853515625,4.69744
1553416526.48,0.76279296875,0.671201171875,4.88544
1553416526.49,0.74716796875,0.662412109375,4.98944
1553416526.49,0.76572265625,0.67291015625,5.14144
1553416526.49,0.77939453125,0.64166015625,5.75744
1553416526.5,0.786474609375,0.65337890625,6.12944
1553416526.5,0.784765625,0.661923828125,5.70144
1553416526.5,0.771337890625,0.65240234375,5.97744
1553416526.51,0.77890625,0.648984375,5.21744
1553416526.51,0.783544921875,0.64263671875,6.53344
1553416526.51,0.77841796875,0.641416015625,6.73744
1553416526.52,0.788916015625,0.647763671875,6.64544
1553416526.52,0.791845703125,0.63140625,6.82544
1553416526.52,0.776220703125,0.650693359375,7.08944
1553416526.52,0.75205078125,0.647275390625,7.16944
1553416526.53,0.773046875,0.65044921875,6.96944
1553416526.53,0.770361328125,0.635068359375,7.35344
1553416526.53,0.7740234375,0.63287109375,7.66544
1553416526.54,0.752783203125,0.63384765625,7.84944
1553416526.54,0.74765625,0.641416015625,7.62144
1553416526.54,0.74228515625,0.651181640625,7.17744
1553416526.55,0.7369140625,0.642392578125,7.43344
1553416526.55,0.7603515625,0.6499609375,6.94144
1553416526.55,0.7232421875,0.63873046875,6.29344
1553416526.56,0.7037109375,0.63189453125,6.24544
1553416526.56,0.744482421875,0.579892578125,8.35344
1553416526.56,0.7369140625,0.58697265625,9.68544
1553416526.56,0.7193359375,0.6509375,7.26544
1553416526.57,0.713720703125,0.69146484375,5.91744
1553416526.57,0.719091796875,0.627744140625,5.92544
1553416526.57,0.724462890625,0.607236328125,7.02544
1553416526.58,0.724951171875,0.62505859375,6.72944
1553416526.58,0.714453125,0.645810546875,5.25344
1553416526.58,0.705419921875,0.61236328125,6.44944
1553416526.59,0.7486328125,0.605283203125,6.87744
1553416526.59,0.70126953125,0.581357421875,8.16544
1553416526.59,0.718359375,0.5952734375,7.52544
1553416526.6,0.70810546875,0.621396484375,8.09344
1553416526.6,0.702978515625,0.646787109375,6.44944
1553416526.6,0.71689453125,0.635556640625,6.86144
1553416526.6,0.739599609375,0.604794921875,7.12944
1553416526.61,0.740576171875,0.604306640625,8.08144
1553416526.61,0.704443359375,0.59478515625,7.70944
1553416526.61,0.72421875,0.611875,7.50544
1553416526.62,0.722021484375,0.624326171875,7.58544
1553416526.62,0.720556640625,0.58990234375,7.74944
1553416526.62,0.726171875,0.595517578125,7.98144
1553416526.63,0.71494140625,0.61578125,7.84944
1553416526.63,0.73056640625,0.595517578125,8.06144
1553416526.63,0.7193359375,0.606259765625,8.18544
1553416526.64,0.719091796875,0.61236328125,7.82944
1553416526.64,0.72373046875,0.605283203125,7.52544
1553416526.64,0.730810546875,0.6040625,7.70544
1553416526.64,0.73203125,0.606748046875,7.84944
1553416526.65,0.70908203125,0.61431640625,7.32944
1553416526.65,0.714208984375,0.607724609375,7.29344
1553416526.65,0.726171875,0.603818359375,7.17744
1553416526.66,0.756689453125,0.586728515625,7.29744
1553416526.66,0.706640625,0.633359375,7.42544
1553416526.66,0.704443359375,0.62896484375,6.37744
1553416526.67,0.745458984375,0.625791015625,6.96944
1553416526.67,0.763525390625,0.62408203125,6.80944
1553416526.67,0.722998046875,0.604306640625,6.31344
1553416526.68,0.72177734375,0.5972265625,6.38544
1553416526.68,0.73740234375,0.60943359375,7.01344
1553416526.68,0.724951171875,0.5972265625,6.34544
1553416526.68,0.7134765625,0.648740234375,4.86544
1553416526.69,0.71884765625,0.595029296875,4.43744
1553416526.69,0.74423828125,0.532529296875,6.33744
1553416526.69,0.7583984375,0.61919921875,6.09744
1553416526.7,0.674658203125,0.658505859375,5.34944
1553416526.7,0.725439453125,0.607724609375,2.16544
1553416526.7,0.684423828125,0.6636328125,-0.71056
1553416526.71,0.699072265625,0.74615234375,-0.99456
1553416526.71,0.722265625,0.4839453125,0.94944
1553416526.71,0.70126953125,0.50982421875,2.01744
1553416526.72,0.72373046875,0.6987890625,-0.41856
1553416526.72,0.644384765625,0.7417578125,-1.35456
1553416526.72,0.829443359375,0.485654296875,1.72544
1553416526.72,0.784765625,0.62017578125,1.35744
1553416526.73,0.8794921875,0.59185546875,3.15744
1553416526.73,0.80478515625,0.449521484375,7.04144
1553416526.73,0.808203125,0.48931640625,10.06944
1553416526.74,0.827734375,0.6821875,5.42144
1553416526.74,0.703466796875,0.69537109375,4.29744
1553416526.74,0.758154296875,0.57427734375,5.72944
1553416526.75,0.7291015625,0.58599609375,4.50944
1553416526.75,0.690283203125,0.74517578125,3.56144
1553416526.75,0.694677734375,0.572080078125,3.79744
1553416526.76,0.781591796875,0.6509375,3.67744
1553416526.76,0.73935546875,0.6987890625,1.95344
1553416526.76,0.713720703125,0.5620703125,3.65344
1553416526.76,0.754248046875,0.65923828125,2.50544
1553416526.77,0.729345703125,0.665830078125,1.76944
1553416526.77,0.71884765625,0.642392578125,1.13344
1553416526.77,0.731787109375,0.645810546875,-0.88656
1553416526.78,0.73349609375,0.650205078125,-1.93456
1553416526.78,0.72275390625,0.593076171875,-0.92656
1553416526.78,0.768408203125,0.589169921875,1.20944
1553416526.79,0.713720703125,0.588193359375,0.79344
1553416526.79,0.75009765625,0.617001953125,1.66144
1553416526.79,0.74228515625,0.625791015625,1.25744
1553416526.8,0.708837890625,0.62701171875,1.10144
1553416526.8,0.719580078125,0.6382421875,-1.07856
1553416526.8,0.715673828125,0.585751953125,-0.51456
1553416526.8,0.718603515625,0.570859375,0.08144
1553416526.81,0.730810546875,0.592587890625,-0.00256000000002
1553416526.81,0.726416015625,0.600888671875,-0.37856
1553416526.81,0.740576171875,0.598935546875,-0.10656
1553416526.82,0.709814453125,0.56841796875,0.37744
1553416526.82,0.722021484375,0.601376953125,1.10944
1553416526.82,0.70322265625,0.625546875,-0.18256
1553416526.83,0.722265625,0.625791015625,0.43744
1553416526.83,0.70224609375,0.65533203125,-1.63856
1553416526.83,0.67294921875,0.656796875,-2.69056
1553416526.84,0.65830078125,0.606015625,-1.18656
1553416526.84,0.65048828125,0.679501953125,-0.07056
1553416526.84,0.7623046875,0.4702734375,0.54544
1553416526.84,0.7935546875,0.628232421875,2.42944
1553416526.85,0.739599609375,0.6509375,0.38544
1553416526.85,0.7271484375,0.616513671875,-0.43056
1553416526.85,0.59873046875,0.643125,-0.39056
1553416526.86,0.7271484375,0.678037109375,-3.38656
1553416526.86,0.72421875,0.515927734375,-1.47456
1553416526.86,0.6900390625,0.656552734375,-1.83056
1553416526.87,0.73544921875,0.6323828125,-1.75456
1553416526.87,0.755712890625,0.60455078125,-2.50256
1553416526.87,0.762548828125,0.59283203125,0.50944
1553416526.88,0.777685546875,0.63580078125,-0.93456
1553416526.88,0.764990234375,0.61919921875,-0.27856
1553416526.88,0.714453125,0.641171875,-0.09056
1553416526.88,0.722998046875,0.640439453125,-2.11456
1553416526.89,0.760107421875,0.603818359375,-1.11456
1553416526.89,0.735693359375,0.647275390625,-1.20656
1553416526.89,0.753271484375,0.637265625,-1.77056
1553416526.9,0.742041015625,0.63189453125,-1.50256
1553416526.9,0.745703125,0.656064453125,-2.70656
1553416526.9,0.7203125,0.649228515625,-3.08656
1553416526.91,0.724951171875,0.6616796875,-3.31456
1553416526.91,0.75888671875,0.641416015625,-3.47856
1553416526.91,0.7564453125,0.6245703125,-3.55856
1553416526.92,0.75791015625,0.635068359375,-3.69456
1553416526.92,0.745703125,0.626279296875,-2.66656
1553416526.92,0.763037109375,0.607724609375,-2.96256
1553416526.92,0.751318359375,0.625302734375,-1.96656
1553416526.93,0.768896484375,0.651181640625,-3.50656
1553416526.93,0.75107421875,0.64166015625,-3.58256
1553416526.93,0.757177734375,0.608212890625,-3.37856
1553416526.94,0.756201171875,0.612119140625,-3.07456
1553416526.94,0.723974609375,0.65533203125,-3.11056
1553416526.94,0.74814453125,0.64751953125,-4.63856
1553416526.95,0.743505859375,0.619931640625,-4.63456
1553416526.95,0.74716796875,0.622373046875,-4.59456
1553416526.95,0.7291015625,0.61822265625,-4.49456
1553416526.96,0.73642578125,0.61919921875,-4.69856
1553416526.96,0.736669921875,0.630673828125,-4.55456
1553416526.96,0.7369140625,0.611630859375,-4.55856
1553416526.96,0.750830078125,0.613583984375,-4.21856
1553416526.97,0.7193359375,0.6275,-4.27856
1553416526.97,0.724462890625,0.6148046875,-4.60656
1553416526.97,0.719091796875,0.613095703125,-4.58256
1553416526.98,0.71005859375,0.62603515625,-4.82256
1553416526.98,0.721044921875,0.6265234375,-5.12656
1553416526.98,0.717138671875,0.625302734375,-6.01056
1553416526.99,0.700537109375,0.617978515625,-5.29856
1553416526.99,0.71640625,0.611875,-5.37056
1553416526.99,0.698095703125,0.633359375,-5.21856
1553416527.0,0.709326171875,0.631162109375,-5.32656
1553416527.0,0.728125,0.605283203125,-5.02656
1553416527.0,0.71884765625,0.611142578125,-4.79056
1553416527.0,0.7134765625,0.61822265625,-4.83456
1553416527.01,0.714208984375,0.635556640625,-5.19056
1553416527.01,0.711279296875,0.62115234375,-5.10656
1553416527.01,0.726904296875,0.632138671875,-5.37856
1553416527.02,0.723486328125,0.6401953125,-5.55456
1553416527.02,0.719580078125,0.62701171875,-5.58256
1553416527.02,0.725927734375,0.62994140625,-5.85856
1553416527.03,0.727880859375,0.633603515625,-6.03056
1553416527.03,0.73447265625,0.63677734375,-5.77856
1553416527.03,0.72568359375,0.629697265625,-5.93056
1553416527.04,0.740576171875,0.6401953125,-6.00256
1553416527.04,0.733740234375,0.6353125,-5.75856
1553416527.04,0.717138671875,0.62896484375,-5.81056
1553416527.04,0.72568359375,0.645322265625,-5.79056
1553416527.05,0.721533203125,0.652646484375,-5.61056
1553416527.05,0.73154296875,0.647763671875,-5.68256
1553416527.05,0.744970703125,0.646298828125,-5.85856
1553416527.06,0.726904296875,0.670224609375,-5.96656
1553416527.06,0.71884765625,0.652646484375,-6.11856
1553416527.06,0.72470703125,0.652890625,-6.19056
1553416527.07,0.7359375,0.647275390625,-6.20256
1553416527.07,0.73056640625,0.6401953125,-6.83856
1553416527.07,0.763525390625,0.691953125,-8.40256
1553416527.08,0.699560546875,0.63091796875,-6.34256
1553416527.08,0.75986328125,0.61919921875,-5.78256
1553416527.08,0.75986328125,0.621396484375,-5.05856
1553416527.08,0.736669921875,0.66509765625,-6.30656
1553416527.09,0.74912109375,0.652646484375,-6.11056
1553416527.09,0.778173828125,0.634091796875,-5.99056
1553416527.09,0.762060546875,0.641904296875,-5.89856
1553416527.1,0.759375,0.668271484375,-5.06256
1553416527.1,0.7740234375,0.6577734375,-5.98656
1553416527.1,0.7798828125,0.6460546875,-5.69456
1553416527.11,0.784765625,0.666318359375,-5.37456
1553416527.11,0.786962890625,0.6616796875,-5.59056
1553416527.11,0.77890625,0.66705078125,-5.54656
1553416527.12,0.775732421875,0.645810546875,-4.57456
1553416527.12,0.808203125,0.669736328125,-4.61056
1553416527.12,0.79208984375,0.676083984375,-4.02656
1553416527.12,0.769873046875,0.691708984375,-5.17456
1553416527.13,0.769873046875,0.676572265625,-4.87056
1553416527.13,0.77548828125,0.684384765625,-4.50256
1553416527.13,0.755224609375,0.688291015625,-4.68256
1553416527.14,0.74619140625,0.69634765625,-4.79056
1553416527.14,0.755712890625,0.695126953125,-4.83856
1553416527.14,0.741552734375,0.69537109375,-4.65056
1553416527.15,0.73837890625,0.700009765625,-4.92656
1553416527.15,0.734228515625,0.69439453125,-4.99056
1553416527.15,0.72568359375,0.69244140625,-4.93456
1553416527.16,0.74033203125,0.6909765625,-6.04656
1553416527.16,0.754736328125,0.67828125,-4.92256
1553416527.16,0.73984375,0.67583984375,-4.95056
1553416527.16,0.73447265625,0.679990234375,-4.50256
1553416527.17,0.75693359375,0.6831640625,-4.31856
1553416527.17,0.742529296875,0.65533203125,-3.06656
1553416527.17,0.765478515625,0.672177734375,-4.41456
1553416527.18,0.7330078125,0.6509375,-4.37856
1553416527.18,0.75595703125,0.6509375,-3.84656
1553416527.18,0.724462890625,0.661923828125,-4.48656
1553416527.19,0.73984375,0.665830078125,-4.19856
1553416527.19,0.725927734375,0.66802734375,-4.01056
1553416527.19,0.74765625,0.645078125,-3.59456
1553416527.2,0.714208984375,0.672666015625,-3.80656
1553416527.2,0.705908203125,0.606015625,-1.72256
1553416527.2,0.70810546875,0.603330078125,-0.63856
1553416527.2,0.687353515625,0.768857421875,-1.33056
1553416527.21,0.68857421875,0.643857421875,-5.15056
1553416527.21,0.7544921875,0.736142578125,-4.35056
1553416527.21,0.760595703125,0.559384765625,-0.19056
1553416527.22,0.71884765625,0.670224609375,-2.35456
1553416527.22,0.705908203125,0.649228515625,-2.94256
1553416527.22,0.69443359375,0.706845703125,-3.61856
1553416527.23,0.721533203125,0.620908203125,-2.37456
1553416527.23,0.70224609375,0.581845703125,-2.74256
1553416527.23,0.690771484375,0.640927734375,-2.75456
1553416527.24,0.715185546875,0.629453125,-2.03456
1553416527.24,0.70029296875,0.639462890625,-3.11856
1553416527.24,0.7232421875,0.588681640625,-2.39856
1553416527.24,0.72275390625,0.633603515625,-1.56256
1553416527.25,0.711767578125,0.5933203125,-0.65056
1553416527.25,0.73642578125,0.643857421875,-1.75056
