1553416412.81,0.0019580078125,1.00411132813,-0.02504
1553416412.81,-0.0019482421875,0.99068359375,-0.05304
1553416412.82,0.0080615234375,0.991416015625,0.01496
1553416412.82,0.0009814453125,0.998984375,-0.05704
1553416412.82,-0.0085400390625,0.987509765625,-0.08904
1553416412.83,0.0095263671875,0.995078125,-0.01704
1553416412.83,-0.0036572265625,1.0009375,-0.00103999999999
1553416412.83,0.0019580078125,0.9960546875,-0.02904
1553416412.84,0.0017138671875,1.00264648438,0.09496
1553416412.84,-0.0014599609375,0.9941015625,0.14296
1553416412.84,-0.0092724609375,0.9999609375,-0.05304
1553416412.85,0.0029345703125,0.996298828125,-0.08504
1553416412.85,0.0002490234375,0.991904296875,-0.10104
1553416412.85,0.0034228515625,1.002890625,-0.00503999999998
1553416412.85,0.0166064453125,1.0038671875,0.03896
1553416412.86,-0.0034130859375,0.994345703125,1.07496
1553416412.86,0.0070849609375,1.00362304688,0.01496
1553416412.86,-0.0007275390625,0.993369140625,0.00696000000002
1553416412.87,0.0007373046875,1.00435546875,0.05096
1553416412.87,-0.0024365234375,0.99654296875,-0.06504
1553416412.87,0.0068408203125,0.991416015625,0.03496
1553416412.88,0.0012255859375,1.00533203125,-0.07704
1553416412.88,0.0195361328125,0.993857421875,-0.00904
1553416412.88,-0.0082958984375,0.993369140625,0.02696
1553416412.89,0.0158740234375,0.999228515625,-0.01304
1553416412.89,-0.0043896484375,0.98677734375,-0.02104
1553416412.89,-0.0002392578125,1.0058203125,0.01496
1553416412.89,-0.0053662109375,0.998251953125,0.03896
1553416412.9,-0.0034130859375,0.998251953125,-0.03304
1553416412.9,-0.0026806640625,1.002890625,0.03496
1553416412.9,0.0017138671875,0.99751953125,0.00296
1553416412.91,0.0014697265625,1.00435546875,-0.06504
1553416412.91,0.0034228515625,1.00264648438,-0.00904
1553416412.91,-0.0014599609375,1.00435546875,-0.04104
1553416412.92,0.0041552734375,0.991416015625,0.12296
1553416412.92,0.0002490234375,0.999228515625,0.09496
1553416412.92,-0.0031689453125,1.00166992188,-0.03704
1553416412.93,0.0022021484375,1.00801757813,-0.05704
1553416412.93,-0.0017041015625,0.997763671875,0.04296
1553416412.93,0.0012255859375,0.998251953125,0.01096
1553416412.93,0.0039111328125,0.995078125,0.07496
1553416412.94,0.0007373046875,1.00264648438,0.03496
1553416412.94,-0.0004833984375,0.994345703125,-0.00904
1553416412.94,-0.0012158203125,0.994345703125,0.00296
1553416412.95,0.0012255859375,1.01509765625,-0.02104
1553416412.95,0.0056201171875,1.01094726563,-0.04104
1553416412.95,0.0012255859375,0.98921875,0.12696
1553416412.96,-0.0097607421875,0.994345703125,0.04296
1553416412.96,-0.0004833984375,0.99751953125,0.08296
1553416412.96,0.0024462890625,0.988486328125,0.04296
1553416412.97,0.0041552734375,0.99556640625,-0.00103999999999
1553416412.97,-0.0012158203125,0.9980078125,0.03496
1553416412.97,-0.0017041015625,0.996787109375,-0.01304
1553416412.97,0.0002490234375,0.999716796875,-0.04104
1553416412.98,0.0004931640625,0.992880859375,0.01496
1553416412.98,-0.0002392578125,0.994345703125,1.07496
1553416412.98,0.0034228515625,0.985068359375,-0.09304
1553416412.99,0.0041552734375,1.00240234375,-0.01304
1553416412.99,-0.0002392578125,1.00362304688,0.00296
1553416412.99,-0.0004833984375,1.00533203125,0.09096
1553416413.0,-0.0097607421875,1.0116796875,-0.01704
1553416413.0,0.0004931640625,1.00508789063,-0.04104
1553416413.0,-0.0039013671875,1.00801757813,-0.03704
1553416413.01,0.0043994140625,0.9999609375,0.04296
1553416413.01,4.8828125e-06,0.999228515625,0.05496
1553416413.01,0.0031787109375,0.99703125,-0.03304
1553416413.01,0.0034228515625,0.994833984375,0.00696000000002
1553416413.02,0.0014697265625,1.00044921875,0.01096
1553416413.02,-0.0017041015625,0.990927734375,-0.00503999999998
1553416413.02,0.0061083984375,0.9980078125,0.04296
1553416413.03,0.0041552734375,0.989951171875,-0.03704
1553416413.03,-0.0019482421875,0.9921484375,0.02296
1553416413.03,-0.0102490234375,0.98580078125,-0.04904
1553416413.04,-0.0026806640625,0.99849609375,0.01096
1553416413.04,0.0007373046875,0.99751953125,-0.01304
1553416413.04,0.0004931640625,1.00313476563,-0.00503999999998
1553416413.05,-0.0017041015625,1.00044921875,0.03096
1553416413.05,0.0046435546875,0.998740234375,-0.09704
1553416413.05,-0.0024365234375,1.00362304688,0.01096
1553416413.06,0.0146533203125,1.00044921875,-0.04104
1553416413.06,-0.0031689453125,0.997763671875,0.02696
1553416413.06,0.0161181640625,0.9901953125,0.03496
1553416413.06,0.0004931640625,0.98921875,0.00696000000002
1553416413.07,0.0041552734375,1.00606445313,0.06296
1553416413.07,0.0034228515625,0.9941015625,-0.02904
1553416413.07,0.0024462890625,0.996787109375,0.05096
1553416413.08,-0.0019482421875,1.00264648438,-0.06904
1553416413.08,0.0014697265625,0.99751953125,0.05096
1553416413.08,0.0029345703125,1.00337890625,0.00696000000002
1553416413.09,0.0024462890625,1.01607421875,0.03896
1553416413.09,0.0034228515625,1.00557617188,1.08696
1553416413.09,0.0004931640625,1.0116796875,-0.00904
1553416413.1,0.0007373046875,1.0116796875,0.06696
1553416413.1,-0.0029248046875,0.988486328125,0.07496
1553416413.1,-0.0019482421875,0.997763671875,-0.00503999999998
1553416413.1,-0.0073193359375,0.997763671875,-0.03704
1553416413.11,-0.0029248046875,0.99751953125,-0.00503999999998
1553416413.11,-0.0041455078125,0.987021484375,0.02296
1553416413.12,0.0048876953125,0.99947265625,-0.09304
1553416413.12,0.0024462890625,0.998740234375,0.00696000000002
1553416413.12,0.0009814453125,1.0019140625,-0.05704
1553416413.13,0.0065966796875,1.002890625,-0.02104
1553416413.13,0.0053759765625,0.992880859375,0.02296
1553416413.13,0.0004931640625,1.0009375,0.00296
1553416413.14,-0.0012158203125,0.99263671875,-0.02904
1553416413.14,0.0004931640625,0.99458984375,0.01496
1553416413.14,0.0014697265625,0.9853125,-0.06904
1553416413.14,-0.0109814453125,0.991416015625,0.02696
1553416413.15,-0.0043896484375,1.01265625,-0.04904
1553416413.15,-0.0012158203125,0.991904296875,-0.02904
1553416413.15,-0.0002392578125,0.99458984375,-0.08504
1553416413.16,-0.0012158203125,1.00044921875,-0.00904
1553416413.16,0.0073291015625,1.00362304688,-0.04104
1553416413.16,0.0031787109375,0.9960546875,0.01496
1553416413.17,0.0026904296875,1.00337890625,-0.01304
1553416413.17,0.0034228515625,1.00044921875,-0.00904
1553416413.17,0.0036669921875,0.995322265625,-0.01304
1553416413.18,0.0017138671875,0.985068359375,0.00696000000002
1553416413.18,4.8828125e-06,1.0155859375,-0.01704
1553416413.18,-0.0046337890625,1.00850585938,-0.03304
1553416413.19,-0.0026806640625,1.00923828125,-0.00904
1553416413.19,-0.0046337890625,1.00142578125,-0.01304
1553416413.19,0.0043994140625,0.99361328125,0.01096
1553416413.19,0.0041552734375,1.00069335938,0.05896
1553416413.2,0.0031787109375,1.00118164063,-0.02504
1553416413.2,0.0014697265625,0.99556640625,-0.00503999999998
1553416413.2,0.0034228515625,0.991416015625,-0.04504
1553416413.21,-0.0009716796875,1.00166992188,-0.06104
1553416413.21,0.0036669921875,1.00044921875,-0.03304
1553416413.21,-0.0017041015625,0.99703125,-0.01304
1553416413.22,-0.0024365234375,1.00484375,-0.00103999999999
1553416413.22,-0.0021923828125,1.00923828125,-0.01304
1553416413.22,0.0004931640625,0.9862890625,-0.04904
1553416413.23,0.0004931640625,1.00899414063,-0.05304
1553416413.23,0.0046435546875,1.00362304688,0.01096
1553416413.23,0.0002490234375,1.00630859375,-0.01304
1553416413.23,0.0022021484375,0.9980078125,0.01496
1553416413.24,0.0053759765625,0.99654296875,-0.09704
1553416413.24,0.0029345703125,1.0155859375,0.00696000000002
1553416413.24,0.0026904296875,0.992392578125,0.05096
1553416413.25,-0.0097607421875,1.01534179688,-0.03304
1553416413.25,0.0012255859375,0.9980078125,0.00296
1553416413.25,0.0200244140625,0.999716796875,0.04296
1553416413.26,0.0061083984375,0.989951171875,-0.08104
1553416413.26,-0.0017041015625,0.998740234375,-0.08904
1553416413.26,0.0024462890625,0.99947265625,0.05896
1553416413.27,0.0048876953125,0.994833984375,0.01896
1553416413.27,0.0017138671875,1.00020507813,-0.06104
1553416413.27,0.0031787109375,1.0009375,0.03096
1553416413.27,0.0009814453125,0.99361328125,-0.02904
1553416413.28,0.0014697265625,0.997763671875,-0.02904
1553416413.28,0.0002490234375,1.01607421875,0.04296
1553416413.28,-0.0024365234375,1.002890625,-0.04504
1553416413.29,0.0087939453125,1.00264648438,0.02696
1553416413.29,0.0090380859375,1.00313476563,0.00296
1553416413.29,0.0058642578125,1.0019140625,-0.10104
1553416413.3,0.0014697265625,1.00118164063,-0.93304
1553416413.3,0.0004931640625,1.00069335938,0.04696
1553416413.3,0.0043994140625,0.9960546875,-0.03704
1553416413.31,0.0036669921875,0.998984375,0.00296
1553416413.31,0.0073291015625,0.99263671875,0.03896
1553416413.31,0.0046435546875,0.9999609375,0.02296
1553416413.31,0.0151416015625,1.00313476563,-0.08904
1553416413.32,0.0061083984375,1.01314453125,-0.08504
1553416413.32,0.0058642578125,0.992880859375,-0.01704
1553416413.32,0.0036669921875,0.992880859375,1.04296
1553416413.33,0.0046435546875,0.997275390625,-0.05704
1553416413.33,0.0031787109375,0.9999609375,-0.06104
1553416413.33,0.0039111328125,1.0077734375,-0.05304
1553416413.34,0.0004931640625,0.99751953125,0.01896
1553416413.34,0.0026904296875,0.993369140625,-0.02104
1553416413.34,-0.0109814453125,1.00899414063,0.01896
1553416413.35,-0.0051220703125,1.00948242188,-0.01704
1553416413.35,-0.0007275390625,0.9882421875,0.01896
1553416413.35,0.0036669921875,0.99703125,-0.07704
1553416413.35,0.0065966796875,1.01534179688,-0.07304
1553416413.36,0.0043994140625,0.99947265625,-0.11304
1553416413.36,0.0022021484375,0.998740234375,0.01496
1553416413.36,0.0024462890625,1.00044921875,-0.92504
1553416413.37,0.0056201171875,1.00459960938,-0.03704
1553416413.37,0.0092822265625,1.00557617188,-0.04504
1553416413.37,-0.0019482421875,1.00362304688,0.02296
1553416413.38,0.0175830078125,0.9941015625,-0.04104
1553416413.38,-0.0019482421875,0.9960546875,-0.07304
1553416413.38,-0.0046337890625,0.99751953125,-0.04904
1553416413.39,-0.0075634765625,0.99947265625,0.01496
1553416413.39,0.0019580078125,1.00948242188,-0.02504
1553416413.39,-0.0090283203125,1.00362304688,-0.09304
1553416413.39,0.0019580078125,0.99166015625,-0.00904
1553416413.4,-0.0019482421875,1.00875,-0.05304
1553416413.4,0.0039111328125,1.00752929688,-0.06504
1553416413.4,0.0012255859375,1.006796875,-0.00103999999999
1553416413.41,0.0004931640625,1.00362304688,-0.05304
1553416413.41,-0.0026806640625,0.988486328125,-0.00904
1553416413.41,-0.0039013671875,0.985068359375,-0.06504
1553416413.42,0.0195361328125,1.01436523438,-0.12104
1553416413.42,-0.0009716796875,1.01119140625,-0.00503999999998
1553416413.42,-0.0109814453125,1.0038671875,-0.11304
1553416413.43,0.0056201171875,0.9921484375,-0.04504
1553416413.43,0.0061083984375,1.00337890625,-0.06904
1553416413.43,0.0022021484375,1.00435546875,-0.06904
1553416413.44,0.0041552734375,1.00118164063,-0.00503999999998
1553416413.44,0.0053759765625,0.995322265625,0.00696000000002
1553416413.44,0.0085498046875,1.00264648438,-0.06504
1553416413.44,-0.0012158203125,0.9853125,-0.03704
1553416413.45,0.0026904296875,0.992880859375,-0.94504
1553416413.45,-0.0046337890625,0.996298828125,0.00296
1553416413.45,0.0078173828125,1.0009375,-0.06904
1553416413.46,0.0007373046875,0.99654296875,-0.06504
1553416413.46,-0.0019482421875,1.00508789063,-0.00103999999999
1553416413.46,0.0041552734375,1.00459960938,0.03496
1553416413.47,0.0063525390625,0.993369140625,-0.02104
1553416413.47,0.0053759765625,1.00948242188,-0.06104
1553416413.47,0.0043994140625,1.00264648438,-0.02504
1553416413.48,0.0034228515625,0.998984375,-0.04904
1553416413.48,-0.0095166015625,0.9862890625,-0.07304
1553416413.48,0.0083056640625,0.985556640625,0.02296
1553416413.48,0.0195361328125,0.99751953125,-0.05704
1553416413.49,0.0148974609375,1.00704101563,-0.08504
1553416413.49,0.0029345703125,0.993125,-0.05304
1553416413.49,0.0061083984375,1.00337890625,-0.04104
1553416413.5,0.0039111328125,1.00313476563,-0.02104
1553416413.5,0.0048876953125,0.992880859375,-0.06504
1553416413.5,0.0036669921875,1.00044921875,-0.02104
1553416413.51,-0.0034130859375,1.00826171875,-0.04504
1553416413.51,0.0063525390625,0.992392578125,-0.01304
1553416413.51,0.0195361328125,0.99703125,-0.02504
1553416413.52,0.0034228515625,0.99703125,-0.12904
1553416413.52,0.0056201171875,1.00557617188,-0.05704
1553416413.52,0.0156298828125,0.991904296875,-0.03704
1553416413.52,0.0022021484375,1.0009375,-0.07704
1553416413.53,0.0063525390625,1.00557617188,-0.14904
1553416413.53,0.0097705078125,1.00118164063,-0.03704
1553416413.53,0.0119677734375,0.999716796875,-0.03704
1553416413.54,0.0085498046875,1.00118164063,-0.06504
1553416413.54,-0.0007275390625,0.988974609375,0.03096
1553416413.54,-0.0092724609375,1.00411132813,-0.10504
1553416413.55,0.0046435546875,1.00264648438,-0.10904
1553416413.55,-0.0068310546875,1.00313476563,-0.04504
1553416413.55,0.0188037109375,0.996298828125,-0.11304
1553416413.56,0.0170947265625,1.00313476563,-0.08104
1553416413.56,0.0022021484375,0.997763671875,-0.06904
1553416413.56,0.0017138671875,1.00069335938,-0.00904
1553416413.56,0.0051318359375,1.0019140625,-0.04504
1553416413.57,0.0080615234375,0.995078125,-0.04904
1553416413.57,0.0053759765625,1.0009375,-0.12104
1553416413.57,0.0075732421875,1.0019140625,-0.01304
1553416413.58,0.0031787109375,1.00118164063,-0.27704
1553416413.58,0.0119677734375,0.9853125,-0.90504
1553416413.58,0.0056201171875,0.9862890625,0.44296
1553416413.59,0.0083056640625,1.01119140625,0.42696
1553416413.59,-0.0202587890625,1.0077734375,0.21896
1553416413.59,-0.0090283203125,0.99263671875,0.15096
1553416413.6,0.0095263671875,0.999228515625,-0.15704
1553416413.6,0.0134326171875,1.00240234375,-0.24504
1553416413.6,0.0100146484375,0.9980078125,-0.24104
1553416413.6,0.0148974609375,0.9901953125,0.03096
1553416413.61,0.0153857421875,0.977744140625,0.31896
1553416413.61,0.0004931640625,1.00215820313,0.45896
1553416413.61,-0.0007275390625,1.00826171875,0.09896
1553416413.62,-0.0056103515625,1.00362304688,0.00296
1553416413.62,-0.0100048828125,1.01290039063,-0.19304
1553416413.62,0.0200244140625,0.989951171875,-0.18904
1553416413.63,0.0097705078125,0.998984375,0.00696000000002
1553416413.63,0.0075732421875,1.00508789063,0.01496
1553416413.63,0.0083056640625,0.999716796875,0.18696
1553416413.64,0.0087939453125,1.01387695313,0.17096
1553416413.64,0.0039111328125,1.01509765625,-0.26904
1553416413.64,0.0090380859375,1.00264648438,-0.51304
1553416413.65,0.0148974609375,0.99166015625,-0.33704
1553416413.65,0.0124560546875,0.995322265625,-0.30504
1553416413.65,0.0090380859375,1.00215820313,-0.23304
1553416413.66,0.0200244140625,0.98580078125,-0.08504
1553416413.66,0.0083056640625,0.991171875,0.22696
1553416413.66,0.0048876953125,0.9960546875,0.03096
1553416413.66,-0.0107373046875,1.01119140625,-0.23704
1553416413.67,0.0112353515625,0.991416015625,0.04296
1553416413.67,0.0114794921875,0.989951171875,0.17096
1553416413.67,0.0102587890625,1.01045898438,-0.06504
1553416413.68,0.0024462890625,0.999228515625,0.09496
1553416413.68,0.0046435546875,0.994345703125,0.08696
1553416413.68,0.0058642578125,1.006796875,-0.05704
1553416413.69,0.0109912109375,0.98921875,-0.22904
1553416413.69,0.0175830078125,1.0019140625,-0.30904
1553416413.69,0.0078173828125,0.99068359375,-0.25304
1553416413.7,0.0170947265625,0.9980078125,-0.25704
1553416413.7,0.0170947265625,1.00215820313,-0.26904
1553416413.7,0.0102587890625,0.9980078125,-0.32904
1553416413.7,0.0131884765625,0.99263671875,-0.11304
1553416413.71,0.0080615234375,1.00020507813,-0.10904
1553416413.71,0.0095263671875,1.00850585938,-0.04104
1553416413.71,0.0163623046875,0.99654296875,-0.03704
1553416413.72,0.0058642578125,1.00484375,0.05496
1553416413.72,0.0090380859375,0.99703125,0.00296
1553416413.72,0.0112353515625,0.99556640625,-0.03304
1553416413.73,0.0148974609375,1.01338867188,-0.10104
1553416413.73,0.0158740234375,1.00215820313,-0.17304
1553416413.73,0.0148974609375,1.00215820313,-0.24504
1553416413.74,0.0151416015625,1.00264648438,-0.25704
1553416413.74,0.0153857421875,1.00557617188,-0.22904
1553416413.74,0.0087939453125,1.00044921875,-0.27704
1553416413.74,0.0131884765625,0.987021484375,-0.23704
1553416413.75,0.0097705078125,0.99361328125,-0.24104
1553416413.75,0.0144091796875,0.995322265625,-0.27704
1553416413.75,0.0092822265625,0.995322265625,-0.20904
1553416413.76,0.0153857421875,0.986533203125,-0.16104
1553416413.76,0.0156298828125,0.9960546875,-0.10504
1553416413.76,0.0151416015625,0.99751953125,-0.12104
1553416413.77,0.0112353515625,1.00362304688,0.01496
1553416413.77,0.0158740234375,0.995810546875,-0.06104
1553416413.77,0.0070849609375,1.0038671875,-0.17704
1553416413.78,0.0129443359375,0.99556640625,-0.11304
1553416413.78,0.0166064453125,0.9980078125,-0.26904
1553416413.78,0.0097705078125,1.0058203125,-0.32504
1553416413.79,0.0124560546875,1.01534179688,-0.13304
1553416413.79,0.0153857421875,1.0019140625,-0.20504
1553416413.79,0.0109912109375,1.00557617188,-0.36504
1553416413.79,0.0129443359375,0.99703125,-0.20104
1553416413.8,0.0158740234375,1.00313476563,-0.29704
1553416413.8,0.0131884765625,0.99849609375,-0.27304
1553416413.8,0.0109912109375,1.00142578125,-0.17704
1553416413.81,0.0131884765625,0.998984375,-0.08504
1553416413.81,0.0180712890625,0.987021484375,-0.03704
1553416413.81,0.0134326171875,1.00044921875,0.01096
1553416413.82,0.0097705078125,0.9862890625,0.02296
1553416413.82,0.0105029296875,0.98873046875,-0.13704
1553416413.82,0.0356494140625,0.991416015625,-0.07704
1553416413.83,0.0095263671875,0.994345703125,0.09896
1553416413.83,0.0127001953125,1.00215820313,-0.05704
1553416413.83,0.0158740234375,1.00875,-0.23704
1553416413.83,0.0100146484375,0.98775390625,0.03096
1553416413.84,0.0122119140625,0.997275390625,-0.12504
1553416413.84,0.0195361328125,1.00533203125,-0.52904
1553416413.84,0.0354052734375,0.991171875,-0.35704
1553416413.85,0.0192919921875,0.997763671875,-0.06904
1553416413.85,0.0068408203125,0.99947265625,-0.18504
1553416413.85,0.0127001953125,1.02388671875,-0.11704
1553416413.86,0.0158740234375,0.998984375,-0.06904
1553416413.86,0.0109912109375,1.00484375,-0.12904
1553416413.86,0.0175830078125,0.995078125,-0.14904
1553416413.87,0.0178271484375,0.992392578125,-0.15704
1553416413.87,0.0180712890625,1.00044921875,-0.16104
1553416413.87,0.0136767578125,1.00411132813,-0.23304
1553416413.87,0.0170947265625,1.00044921875,-0.16504
1553416413.88,0.0061083984375,0.993125,-0.01704
1553416413.88,0.0127001953125,0.996787109375,-0.14104
1553416413.88,0.0168505859375,1.01216796875,-0.32504
1553416413.89,0.0251513671875,1.01436523438,-0.31304
1553416413.89,0.0148974609375,0.993857421875,-0.25704
1553416413.89,0.0188037109375,0.993125,-0.34904
1553416413.9,0.0205126953125,1.00215820313,-0.22504
1553416413.9,0.0207568359375,1.00606445313,-0.26104
1553416413.9,0.0234423828125,1.00630859375,-0.14104
1553416413.91,0.0173388671875,1.00484375,-0.15304
1553416413.91,0.0349169921875,1.01412109375,-0.15304
1553416413.91,0.0334521484375,0.991171875,-0.12104
1553416413.91,0.0217333984375,0.98775390625,-0.13304
1553416413.92,0.0214892578125,0.98873046875,-0.36904
1553416413.92,0.0249072265625,0.985068359375,-0.40504
1553416413.92,0.0217333984375,0.9999609375,-0.38504
1553416413.93,0.0293017578125,0.994833984375,-0.34504
1553416413.93,0.0158740234375,0.993857421875,-0.39704
1553416413.93,0.0253955078125,1.00044921875,-0.44104
1553416413.94,0.0280810546875,0.998740234375,-0.23704
1553416413.94,0.0205126953125,0.995810546875,-0.10104
1553416413.94,0.0349169921875,1.00459960938,-0.30904
1553416413.95,0.0229541015625,0.9960546875,-0.17304
1553416413.95,0.0256396484375,0.990439453125,-0.12504
1553416413.95,0.0061083984375,1.0009375,-0.23304
1553416413.95,0.0241748046875,1.0058203125,-0.21304
1553416413.96,0.0241748046875,0.997275390625,-0.10504
1553416413.96,0.0285693359375,0.996787109375,-0.04104
1553416413.96,0.0324755859375,0.989951171875,-0.16104
1553416413.97,0.0339404296875,1.0019140625,-0.15304
1553416413.97,0.0241748046875,0.986044921875,-0.23704
1553416413.97,0.0258837890625,1.00142578125,-0.34104
1553416413.98,0.0244189453125,0.994833984375,-0.35304
1553416413.98,0.0263720703125,0.998984375,-0.41704
1553416413.98,0.0266162109375,0.991416015625,-0.25304
1553416413.99,0.0312548828125,1.00166992188,-0.21704
1553416413.99,0.0332080078125,0.9960546875,-0.38104
1553416413.99,0.0307666015625,0.993125,-0.73704
1553416414.0,0.0249072265625,1.00484375,0.15896
1553416414.0,0.0419970703125,1.01143554688,0.07496
1553416414.0,0.0493212890625,1.02999023438,-0.39304
1553416414.0,0.0710498046875,0.962607421875,0.27096
1553416414.01,0.0061083984375,1.01216796875,-0.21304
1553416414.01,0.0295458984375,0.992392578125,-0.47704
1553416414.01,0.0437060546875,1.00997070313,-0.67704
1553416414.02,0.0395556640625,0.997763671875,-0.45704
1553416414.02,0.0185595703125,0.9941015625,-0.29304
1553416414.02,0.0407763671875,0.998984375,-0.25704
1553416414.03,0.0363818359375,0.997763671875,-0.68504
1553416414.03,0.0280810546875,0.95650390625,1.01896
1553416414.03,0.0351611328125,1.045859375,-1.03704
1553416414.04,0.0236865234375,0.955771484375,0.33496
1553416414.04,0.0244189453125,1.01265625,-0.83304
1553416414.04,0.0249072265625,1.02266601563,-0.55704
1553416414.04,0.0483447265625,1.00020507813,-0.85704
1553416414.05,0.0334521484375,0.997275390625,-0.76904
1553416414.05,0.0339404296875,0.990927734375,-0.37304
1553416414.05,0.0356494140625,1.00801757813,-0.68104
1553416414.06,0.0451708984375,0.9980078125,-0.44504
1553416414.06,0.0446826171875,0.9980078125,-0.59704
1553416414.06,0.0368701171875,0.99849609375,-0.46104
1553416414.07,0.0358935546875,1.01290039063,-0.78904
1553416414.07,0.0446826171875,0.996298828125,-0.26904
1553416414.07,0.0439501953125,1.0155859375,-0.61304
1553416414.08,0.0456591796875,0.998251953125,-0.53304
1553416414.08,0.0373583984375,1.00313476563,-0.02904
1553416414.08,0.0300341796875,1.00020507813,-0.32504
1553416414.08,0.0310107421875,0.9960546875,-0.79304
1553416414.09,0.0456591796875,0.995322265625,-0.58504
1553416414.09,0.0493212890625,1.00435546875,-0.61704
1553416414.09,0.0498095703125,1.00166992188,-0.52504
1553416414.1,0.0437060546875,0.99361328125,-0.42504
1553416414.1,0.0437060546875,1.0038671875,-0.53704
1553416414.1,0.0488330078125,0.997275390625,-0.68104
1553416414.11,0.0537158203125,1.01485351563,-0.58904
1553416414.11,0.0522509765625,0.99947265625,-0.87304
1553416414.11,0.0564013671875,0.997763671875,-0.70504
1553416414.12,0.0388232421875,0.9980078125,-0.67704
1553416414.12,0.0444384765625,0.99751953125,-0.69704
1553416414.12,0.0466357421875,0.98921875,-0.72504
1553416414.12,0.0510302734375,0.997763671875,-0.65304
1553416414.13,0.0551806640625,0.993125,-0.86504
1553416414.13,0.0466357421875,0.998984375,-1.01704
1553416414.13,0.0546923828125,0.993857421875,-0.75304
1553416414.14,0.0556689453125,0.999228515625,-0.74904
1553416414.14,0.0593310546875,0.989462890625,-0.77704
1553416414.14,0.0542041015625,0.9862890625,-0.81304
1553416414.15,0.0600634765625,1.00313476563,-0.82904
1553416414.15,0.0573779296875,0.993125,-0.92904
1553416414.15,0.0581103515625,0.99849609375,-1.08504
1553416414.16,0.0549365234375,0.987265625,-0.79704
1553416414.16,0.0717822265625,1.00313476563,0.02296
1553416414.16,0.0551806640625,0.992880859375,-1.92904
1553416414.17,0.0578662109375,0.974326171875,-0.55704
1553416414.17,0.0615283203125,1.0009375,-0.85704
1553416414.17,0.0647021484375,0.988486328125,-0.70104
1553416414.17,0.0590869140625,1.022421875,-1.72104
1553416414.18,0.0632373046875,0.975302734375,-1.10904
1553416414.18,0.0678759765625,0.954794921875,-0.78504
1553416414.18,0.0615283203125,1.01631835938,-1.10104
1553416414.19,0.0671435546875,1.01290039063,-1.39704
1553416414.19,0.0678759765625,0.988486328125,-1.19304
1553416414.19,0.0759326171875,0.971884765625,-1.90504
1553416414.2,0.0730029296875,0.97212890625,-0.77304
1553416414.2,0.0725146484375,0.99703125,0.03496
1553416414.2,0.0752001953125,1.00752929688,-1.37304
1553416414.21,0.0815478515625,0.994833984375,-1.23704
1553416414.21,0.0695849609375,0.98970703125,-1.18504
1553416414.21,0.0759326171875,0.988486328125,-1.08504
1553416414.21,0.0822802734375,0.99703125,-1.07304
1553416414.22,0.0778857421875,0.99458984375,-1.15304
1553416414.22,0.0793505859375,0.99166015625,-1.27304
1553416414.22,0.0788623046875,0.98482421875,-1.34904
1553416414.23,0.0771533203125,0.9960546875,-1.81304
1553416414.23,0.0837451171875,0.982138671875,-1.23704
1553416414.23,0.0842333984375,1.01387695313,-1.68504
1553416414.24,0.0935107421875,1.00020507813,-1.64104
1553416414.24,0.0856982421875,0.99166015625,-1.32504
1553416414.24,0.0686083984375,0.99947265625,-1.13304
1553416414.25,0.0957080078125,1.0058203125,-0.69304
1553416414.25,0.0910693359375,1.00752929688,-1.05704
1553416414.25,0.0913134765625,0.9823828125,0.05896
1553416414.25,0.0881396484375,0.985068359375,-0.84104
1553416414.26,0.0813037109375,1.01998046875,-1.54904
1553416414.26,0.0935107421875,0.980185546875,-1.23704
1553416414.26,0.0998583984375,0.99654296875,-1.76904
1553416414.27,0.100102539062,0.9999609375,-2.16504
1553416414.27,0.103764648437,0.97798828125,-1.73304
1553416414.27,0.0842333984375,0.987265625,-1.89304
1553416414.28,0.108891601562,0.999228515625,-1.69704
1553416414.28,0.113041992187,0.993369140625,-2.24104
1553416414.28,0.0876513671875,1.00215820313,-2.54904
1553416414.29,0.0991259765625,0.98677734375,-2.29304
1553416414.29,0.118657226562,0.9882421875,-1.99704
1553416414.29,0.114995117187,0.998740234375,-2.07704
1553416414.29,0.105229492187,0.993125,-2.02504
1553416414.3,0.111821289062,1.00752929688,-1.34504
1553416414.3,0.163823242187,1.06807617188,-4.43304
1553416414.3,0.0905810546875,0.96236328125,-3.07704
1553416414.31,0.0991259765625,0.99751953125,-2.25304
1553416414.31,0.130864257812,1.03536132813,-4.60104
1553416414.31,0.123540039062,1.00264648438,-3.72904
1553416414.32,0.0974169921875,0.92525390625,-1.36504
1553416414.32,0.0373583984375,0.972861328125,-4.98504
1553416414.32,0.166752929687,0.98775390625,-3.96904
1553416414.33,0.137211914062,0.99458984375,-3.24504
1553416414.33,0.129155273437,0.964560546875,-2.44504
1553416414.33,0.0961962890625,1.02193359375,-3.84504
1553416414.34,0.138188476562,1.0116796875,-4.30504
1553416414.34,0.158208007812,0.94283203125,-3.85304
1553416414.34,0.139897460937,0.982138671875,-3.00504
1553416414.34,0.123784179687,1.00264648438,-4.29704
1553416414.35,0.158696289062,0.96724609375,-3.51304
1553416414.35,0.158940429687,0.987998046875,-3.28104
1553416414.35,0.129155273437,0.987021484375,-3.34504
1553416414.36,0.134038085937,0.997275390625,-2.36104
1553416414.37,0.150639648437,1.05538085938,-5.52504
1553416414.37,0.161625976562,0.91255859375,-5.97304
1553416414.38,0.187016601562,0.94673828125,-5.45304
1553416414.38,0.156987304687,1.00533203125,-5.08904
1553416414.38,0.146733398437,1.02486328125,-6.06904
1553416414.39,0.168461914062,1.0038671875,-7.34504
1553416414.39,0.196782226562,0.926962890625,-6.12504
1553416414.39,0.209965820312,0.964072265625,-4.80504
1553416414.4,0.163823242187,0.97310546875,-4.09704
1553416414.4,0.181401367187,0.994345703125,-4.15304
1553416414.4,0.210209960937,0.976279296875,-5.03304
1553416414.4,0.214848632812,0.976279296875,-6.06104
1553416414.41,0.201176757812,0.9921484375,-7.43704
1553416414.41,0.211674804687,0.925498046875,-7.30904
1553416414.41,0.228520507812,0.95162109375,-7.69704
1553416414.42,0.237553710937,0.953330078125,-8.06904
1553416414.42,0.231206054687,1.00899414063,-8.08504
1553416414.42,0.280034179687,0.91109375,-5.91704
1553416414.43,0.255131835937,0.93306640625,-4.06104
1553416414.43,0.253178710937,1.00728515625,-5.37304
1553416414.43,0.192143554687,0.97359375,-5.92104
1553416414.44,0.221440429687,0.939169921875,-6.93304
1553416414.44,0.275639648437,0.941611328125,-5.65704
1553416414.44,0.290288085937,0.93501953125,-5.08104
1553416414.44,0.255131835937,0.9775,-5.62904
1553416414.45,0.245366210937,0.959921875,-5.04504
1553416414.45,0.277836914062,0.926962890625,-3.56504
1553416414.45,0.274174804687,0.916953125,-2.52904
1553416414.46,0.273686523437,0.9530859375,-1.68504
1553416414.46,0.231206054687,0.9648046875,-1.84104
1553416414.46,0.246342773437,0.954306640625,-1.49704
1553416414.47,0.324711914062,0.894736328125,-0.99304
1553416414.47,0.364750976562,0.928427734375,-1.74504
1553416414.47,0.322758789062,0.96236328125,-1.36104
1553416414.48,0.286381835937,0.90865234375,-0.41304
1553416414.48,0.301030273437,0.946494140625,-0.56104
1553416414.48,0.296391601562,0.933310546875,-0.37304
1553416414.48,0.302006835937,0.89400390625,-0.26504
1553416414.49,0.401127929687,0.871787109375,-0.67704
1553416414.49,0.403325195312,0.9784765625,-1.53304
1553416414.49,0.314213867187,0.92232421875,0.88696
1553416414.5,0.213383789062,0.915,1.76296
1553416414.5,0.378178710937,0.86568359375,2.23896
1553416414.5,0.496586914062,0.963828125,0.17496
1553416414.51,0.369145507812,0.936728515625,0.18696
1553416414.51,0.268071289062,0.840537109375,1.87496
1553416414.51,0.380131835937,0.94234375,0.37896
1553416414.52,0.433842773437,0.891318359375,1.01096
1553416414.52,0.431889648437,0.83150390625,2.40696
1553416414.52,0.353276367187,0.99068359375,0.17096
1553416414.52,0.386235351562,0.945517578125,1.31496
1553416414.53,0.422124023437,0.717978515625,4.61496
1553416414.53,0.358159179687,0.891318359375,1.13896
1553416414.53,0.382329101562,1.02046875,-0.31704
1553416414.54,0.433598632812,0.76314453125,2.67496
1553416414.54,0.412114257812,0.8847265625,1.82696
1553416414.54,0.414067382812,0.941611328125,0.27896
1553416414.55,0.341069335937,0.774619140625,2.81096
1553416414.55,0.363774414062,0.931357421875,-0.06104
1553416414.55,0.409672851562,0.909140625,-0.36904
1553416414.56,0.427495117187,0.82515625,1.01896
1553416414.56,0.382084960937,0.8612890625,1.37896
1553416414.56,0.535649414062,0.970908203125,0.17096
1553416414.56,0.431157226562,0.88375,1.99496
1553416414.57,0.378911132812,1.05293945313,-4.80504
1553416414.57,0.383549804687,1.00557617188,2.08696
1553416414.57,0.195561523437,1.32125,-2.79704
1553416414.58,-0.158198242188,1.25606445313,-5.32504
1553416414.58,0.109624023437,1.53188232422,-7.59704
1553416414.58,0.405034179687,1.53188232422,-4.15704
1553416414.59,0.113774414062,1.53188232422,-12.27304
1553416414.59,0.0310107421875,1.53188232422,-13.33304
1553416414.59,0.214604492187,1.53188232422,-10.18104
1553416414.6,0.301762695312,1.53188232422,-12.78504
1553416414.6,0.202397460937,1.483359375,-13.61304
1553416414.6,0.0839892578125,1.07198242188,-14.59304
1553416414.6,0.219731445312,0.692099609375,-16.40104
1553416414.61,0.259038085937,0.500693359375,-18.38504
1553416414.61,0.403569335937,0.4257421875,-25.42104
1553416414.61,0.383549804687,0.365439453125,-19.80104
1553416414.62,0.634282226562,0.315634765625,-19.62104
1553416414.62,0.793461914062,0.627890625,-32.42504
1553416414.62,0.854497070312,0.062216796875,-22.18504
1553416414.63,0.938481445312,0.52291015625,-22.10104
1553416414.63,0.615239257812,0.602744140625,-17.30504
1553416414.63,0.492436523437,0.473349609375,-11.91704
1553416414.64,0.589848632812,0.595908203125,-13.85704
1553416414.64,0.704838867187,0.8593359375,-16.84504
1553416414.64,0.666997070312,0.8417578125,-14.50904
1553416414.64,0.417241210937,0.958701171875,-12.03304
1553416414.65,0.363041992187,0.87349609375,-10.49304
1553416414.65,0.294438476562,1.13326171875,-5.75704
1553416414.65,0.447514648437,1.52217773438,-11.10904
1553416414.66,0.497563476562,1.26534179688,-8.11704
1553416414.66,0.235844726562,1.36836914063,-10.58504
1553416414.66,0.278813476562,1.04659179688,-15.46504
1553416414.67,0.321538085937,1.15791992188,-16.10504
1553416414.67,0.586918945312,0.829794921875,-14.07704
1553416414.67,0.717778320312,1.09078125,-20.04104
1553416414.68,0.629887695312,0.53658203125,-18.94504
1553416414.68,0.576665039062,0.448935546875,-14.50504
1553416414.68,0.585698242187,0.163779296875,-1.77304
1553416414.68,1.36035644531,0.8026953125,-11.77304
1553416414.69,1.25903808594,0.801474609375,-15.10504
1553416414.69,1.13354980469,0.826376953125,-14.91704
1553416414.69,1.11743652344,0.629111328125,-4.25704
1553416414.7,1.47876464844,0.266318359375,5.75096
1553416414.7,1.36621582031,1.13936523438,-4.58504
1553416414.7,1.23535644531,0.869345703125,0.66696
1553416414.71,1.52020751953,0.53853515625,4.27896
1553416414.71,1.32764160156,1.27486328125,-5.94504
1553416414.71,1.22168457031,0.656455078125,4.91896
1553416414.72,1.31665527344,0.413046875,7.98296
1553416414.72,1.21631347656,0.628134765625,9.02296
1553416414.72,1.19971191406,0.81294921875,7.11496
1553416414.72,0.942875976562,0.240439453125,15.07096
1553416414.73,0.772954101562,0.37349609375,17.88296
1553416414.73,0.444340820312,0.11275390625,-227.91704
1553416414.73,0.240239257812,1.02876953125,16.89896
1553416414.74,1.29224121094,0.935263671875,9.11096
1553416414.74,0.517583007812,1.00850585938,5.19496
1553416414.74,0.518559570312,0.321005859375,7.29096
1553416414.75,0.942082519531,1.51631835938,-6.06904
1553416414.75,1.52026855469,-0.23734375,24.87896
1553416414.75,0.348332519531,1.51631835938,-30.47704
1553416414.76,1.52020751953,0.223349609375,-12.91704
1553416414.76,-0.469721679688,1.53188232422,-7.55304
1553416414.76,0.990971679687,2.78755859375,2.59096
1553416414.76,0.412846679687,0.51509765625,1.25896
1553416414.77,0.308842773437,1.53188232422,-19.67704
1553416414.77,0.906010742187,-0.161416015625,-0.96104
1553416414.77,0.0253955078125,0.611044921875,-2.06904
1553416414.78,0.664067382812,0.0468359375,-3.88904
1553416414.78,0.265141601562,0.985068359375,-10.22904
1553416414.78,0.673833007812,0.93599609375,-18.67304
1553416414.79,0.489506835937,0.053916015625,-8.00904
1553416414.79,0.653813476562,0.858603515625,-10.73304
1553416414.79,0.739018554687,0.35884765625,-4.64904
1553416414.8,0.459233398437,0.910849609375,-9.85704
1553416414.8,0.571293945312,0.6308203125,-7.40104
1553416414.8,0.562016601562,0.743369140625,-5.82504
1553416414.81,1.06030761719,0.845419921875,-7.85304
1553416414.81,0.591313476562,0.5009375,-6.36104
1553416414.81,0.493168945312,0.70357421875,-12.40504
1553416414.81,0.760258789062,0.84615234375,-14.62104
1553416414.82,0.612309570312,0.786826171875,-16.15304
1553416414.82,0.758793945312,0.821005859375,-18.76504
1553416414.82,0.716557617187,0.526328125,-12.76104
1553416414.83,0.848881835937,0.618125,-10.82104
1553416414.83,0.739995117187,0.62642578125,-9.90504
1553416414.83,0.781010742187,0.643515625,-9.40504
1553416414.84,0.689702148437,0.602744140625,-9.53704
1553416414.84,0.741948242187,0.648642578125,-8.64104
1553416414.84,0.818852539062,0.991904296875,-18.94504
1553416414.85,0.743901367187,-0.05423828125,-0.05704
1553416414.85,0.825200195312,1.25484375,-15.11704
1553416414.85,0.752446289062,3.44405273438,4.62696
1553416414.85,0.731694335937,1.28365234375,-8.46904
1553416414.86,0.791508789062,0.141318359375,0.22696
1553416414.86,0.683354492187,0.951865234375,-0.57304
1553416414.86,0.857426757812,0.603232421875,-5.77304
1553416414.87,0.325932617187,0.13326171875,5.83896
1553416414.87,0.343266601562,0.83833984375,-1.47704
1553416414.87,0.273442382812,0.356650390625,-1.78504
1553416414.88,0.677983398437,0.57466796875,-2.24504
1553416414.88,0.894291992187,0.588828125,-1.12104
1553416414.88,0.677250976562,0.503623046875,-1.60504
1553416414.89,0.728276367187,0.6952734375,-5.87304
1553416414.89,0.778569335937,0.3300390625,-0.60504
1553416414.89,0.754643554687,0.49361328125,0.51496
1553416414.89,0.729497070312,0.492880859375,2.52296
1553416414.9,0.633305664062,0.42134765625,8.19896
1553416414.9,0.731206054687,0.56001953125,6.35496
1553416414.9,0.612797851562,0.585166015625,5.42296
1553416414.91,0.650639648437,0.34224609375,9.69096
1553416414.91,0.616704101562,0.45064453125,10.63096
1553416414.91,0.659672851562,0.48970703125,11.70696
1553416414.92,0.640385742187,0.382041015625,15.26696
1553416414.92,0.531987304687,0.577109375,13.92296
1553416414.92,0.570805664062,0.55611328125,13.81896
1553416414.93,0.557133789062,0.47115234375,14.82696
1553416414.93,0.606206054687,0.454306640625,15.75096
1553416414.93,0.572270507812,0.51607421875,16.48296
1553416414.93,0.576420898437,0.556357421875,16.69896
1553416414.94,0.588383789062,0.585166015625,16.39496
1553416414.94,0.540043945312,0.517783203125,17.25096
1553416414.94,0.563237304687,0.576865234375,15.15496
1553416414.95,0.569340820312,0.618369140625,12.49896
1553416414.95,0.607670898437,0.654013671875,10.16696
1553416414.95,0.591069335937,0.57173828125,11.82696
1553416414.96,0.580815429687,0.564169921875,13.24296
1553416414.96,0.575688476562,0.56587890625,13.88696
1553416414.96,0.608647460937,0.672568359375,10.70696
1553416414.97,0.611577148437,0.70650390625,7.46696
1553416414.97,0.651860351562,0.728720703125,5.23096
1553416414.97,0.657719726562,0.6679296875,4.92696
1553416414.97,0.635502929687,0.649619140625,5.81496
1553416414.98,0.654790039062,0.6259375,6.43496
1553416414.98,0.701420898437,0.680625,6.73096
1553416414.98,0.750249023437,0.771689453125,4.35096
1553416414.99,0.784428710937,0.794638671875,2.01096
1553416414.99,0.715581054687,0.8007421875,0.87896
1553416414.99,0.700932617187,0.741904296875,-1.39704
1553416415.0,0.692875976562,0.716513671875,-1.66904
1553416415.0,0.736088867187,0.70845703125,-2.25704
1553416415.0,0.792729492187,0.72017578125,-1.87304
1553416415.01,0.829838867187,0.7655859375,-2.89304
1553416415.01,0.871586914062,0.751669921875,-2.42104
1553416415.01,0.857182617187,0.76265625,-2.86504
1553416415.01,0.904057617187,0.77828125,-3.27704
1553416415.02,0.978764648437,0.78169921875,-4.72904
1553416415.02,1.16943847656,0.805625,-5.58504
1553416415.02,1.52020751953,0.77974609375,-4.42104
1553416415.03,1.52020751953,0.884482421875,-1.38504
1553416415.03,1.52020751953,0.971884765625,3.57896
1553416415.03,1.52020751953,1.116171875,9.05896
1553416415.04,1.51123535156,1.03145507813,13.15896
1553416415.04,0.767338867187,0.8066015625,13.33896
1553416415.04,0.0734912109375,0.32955078125,13.19896
1553416415.05,-0.0141552734375,0.702109375,3.45096
1553416415.05,0.100834960937,1.01290039063,-3.50904
1553416415.05,0.437504882812,1.3124609375,-13.78504
1553416415.05,0.701420898437,1.02388671875,-18.90904
1553416415.06,1.16699707031,0.96626953125,-8.74904
1553416415.06,1.81226074219,1.53188232422,-17.63704
1553416415.06,0.207280273437,0.717001953125,-40.12904
1553416415.07,1.52020751953,3.20430664063,-14.37704
1553416415.07,0.188237304687,0.640830078125,0.41096
1553416415.07,0.480961914062,0.994833984375,-10.13304
1553416415.08,1.34644042969,0.601767578125,-12.92104
1553416415.08,1.07812988281,0.89595703125,-4.32904
1553416415.08,1.07739746094,0.6933203125,8.77096
1553416415.09,0.528813476562,0.818076171875,8.24696
1553416415.09,0.192387695312,0.362265625,3.02696
1553416415.09,0.437993164062,0.59126953125,-0.86104
1553416415.09,0.748540039062,0.80220703125,-0.42104
1553416415.1,0.847905273437,0.746298828125,2.84696
1553416415.1,0.556157226562,0.753623046875,2.43896
1553416415.1,0.685551757812,0.679892578125,-0.08504
1553416415.11,0.718510742187,0.61275390625,1.04296
1553416415.11,0.860600585937,0.64986328125,4.41096
1553416415.11,0.754643554687,0.88619140625,4.98696
1553416415.12,0.526860351562,0.8554296875,1.33896
1553416415.12,0.509282226562,0.677939453125,1.05096
1553416415.12,0.616948242187,0.7196875,1.59896
1553416415.13,0.660893554687,0.86421875,0.70296
1553416415.13,0.660649414062,0.947470703125,-1.25304
1553416415.13,0.649174804687,0.808310546875,-0.72904
1553416415.13,0.734868164062,0.784384765625,0.18296
1553416415.14,0.654057617187,0.8495703125,0.31896
1553416415.14,0.615239257812,0.834189453125,0.45496
1553416415.14,0.642094726562,0.83150390625,-1.55704
1553416415.15,0.614262695312,0.855185546875,-3.31304
1553416415.15,0.611333007812,0.808798828125,-4.34504
1553416415.15,0.600834960937,0.7597265625,-3.29704
1553416415.16,0.657475585937,0.769248046875,-3.43304
1553416415.16,0.700200195312,0.809287109375,-4.56104
1553416415.16,0.676762695312,0.778525390625,-4.74104
1553416415.17,0.650395507812,0.775595703125,-5.12504
1553416415.17,0.643559570312,0.715537109375,-3.90504
1553416415.17,0.671391601562,0.7089453125,-3.48504
1553416415.17,0.668461914062,0.73970703125,-3.58904
1553416415.18,0.652348632812,0.75630859375,-3.70504
1553416415.18,0.665288085937,0.7597265625,-4.03304
1553416415.18,0.671879882812,0.693564453125,-3.98504
1553416415.19,0.691411132812,0.720908203125,-1.98504
1553416415.19,0.657719726562,0.776572265625,-3.97704
1553416415.19,0.645024414062,0.766318359375,-4.28904
1553416415.2,0.662846679687,0.728232421875,-4.38904
1553416415.2,0.651372070312,0.72115234375,-3.97704
1553416415.2,0.630375976562,0.7636328125,-4.25704
1553416415.21,0.647221679687,0.774619140625,-4.64504
1553416415.21,0.667485351562,0.77876953125,-4.80904
1553416415.21,0.705571289062,0.737509765625,-3.75704
1553416415.21,0.678227539062,0.76119140625,-3.07704
1553416415.22,0.670659179687,0.7480078125,-2.49704
1553416415.22,0.665532226562,0.748251953125,-2.26904
1553416415.22,0.671147460937,0.7509375,-2.42904
1553416415.23,0.657719726562,0.741416015625,-2.19704
1553416415.23,0.643071289062,0.762412109375,-2.75704
1553416415.23,0.653569335937,0.74654296875,-2.03704
1553416415.24,0.652836914062,0.735068359375,-2.69304
1553416415.24,0.660405273437,0.72603515625,-2.10504
1553416415.24,0.659428710937,0.7421484375,-2.01704
1553416415.25,0.670903320312,0.711875,-1.55304
1553416415.25,0.681401367187,0.724326171875,-1.13704
1553416415.25,0.688481445312,0.720908203125,0.04696
1553416415.25,0.680180664062,0.779501953125,-1.46504
1553416415.26,0.673100585937,0.711630859375,-1.88104
1553416415.26,0.678471679687,0.702353515625,0.47496
1553416415.26,0.693364257812,0.72994140625,0.20296
1553416415.27,0.680668945312,0.748740234375,-0.33304
1553416415.27,0.669926757812,0.72115234375,-0.36904
1553416415.27,0.678471679687,0.705283203125,-0.30504
1553416415.28,0.690678710937,0.723837890625,-0.64104
1553416415.28,0.677739257812,0.713583984375,-0.30104
1553416415.28,0.693364257812,0.70015625,0.29096
1553416415.29,0.691899414062,0.6737890625,0.83896
1553416415.29,0.697026367187,0.70650390625,1.15096
1553416415.29,0.694584960937,0.690390625,1.34296
1553416415.29,0.710942382812,0.70845703125,1.35896
1553416415.3,0.716313476562,0.70357421875,1.47896
1553416415.3,0.705571289062,0.704306640625,1.76696
1553416415.3,0.701665039062,0.695029296875,2.14296
1553416415.31,0.704106445312,0.70455078125,2.16696
1553416415.31,0.704106445312,0.709189453125,2.04696
1553416415.31,0.680180664062,0.693076171875,2.59496
1553416415.32,0.682133789062,0.69869140625,2.55896
1553416415.32,0.688969726562,0.70064453125,2.29896
1553416415.32,0.691899414062,0.7089453125,2.05496
1553416415.33,0.684575195312,0.72408203125,1.99496
1553416415.33,0.684575195312,0.696494140625,2.25496
1553416415.33,0.687016601562,0.699423828125,2.23896
1553416415.33,0.690678710937,0.723349609375,1.44696
1553416415.34,0.687993164062,0.726767578125,1.77096
1553416415.34,0.701665039062,0.7040625,1.57096
1553416415.34,0.704594726562,0.712607421875,1.42296
1553416415.35,0.696293945312,0.70259765625,1.82696
1553416415.35,0.711430664062,0.702109375,2.47496
1553416415.35,0.705571289062,0.702109375,2.50296
1553416415.36,0.698002929687,0.709677734375,1.94296
1553416415.36,0.699956054687,0.717734375,1.51496
1553416415.36,0.703862304687,0.701865234375,1.60296
1553416415.37,0.686284179687,0.711630859375,1.22696
1553416415.37,0.704350585937,0.703330078125,1.28696
1553416415.37,0.697514648437,0.693564453125,1.30696
1553416415.37,0.698735351562,0.695517578125,1.63096
1553416415.38,0.701909179687,0.694296875,1.60296
1553416415.38,0.694096679687,0.711142578125,1.40696
1553416415.38,0.697026367187,0.713583984375,1.41096
1553416415.39,0.694584960937,0.7040625,1.23096
1553416415.39,0.692875976562,0.690634765625,1.41896
1553416415.39,0.676518554687,0.70357421875,1.33496
1553416415.4,0.698002929687,0.72896484375,1.13496
1553416415.4,0.688237304687,0.72701171875,1.26696
1553416415.4,0.686528320312,0.6952734375,2.08696
1553416415.41,0.687993164062,0.722373046875,0.83096
1553416415.41,0.673588867187,0.702841796875,0.93496
1553416415.41,0.690678710937,0.720908203125,0.85096
1553416415.41,0.675541992187,0.734580078125,0.59496
1553416415.42,0.683354492187,0.730673828125,0.67496
1553416415.42,0.693120117187,0.708701171875,1.13496
1553416415.42,0.681889648437,0.75435546875,0.53096
1553416415.43,0.686040039062,0.745078125,0.25096
1553416415.43,0.683110351562,0.7538671875,-0.24904
1553416415.43,0.667241210937,0.733115234375,0.39896
1553416415.44,0.682622070312,0.7304296875,0.57896
1553416415.44,0.685307617187,0.73189453125,0.49096
1553416415.44,0.691166992187,0.7323828125,0.34296
1553416415.45,0.685795898437,0.720908203125,0.53896
1553416415.45,0.688969726562,0.729208984375,0.71896
1553416415.45,0.678471679687,0.735556640625,0.48696
1553416415.45,0.685551757812,0.72896484375,0.24296
1553416415.46,0.680913085937,0.734091796875,0.43896
1553416415.46,0.687016601562,0.734091796875,0.69896
1553416415.46,0.672856445312,0.748740234375,0.37496
1553416415.47,0.669926757812,0.727744140625,0.18696
1553416415.47,0.666020507812,0.731650390625,0.11496
1553416415.47,0.662114257812,0.72994140625,-0.92904
1553416415.48,0.670170898437,0.721640625,0.18696
1553416415.48,0.671391601562,0.734091796875,1.01496
1553416415.48,0.680668945312,0.73140625,-0.05704
1553416415.49,0.669926757812,0.7343359375,0.35496
1553416415.49,0.688725585937,0.725302734375,0.50296
1553416415.49,0.618901367187,0.752646484375,1.45896
1553416415.49,0.489750976562,0.8525,0.88296
1553416415.5,0.659672851562,0.808798828125,-1.43704
1553416415.5,0.688725585937,0.6874609375,0.33496
1553416415.5,0.702153320312,0.672568359375,1.08296
1553416415.51,0.753666992187,0.729453125,-0.92104
1553416415.51,0.742192382812,0.726767578125,0.59896
1553416415.51,0.736333007812,0.67818359375,1.71896
1553416415.52,0.678227539062,0.70162109375,1.92296
1553416415.52,0.653325195312,0.71578125,0.89896
1553416415.52,0.640629882812,0.727255859375,0.39896
1553416415.53,0.633305664062,0.738486328125,0.27096
1553416415.53,0.685307617187,0.733115234375,0.27096
1553416415.53,0.699956054687,0.743125,0.13896
1553416415.54,0.718999023437,0.744833984375,0.18296
1553416415.54,0.704594726562,0.740439453125,0.39096
1553416415.54,0.674809570312,0.72310546875,0.40296
1553416415.54,0.631352539062,0.732138671875,-0.22104
1553416415.55,0.658452148437,0.7597265625,-0.76504
1553416415.55,0.673833007812,0.748740234375,-1.02104
1553416415.55,0.689213867187,0.739462890625,-0.39704
1553416415.56,0.687749023437,0.7421484375,-0.14504
1553416415.56,0.676274414062,0.74263671875,-0.25704
1553416415.56,0.670170898437,0.738486328125,-0.61704
1553416415.57,0.685551757812,0.7382421875,-1.19704
1553416415.57,0.691411132812,0.73189453125,-1.20104
1553416415.57,0.685551757812,0.730673828125,-0.79304
1553416415.58,0.682866210937,0.72359375,-0.64904
1553416415.58,0.658208007812,0.724814453125,-0.70504
1553416415.58,0.665288085937,0.726767578125,-0.94104
1553416415.58,0.700200195312,0.736044921875,-1.00104
1553416415.59,0.687749023437,0.7226171875,-1.05304
1553416415.59,0.683598632812,0.71529296875,-0.67704
1553416415.59,0.672368164062,0.721396484375,-0.60504
1553416415.6,0.662602539062,0.719443359375,-0.92504
1553416415.6,0.676274414062,0.733359375,-1.21704
1553416415.6,0.687260742187,0.733603515625,-1.10504
1553416415.61,0.692143554687,0.720419921875,-1.93304
1553416415.61,0.664555664062,0.72701171875,-0.71704
1553416415.61,0.666997070312,0.733359375,-0.63704
1553416415.62,0.669682617187,0.73091796875,-0.48104
1553416415.62,0.673588867187,0.744345703125,-0.30504
1553416415.62,0.688237304687,0.73775390625,-0.40104
1553416415.62,0.683110351562,0.739462890625,-0.56504
1553416415.63,0.669438476562,0.731162109375,-0.62904
1553416415.63,0.662602539062,0.72115234375,-0.56904
1553416415.63,0.670903320312,0.726767578125,-0.53304
1553416415.64,0.678715820312,0.725302734375,-0.80504
1553416415.64,0.685795898437,0.7265234375,-0.79704
1553416415.64,0.689702148437,0.727255859375,-0.57704
1553416415.65,0.681889648437,0.712119140625,-0.30904
1553416415.65,0.678227539062,0.72505859375,-0.57304
1553416415.65,0.666752929687,0.70845703125,-0.54904
1553416415.66,0.689702148437,0.719931640625,-0.45304
1553416415.66,0.692143554687,0.7245703125,-0.41304
1553416415.66,0.689458007812,0.731650390625,-0.46104
1553416415.66,0.672612304687,0.729208984375,-0.57704
1553416415.67,0.671147460937,0.7323828125,-0.71704
1553416415.67,0.677739257812,0.72017578125,-0.85304
1553416415.67,0.688481445312,0.710166015625,-0.59704
1553416415.68,0.706547851562,0.707236328125,-0.30904
1553416415.68,0.682622070312,0.7343359375,-0.27304
1553416415.68,0.691655273437,0.73091796875,-0.30104
1553416415.69,0.675786132812,0.725546875,-0.46104
1553416415.69,0.688237304687,0.71724609375,-0.42504
1553416415.69,0.689213867187,0.710166015625,-0.44904
1553416415.7,0.687749023437,0.7167578125,-0.30104
1553416415.7,0.674321289062,0.711875,-0.15304
1553416415.7,0.674565429687,0.724326171875,-0.14104
1553416415.7,0.677739257812,0.725791015625,-0.35304
1553416415.71,0.681401367187,0.72212890625,-0.24904
1553416415.71,0.688237304687,0.72017578125,-0.01304
1553416415.71,0.693364257812,0.7245703125,0.13896
1553416415.72,0.702641601562,0.720419921875,-0.10904
1553416415.72,0.680180664062,0.723349609375,-0.00904
1553416415.72,0.688481445312,0.705283203125,0.16296
1553416415.73,0.676518554687,0.734580078125,0.03896
1553416415.73,0.687260742187,0.7362890625,-0.23704
1553416415.73,0.684819335937,0.7196875,-0.04904
1553416415.74,0.686772460937,0.7323828125,-0.12904
1553416415.74,0.678471679687,0.717490234375,0.04296
1553416415.74,0.686284179687,0.720419921875,-0.93704
1553416415.74,0.687504882812,0.7284765625,0.09896
1553416415.75,0.685795898437,0.72798828125,0.11096
1553416415.75,0.686284179687,0.723837890625,-0.02504
1553416415.75,0.679692382812,0.727255859375,0.02296
1553416415.76,0.673833007812,0.72408203125,-0.08104
1553416415.76,0.677495117187,0.7362890625,-0.20904
1553416415.76,0.687016601562,0.725302734375,-0.15304
1553416415.77,0.683110351562,0.72701171875,-0.20104
1553416415.77,0.692387695312,0.731162109375,-0.12504
1553416415.77,0.696049804687,0.733115234375,-0.19704
1553416415.78,0.683842773437,0.75484375,-0.54104
1553416415.78,0.690190429687,0.73189453125,-0.52904
1553416415.78,0.690190429687,0.719931640625,-0.20904
1553416415.78,0.691655273437,0.730185546875,-0.41704
1553416415.79,0.677983398437,0.723837890625,-0.39704
1553416415.79,0.691655273437,0.726279296875,-0.54904
1553416415.79,0.686528320312,0.72603515625,-0.44104
1553416415.8,0.688481445312,0.721396484375,-0.54104
1553416415.8,0.685063476562,0.729208984375,-0.48504
1553416415.8,0.676518554687,0.725546875,-0.36504
1553416415.81,0.670415039062,0.7196875,-0.27304
1553416415.81,0.675297851562,0.737509765625,-0.36904
1553416415.81,0.668217773437,0.726279296875,-0.39304
1553416415.82,0.681889648437,0.72994140625,-0.28104
1553416415.82,0.683354492187,0.73580078125,-0.16104
1553416415.82,0.671879882812,0.733603515625,-0.21304
1553416415.82,0.663090820312,0.729697265625,-0.28904
1553416415.83,0.691899414062,0.73775390625,-0.24904
1553416415.83,0.686772460937,0.7362890625,-0.21704
1553416415.83,0.683842773437,0.734580078125,-0.30104
1553416415.84,0.689458007812,0.72896484375,-0.22904
1553416415.84,0.673833007812,0.725546875,-0.27704
1553416415.84,0.677250976562,0.73580078125,-0.18104
1553416415.85,0.678471679687,0.735068359375,-0.25704
1553416415.85,0.685307617187,0.728232421875,-0.19704
1553416415.85,0.681889648437,0.731162109375,-0.19704
1553416415.86,0.681889648437,0.7265234375,-0.14104
1553416415.86,0.691899414062,0.73140625,-0.09304
1553416415.86,0.672124023437,0.728720703125,-0.14504
1553416415.86,0.683354492187,0.7275,-0.12504
1553416415.87,0.682622070312,0.72017578125,-0.13704
1553416415.87,0.676762695312,0.722861328125,0.02696
1553416415.87,0.677739257812,0.7275,-0.93304
1553416415.88,0.677495117187,0.734091796875,0.10296
1553416415.88,0.673344726562,0.733115234375,0.11096
1553416415.88,0.676030273437,0.741416015625,-0.90104
1553416415.89,0.681645507812,0.7323828125,0.00696000000002
1553416415.89,0.679204101562,0.73140625,0.07096
1553416415.89,0.673833007812,0.72798828125,0.11096
1553416415.9,0.675786132812,0.733115234375,0.21896
1553416415.9,0.677983398437,0.735556640625,0.21096
1553416415.9,0.679936523437,0.7353125,0.20296
1553416415.9,0.680668945312,0.74947265625,0.20296
1553416415.91,0.681645507812,0.72505859375,0.27496
1553416415.91,0.679204101562,0.727255859375,0.26296
1553416415.91,0.673344726562,0.722861328125,0.32296
1553416415.92,0.681889648437,0.729208984375,0.19496
1553416415.92,0.670415039062,0.726767578125,0.20696
1553416415.92,0.676030273437,0.725791015625,0.26696
1553416415.93,0.674809570312,0.72701171875,0.15496
1553416415.93,0.684819335937,0.7284765625,0.17496
1553416415.93,0.685307617187,0.72310546875,0.27496
1553416415.94,0.682866210937,0.7226171875,0.17096
1553416415.94,0.683110351562,0.719931640625,0.29496
1553416415.94,0.686040039062,0.7069921875,0.30296
1553416415.94,0.682133789062,0.728232421875,0.33896
1553416415.95,0.678227539062,0.73140625,0.28296
1553416415.95,0.674077148437,0.732138671875,0.16696
1553416415.95,0.677250976562,0.73775390625,-0.94504
1553416415.96,0.681401367187,0.73140625,0.21896
1553416415.96,0.679448242187,0.7275,0.16696
1553416415.96,0.681401367187,0.728232421875,0.20696
1553416415.97,0.684819335937,0.727255859375,0.17496
1553416415.97,0.678471679687,0.732626953125,-0.91304
1553416415.97,0.677006835937,0.72994140625,0.27096
1553416415.98,0.685307617187,0.7421484375,-0.92104
1553416415.98,0.679448242187,0.72212890625,0.21896
1553416415.98,0.680668945312,0.72115234375,0.14296
1553416415.98,0.681401367187,0.73140625,0.09496
1553416415.99,0.684819335937,0.730185546875,0.00296
1553416415.99,0.685551757812,0.72505859375,-0.01704
1553416415.99,0.678959960937,0.72505859375,0.05896
1553416416.0,0.683354492187,0.723349609375,0.10696
1553416416.0,0.684819335937,0.730673828125,0.18296
1553416416.0,0.686772460937,0.731162109375,0.09496
1553416416.01,0.686528320312,0.722861328125,0.13496
1553416416.01,0.679936523437,0.7265234375,0.22696
1553416416.01,0.678715820312,0.721640625,0.29096
1553416416.02,0.676762695312,0.716513671875,0.21096
1553416416.02,0.679936523437,0.732626953125,0.18696
1553416416.02,0.682377929687,0.723349609375,0.17896
1553416416.02,0.677739257812,0.73140625,0.27096
1553416416.03,0.677739257812,0.729697265625,0.13096
1553416416.03,0.677495117187,0.732138671875,0.12696
1553416416.03,0.675053710937,0.726279296875,0.24696
1553416416.04,0.678227539062,0.731162109375,0.24696
1553416416.04,0.661381835937,0.72798828125,0.29896
1553416416.04,0.674565429687,0.73775390625,0.39896
1553416416.05,0.665288085937,0.73189453125,0.40696
1553416416.05,0.675541992187,0.7265234375,0.39496
1553416416.05,0.689458007812,0.72408203125,0.40296
1553416416.06,0.664555664062,0.733603515625,0.19896
1553416416.06,0.680913085937,0.7284765625,-0.92504
1553416416.06,0.684086914062,0.721884765625,0.48296
1553416416.06,0.693852539062,0.72798828125,0.75496
1553416416.07,0.681401367187,0.74361328125,0.53096
1553416416.07,0.676030273437,0.74361328125,0.29096
1553416416.07,0.669438476562,0.745078125,0.09096
1553416416.08,0.676030273437,0.722861328125,0.15896
1553416416.08,0.679692382812,0.706748046875,0.47496
1553416416.08,0.687749023437,0.749716796875,0.55496
1553416416.09,0.664311523437,0.75923828125,0.37496
1553416416.09,0.666752929687,0.74703125,0.09896
1553416416.09,0.667729492187,0.729697265625,1.09096
1553416416.1,0.677495117187,0.7284765625,-0.94504
1553416416.1,0.687504882812,0.728232421875,0.27096
1553416416.1,0.692387695312,0.72115234375,0.59496
1553416416.1,0.694829101562,0.70650390625,0.72296
1553416416.11,0.683842773437,0.731162109375,0.65096
1553416416.11,0.688969726562,0.733603515625,0.49896
1553416416.11,0.669194335937,0.722861328125,0.36296
1553416416.12,0.671635742187,0.704794921875,0.43896
1553416416.12,0.675053710937,0.725546875,0.35096
1553416416.12,0.675053710937,0.729697265625,0.34696
1553416416.13,0.684819335937,0.728720703125,0.24296
1553416416.13,0.682133789062,0.72798828125,0.28296
1553416416.13,0.680424804687,0.73482421875,0.30296
1553416416.14,0.682622070312,0.731162109375,0.21496
1553416416.14,0.682866210937,0.729453125,0.15096
1553416416.14,0.661625976562,0.73580078125,0.11096
1553416416.14,0.681645507812,0.73091796875,0.05896
1553416416.15,0.683354492187,0.74947265625,0.11896
1553416416.15,0.678471679687,0.730673828125,-0.02504
1553416416.15,0.691655273437,0.729208984375,-0.11304
1553416416.16,0.669194335937,0.7226171875,-0.91304
1553416416.16,0.682622070312,0.7265234375,-0.02104
1553416416.16,0.676762695312,0.7304296875,-0.23704
1553416416.17,0.678471679687,0.717001953125,-0.15704
1553416416.17,0.677983398437,0.719443359375,-0.16904
1553416416.17,0.679204101562,0.725791015625,-0.03304
1553416416.18,0.685063476562,0.731162109375,-0.25304
1553416416.18,0.677983398437,0.725791015625,-0.12104
1553416416.18,0.678959960937,0.73873046875,-0.07304
1553416416.19,0.690678710937,0.723837890625,0.02296
1553416416.19,0.688237304687,0.729697265625,1.07896
1553416416.19,0.673344726562,0.7284765625,-0.18104
1553416416.19,0.677983398437,0.739951171875,-0.24504
1553416416.2,0.676518554687,0.73677734375,-0.09704
1553416416.2,0.682133789062,0.73189453125,-0.20504
1553416416.2,0.684819335937,0.72896484375,-0.20504
1553416416.21,0.682622070312,0.73287109375,-0.24904
1553416416.21,0.677006835937,0.72994140625,-0.25304
1553416416.21,0.681157226562,0.7284765625,-0.22104
1553416416.22,0.691166992187,0.727744140625,-0.34904
1553416416.22,0.678227539062,0.730673828125,-0.26104
1553416416.22,0.677983398437,0.729697265625,-0.34904
1553416416.23,0.683110351562,0.72212890625,-0.21704
1553416416.23,0.679448242187,0.72701171875,-0.25704
1553416416.23,0.674565429687,0.72701171875,-0.24104
1553416416.23,0.672612304687,0.731162109375,-0.31704
1553416416.24,0.675053710937,0.729453125,-0.23704
1553416416.24,0.677495117187,0.725791015625,-0.08904
1553416416.24,0.672368164062,0.723349609375,0.01096
1553416416.25,0.677250976562,0.72359375,-0.00904
1553416416.25,0.681401367187,0.72994140625,-0.12904
1553416416.25,0.676762695312,0.727744140625,-0.09704
1553416416.26,0.661381835937,0.734580078125,-0.10104
1553416416.26,0.681889648437,0.745810546875,-0.10504
1553416416.26,0.680424804687,0.735556640625,-0.14504
1553416416.27,0.679204101562,0.729697265625,-0.00904
1553416416.27,0.678471679687,0.73189453125,-0.05704
1553416416.27,0.679204101562,0.7353125,0.02296
1553416416.27,0.682622070312,0.72359375,-0.06504
1553416416.28,0.678227539062,0.73140625,-0.04104
1553416416.28,0.681401367187,0.729697265625,-0.07704
1553416416.28,0.691655273437,0.7382421875,-0.08504
1553416416.29,0.691411132812,0.735068359375,-0.05704
1553416416.29,0.677495117187,0.721884765625,-0.10904
1553416416.29,0.675786132812,0.729208984375,-0.02504
1553416416.3,0.681157226562,0.728232421875,-0.00904
1553416416.3,0.678959960937,0.729453125,0.02296
1553416416.3,0.680180664062,0.731650390625,-0.03304
1553416416.31,0.676518554687,0.727744140625,0.05896
1553416416.31,0.675053710937,0.735556640625,0.06296
1553416416.31,0.675541992187,0.73482421875,0.03496
1553416416.31,0.682866210937,0.733603515625,0.01096
1553416416.32,0.676030273437,0.721396484375,0.10296
1553416416.32,0.680668945312,0.734091796875,0.04296
1553416416.32,0.660893554687,0.728232421875,0.09496
1553416416.33,0.682866210937,0.725791015625,-0.94104
1553416416.33,0.681645507812,0.7323828125,-0.92104
1553416416.33,0.679448242187,0.729697265625,0.09496
1553416416.34,0.682377929687,0.733359375,0.01496
1553416416.34,0.676030273437,0.729697265625,0.14296
1553416416.34,0.677250976562,0.726767578125,0.13896
1553416416.35,0.679204101562,0.72310546875,0.19096
1553416416.35,0.673344726562,0.72115234375,0.11096
1553416416.35,0.679692382812,0.7284765625,0.11096
1553416416.35,0.681645507812,0.734091796875,0.11096
1553416416.36,0.690190429687,0.72505859375,0.03896
1553416416.36,0.683110351562,0.73384765625,0.11096
1553416416.36,0.681157226562,0.70845703125,0.07096
1553416416.37,0.679204101562,0.726279296875,0.14296
1553416416.37,0.677739257812,0.722861328125,0.09896
1553416416.37,0.679204101562,0.729453125,0.09496
1553416416.38,0.679204101562,0.743857421875,-0.00103999999999
1553416416.38,0.673588867187,0.7382421875,-0.91704
1553416416.38,0.673833007812,0.73384765625,0.05096
1553416416.39,0.680180664062,0.733115234375,-0.03304
1553416416.39,0.674565429687,0.726767578125,-0.00904
1553416416.39,0.683598632812,0.72115234375,0.01496
1553416416.39,0.681645507812,0.73091796875,-0.02104
1553416416.4,0.685551757812,0.72408203125,-0.03304
1553416416.4,0.684819335937,0.735556640625,0.07096
1553416416.4,0.677495117187,0.723349609375,-0.03704
1553416416.41,0.678959960937,0.734580078125,0.04696
1553416416.41,0.678227539062,0.73677734375,-0.12904
1553416416.41,0.676762695312,0.730185546875,0.06296
1553416416.42,0.678471679687,0.727255859375,0.00296
1553416416.42,0.679204101562,0.72359375,-0.05704
1553416416.42,0.683354492187,0.732626953125,-0.06104
1553416416.43,0.675297851562,0.732138671875,-0.00503999999998
1553416416.43,0.680424804687,0.729453125,-0.16104
1553416416.43,0.680913085937,0.72798828125,-0.01304
1553416416.43,0.678471679687,0.725791015625,-0.00503999999998
1553416416.44,0.677250976562,0.72896484375,0.03896
1553416416.44,0.661381835937,0.75044921875,-0.02504
1553416416.44,0.678959960937,0.735556640625,-0.05704
1553416416.45,0.680913085937,0.7226171875,0.00696000000002
1553416416.45,0.676518554687,0.73189453125,0.03096
1553416416.45,0.677983398437,0.72310546875,-0.07304
1553416416.46,0.674809570312,0.728232421875,0.02696
1553416416.46,0.680424804687,0.728232421875,-0.03704
1553416416.46,0.665776367187,0.72896484375,-0.04104
1553416416.47,0.685063476562,0.72896484375,0.15496
1553416416.47,0.678471679687,0.72994140625,0.13896
1553416416.47,0.679692382812,0.7284765625,0.64296
1553416416.47,0.671879882812,0.724326171875,0.23096
1553416416.48,0.679936523437,0.742880859375,-0.11304
1553416416.48,0.681889648437,0.731162109375,-0.02904
1553416416.48,0.686040039062,0.724326171875,0.19896
1553416416.49,0.681645507812,0.727744140625,0.18296
1553416416.49,0.677250976562,0.7343359375,0.05496
1553416416.49,0.677495117187,0.733359375,0.03896
1553416416.5,0.673344726562,0.725791015625,-0.94504
1553416416.5,0.679692382812,0.7275,0.18696
1553416416.5,0.690434570312,0.746787109375,-0.01304
1553416416.51,0.679936523437,0.723349609375,-0.00904
1553416416.51,0.691166992187,0.7196875,-0.91304
1553416416.51,0.689702148437,0.729208984375,0.22696
1553416416.51,0.678227539062,0.72115234375,0.19496
1553416416.52,0.679936523437,0.7275,0.20296
1553416416.52,0.681401367187,0.731650390625,0.17496
1553416416.52,0.677250976562,0.732138671875,0.19496
1553416416.53,0.675786132812,0.73189453125,0.19496
1553416416.53,0.682622070312,0.73482421875,0.15896
1553416416.53,0.679692382812,0.726279296875,0.12296
1553416416.54,0.687260742187,0.730673828125,0.18696
1553416416.54,0.685551757812,0.733115234375,0.19896
1553416416.54,0.681401367187,0.726279296875,0.10696
1553416416.55,0.661870117187,0.73287109375,0.23896
1553416416.55,0.676762695312,0.737265625,0.11896
1553416416.55,0.673833007812,0.72994140625,0.12296
1553416416.55,0.676762695312,0.726279296875,0.01496
1553416416.56,0.679692382812,0.73091796875,0.14696
1553416416.56,0.678959960937,0.725791015625,0.05896
1553416416.56,0.681645507812,0.730185546875,0.15496
1553416416.57,0.677739257812,0.727255859375,1.07496
1553416416.57,0.678471679687,0.7196875,0.05896
1553416416.57,0.681889648437,0.72798828125,0.10296
1553416416.58,0.680668945312,0.727255859375,1.07096
1553416416.58,0.679448242187,0.729453125,0.07896
1553416416.58,0.677739257812,0.73140625,-0.02904
1553416416.59,0.677495117187,0.724326171875,0.13896
1553416416.59,0.674809570312,0.726767578125,0.10296
1553416416.59,0.676518554687,0.722861328125,0.01896
1553416416.59,0.681401367187,0.73384765625,0.12696
1553416416.6,0.679936523437,0.737021484375,0.00296
1553416416.6,0.676518554687,0.72701171875,0.03096
1553416416.6,0.678227539062,0.72798828125,-0.00103999999999
1553416416.61,0.687260742187,0.72994140625,0.03096
1553416416.61,0.680668945312,0.734580078125,0.02696
1553416416.61,0.681157226562,0.744833984375,-0.04104
1553416416.62,0.666752929687,0.749228515625,-0.00503999999998
1553416416.62,0.680913085937,0.749228515625,-0.08904
1553416416.62,0.676030273437,0.748984375,-0.02504
1553416416.63,0.677983398437,0.72896484375,0.06696
1553416416.63,0.681401367187,0.730673828125,-0.11704
1553416416.63,0.681645507812,0.732138671875,-0.02104
1553416416.63,0.682622070312,0.7304296875,-0.11304
1553416416.64,0.676762695312,0.72505859375,-0.02504
1553416416.64,0.676274414062,0.724326171875,-0.06904
1553416416.64,0.679448242187,0.72017578125,-0.94504
1553416416.65,0.685795898437,0.7343359375,0.18296
1553416416.65,0.664067382812,0.727255859375,0.04296
1553416416.65,0.690678710937,0.7265234375,-0.01704
1553416416.66,0.689213867187,0.72603515625,0.05096
1553416416.66,0.683354492187,0.733603515625,0.07096
1553416416.66,0.680180664062,0.729208984375,0.00696000000002
1553416416.67,0.676030273437,0.72115234375,-0.07704
1553416416.67,0.684819335937,0.7343359375,-0.01304
1553416416.67,0.683354492187,0.732138671875,0.01496
1553416416.67,0.681401367187,0.72701171875,-0.08504
1553416416.68,0.676762695312,0.7323828125,-0.07304
1553416416.68,0.663823242187,0.729453125,-0.19304
1553416416.68,0.688725585937,0.74361328125,-0.11704
1553416416.69,0.666752929687,0.729453125,-0.15304
1553416416.69,0.682622070312,0.74654296875,-0.10904
1553416416.69,0.679936523437,0.726767578125,-0.07304
1553416416.7,0.677739257812,0.72408203125,0.03896
1553416416.7,0.680668945312,0.728720703125,0.01896
1553416416.7,0.676030273437,0.723349609375,0.15096
1553416416.71,0.676518554687,0.725302734375,0.31896
1553416416.71,0.664067382812,0.722373046875,0.37096
1553416416.71,0.675297851562,0.733603515625,0.57496
1553416416.72,0.690678710937,0.712119140625,0.57096
1553416416.72,0.677006835937,0.7343359375,0.71096
1553416416.72,0.673588867187,0.734580078125,0.77896
1553416416.72,0.689458007812,0.72896484375,0.84696
1553416416.73,0.678227539062,0.72701171875,0.96696
1553416416.73,0.671147460937,0.722861328125,0.89896
1553416416.73,0.674077148437,0.721640625,0.98296
1553416416.74,0.677739257812,0.71529296875,1.01496
1553416416.74,0.674321289062,0.725791015625,1.10296
1553416416.74,0.678471679687,0.735556640625,1.12296
1553416416.75,0.680668945312,0.727255859375,1.04296
1553416416.75,0.679936523437,0.717490234375,1.09496
1553416416.75,0.680424804687,0.733603515625,1.13496
1553416416.76,0.680424804687,0.72359375,0.55896
1553416416.76,0.701909179687,0.750205078125,0.51896
1553416416.76,0.667485351562,0.732626953125,0.97896
1553416416.76,0.679692382812,0.70943359375,1.73096
1553416416.77,0.669194335937,0.691611328125,2.71896
1553416416.77,0.707280273437,0.74361328125,2.19096
1553416416.77,0.678227539062,0.77388671875,1.09096
1553416416.78,0.663823242187,0.737998046875,0.28296
1553416416.78,0.667241210937,0.697958984375,1.55896
1553416416.78,0.662114257812,0.7148046875,1.35896
1553416416.79,0.681401367187,0.725546875,1.46296
1553416416.79,0.690190429687,0.748251953125,1.25096
1553416416.79,0.684086914062,0.7040625,1.24296
1553416416.8,0.677006835937,0.7265234375,1.00296
1553416416.8,0.682377929687,0.717001953125,1.27496
1553416416.8,0.672856445312,0.7167578125,1.35896
1553416416.8,0.675297851562,0.712119140625,1.76296
1553416416.81,0.680180664062,0.72408203125,1.75496
1553416416.81,0.676274414062,0.741416015625,1.56296
1553416416.81,0.673588867187,0.735556640625,1.11896
1553416416.82,0.667485351562,0.73091796875,1.01896
1553416416.82,0.645756835937,0.729697265625,0.20696
1553416416.82,0.662358398437,0.72115234375,1.31896
1553416416.83,0.668217773437,0.73873046875,1.30696
1553416416.83,0.667729492187,0.72505859375,1.74696
1553416416.83,0.632329101562,0.74703125,1.43896
1553416416.84,0.631352539062,0.741416015625,1.41496
1553416416.84,0.642094726562,0.7519140625,1.11496
1553416416.84,0.643803710937,0.752646484375,1.20696
1553416416.84,0.631840820312,0.7460546875,2.12296
1553416416.85,0.660893554687,0.7792578125,1.03496
1553416416.85,0.663579101562,0.75728515625,0.94696
1553416416.85,0.656254882812,0.755576171875,0.55496
1553416416.86,0.655034179687,0.739951171875,0.64296
1553416416.86,0.649418945312,0.7675390625,0.07896
1553416416.86,0.646000976562,0.756064453125,1.08696
1553416416.87,0.655278320312,0.737998046875,-0.38904
1553416416.87,0.660405273437,0.783896484375,-1.05704
1553416416.87,0.633793945312,0.73873046875,-0.88504
1553416416.88,0.686772460937,0.73189453125,0.21496
1553416416.88,0.653569335937,0.75728515625,-0.35304
1553416416.88,0.639897460937,0.74458984375,-0.42104
1553416416.88,0.651616210937,0.761435546875,-0.75304
1553416416.89,0.653813476562,0.741416015625,-0.66904
1553416416.89,0.666752929687,0.760458984375,-1.27704
1553416416.89,0.667729492187,0.738486328125,-0.84504
1553416416.9,0.661381835937,0.72212890625,-0.78904
1553416416.9,0.653081054687,0.7401953125,-0.77304
1553416416.9,0.645268554687,0.729453125,-0.81304
1553416416.91,0.646733398437,0.7509375,-1.22904
1553416416.91,0.666508789062,0.7265234375,-0.84904
1553416416.91,0.668950195312,0.73384765625,-0.93704
1553416416.92,0.669438476562,0.72505859375,-1.05304
1553416416.92,0.671879882812,0.743857421875,-1.04104
1553416416.92,0.686772460937,0.729697265625,-0.93704
1553416416.92,0.689213867187,0.7382421875,-1.00104
1553416416.93,0.684331054687,0.729453125,-0.89304
1553416416.93,0.707524414062,0.757041015625,0.07096
1553416416.93,0.681645507812,0.745810546875,-0.80904
1553416416.94,0.685063476562,0.74947265625,-0.90504
1553416416.94,0.691899414062,0.740439453125,-1.15304
1553416416.94,0.702153320312,0.744345703125,-1.28504
1553416416.95,0.677250976562,0.745078125,-1.28904
1553416416.95,0.671391601562,0.7401953125,-1.01704
1553416416.95,0.687016601562,0.737509765625,-1.59704
1553416416.96,0.655034179687,0.766318359375,-2.35704
1553416416.96,0.669438476562,0.745322265625,-2.45704
1553416416.96,0.660893554687,0.74263671875,-2.50904
1553416416.96,0.646733398437,0.7265234375,-2.24104
1553416416.97,0.660161132812,0.752646484375,-2.55304
1553416416.97,0.671879882812,0.76900390625,-2.63304
1553416416.97,0.654057617187,0.765830078125,-2.32104
1553416416.98,0.653081054687,0.756796875,-2.26904
1553416416.98,0.655034179687,0.759970703125,-2.63704
1553416416.98,0.626469726562,0.792197265625,-2.06904
1553416416.99,0.450688476562,0.84126953125,-1.91704
1553416416.99,0.477543945312,0.776572265625,-1.06104
1553416416.99,0.632329101562,0.67134765625,-2.57704
1553416417.0,0.663823242187,0.69185546875,-2.98504
1553416417.0,0.674077148437,0.764853515625,-1.38504
1553416417.0,0.752934570312,0.78560546875,-1.03304
1553416417.0,0.778569335937,0.785849609375,-0.40104
1553416417.01,0.769536132812,0.79341796875,-0.15704
1553416417.01,0.706547851562,0.789755859375,1.08696
1553416417.01,0.620610351562,0.7401953125,0.63096
1553416417.02,0.566655273437,0.735068359375,0.90296
1553416417.02,0.546635742187,0.7460546875,0.43096
1553416417.02,0.591557617187,0.756064453125,-0.17704
1553416417.03,0.629887695312,0.74751953125,-0.48504
1553416417.03,0.660649414062,0.765830078125,-0.35704
1553416417.03,0.655034179687,0.789755859375,-0.52104
1553416417.04,0.649418945312,0.77583984375,-0.92504
1553416417.04,0.662358398437,0.75728515625,0.25496
1553416417.04,0.677250976562,0.7519140625,0.05096
1553416417.04,0.655766601562,0.762900390625,0.40696
1553416417.05,0.653569335937,0.791220703125,0.43896
1553416417.05,0.621831054687,0.77291015625,0.61896
1553416417.05,0.614750976562,0.770224609375,0.84296
1553416417.06,0.622807617187,0.758505859375,0.80696
1553416417.06,0.649418945312,0.763876953125,0.29896
1553416417.06,0.656743164062,0.761923828125,0.20696
1553416417.07,0.644047851562,0.782431640625,0.30696
1553416417.07,0.616215820312,0.767294921875,0.70296
1553416417.07,0.624760742187,0.791220703125,0.52296
1553416417.08,0.642827148437,0.763876953125,0.39096
1553416417.08,0.653569335937,0.75484375,0.32296
1553416417.08,0.649663085937,0.777060546875,0.35096
1553416417.08,0.650883789062,0.791953125,0.47896
1553416417.09,0.634526367187,0.78365234375,0.67896
1553416417.09,0.625493164062,0.7616796875,0.77096
1553416417.09,0.624516601562,0.760947265625,0.71896
1553416417.1,0.616459960937,0.764609375,0.35496
1553416417.1,0.627934570312,0.760703125,0.48296
1553416417.1,0.628178710937,0.778037109375,0.50696
1553416417.11,0.618657226562,0.777060546875,0.64696
1553416417.11,0.627934570312,0.79146484375,0.41496
1553416417.11,0.585209960937,0.782431640625,0.06296
1553416417.12,0.650639648437,0.760458984375,0.25896
1553416417.12,0.635014648437,0.77583984375,0.46296
1553416417.12,0.624272460937,0.796591796875,0.42296
1553416417.12,0.599125976562,0.783896484375,0.03896
1553416417.13,0.616459960937,0.743125,1.07096
1553416417.13,0.624516601562,0.7460546875,0.19896
1553416417.13,0.637944335937,0.755087890625,0.38696
1553416417.14,0.656743164062,0.778037109375,0.26696
1553416417.14,0.653569335937,0.77974609375,0.41896
1553416417.14,0.637944335937,0.780966796875,0.68296
1553416417.15,0.641850585937,0.7519140625,0.75096
1553416417.15,0.636479492187,0.758994140625,0.65496
1553416417.15,0.671635742187,0.7401953125,0.73496
1553416417.16,0.655766601562,0.7538671875,0.67896
1553416417.16,0.633061523437,0.790732421875,0.92696
1553416417.16,0.638920898437,0.769248046875,0.86696
1553416417.16,0.634770507812,0.763388671875,0.74296
1553416417.17,0.641606445312,0.762412109375,1.07896
1553416417.17,0.653081054687,0.774130859375,1.45896
1553416417.17,0.645512695312,0.785361328125,1.65096
1553416417.18,0.633549804687,0.79341796875,1.52296
1553416417.18,0.619877929687,0.792197265625,1.14696
1553416417.18,0.620122070312,0.772421875,2.07496
1553416417.19,0.610356445312,0.7831640625,0.08296
1553416417.19,0.555180664062,0.804892578125,2.12296
1553416417.19,0.562504882812,0.805625,0.59496
1553416417.2,0.581303710937,0.774619140625,0.34296
1553416417.2,0.577641601562,0.75142578125,0.35896
1553416417.2,0.589360351562,0.76265625,0.37496
1553416417.2,0.623051757812,0.782431640625,0.25896
1553416417.21,0.647709960937,0.7978125,0.28696
1553416417.21,0.663579101562,0.799033203125,0.73096
1553416417.21,0.663579101562,0.810751953125,1.23496
1553416417.22,0.659672851562,0.790732421875,1.41096
1553416417.22,0.622563476562,0.774375,1.35896
1553416417.22,0.587407226562,0.776572265625,1.31496
1553416417.23,0.597661132812,0.76021484375,1.24296
1553416417.23,0.585942382812,0.75484375,2.12296
1553416417.23,0.599370117187,0.77193359375,1.25896
1553416417.24,0.613286132812,0.776572265625,1.55496
1553416417.24,0.628178710937,0.779990234375,1.35496
1553416417.24,0.636479492187,0.7929296875,1.44696
1553416417.24,0.632573242187,0.779013671875,1.67896
1553416417.25,0.636967773437,0.785361328125,1.93896
1553416417.25,0.615971679687,0.787314453125,1.87896
1553416417.25,0.599858398437,0.780966796875,1.12296
1553416417.26,0.607915039062,0.766806640625,1.99096
1553416417.26,0.602299804687,0.768515625,1.77496
1553416417.26,0.604497070312,0.77828125,2.20696
1553416417.27,0.609868164062,0.785849609375,2.27096
1553416417.27,0.612309570312,0.8066015625,2.06696
1553416417.27,0.611821289062,0.8026953125,1.90296
1553416417.28,0.616215820312,0.78267578125,1.89096
1553416417.28,0.621098632812,0.7890234375,1.90296
1553416417.28,0.607915039062,0.792685546875,1.74696
1553416417.28,0.606206054687,0.7733984375,1.61496
1553416417.29,0.601567382812,0.780234375,1.84696
1553416417.29,0.610356445312,0.768759765625,2.01896
1553416417.29,0.627934570312,0.786337890625,2.23496
1553416417.3,0.559575195312,0.815390625,1.36696
1553416417.3,0.562260742187,0.79634765625,0.13096
1553416417.3,0.594487304687,0.76265625,1.59096
1553416417.31,0.592290039062,0.810751953125,1.83096
1553416417.31,0.591069335937,0.825888671875,0.91896
1553416417.31,0.637456054687,0.825888671875,0.23896
1553416417.32,0.646977539062,0.786337890625,0.82696
1553416417.32,0.604741210937,0.78365234375,1.28696
1553416417.32,0.608891601562,0.787314453125,1.45896
1553416417.32,0.592290039062,0.7890234375,1.73496
1553416417.33,0.577885742187,0.773642578125,3.12696
1553416417.33,0.585209960937,0.788046875,1.83896
1553416417.33,0.600590820312,0.798056640625,0.97496
1553416417.34,0.604008789062,0.8124609375,1.01896
1553416417.34,0.597172851562,0.785849609375,1.62296
1553416417.34,0.580815429687,0.783896484375,2.03096
1553416417.35,0.590092773437,0.777060546875,2.37096
1553416417.35,0.620854492187,0.8026953125,1.96296
1553416417.35,0.611821289062,0.836142578125,1.44296
1553416417.36,0.607670898437,0.816611328125,1.27496
1553416417.36,0.603032226562,0.794638671875,1.88696
1553416417.36,0.613774414062,0.76802734375,2.25096
1553416417.37,0.621586914062,0.797080078125,2.38296
1553416417.37,0.612309570312,0.798544921875,2.05496
1553416417.37,0.603032226562,0.80513671875,1.58696
1553416417.37,0.573979492187,0.811240234375,1.45496
1553416417.38,0.567143554687,0.779013671875,1.10296
1553416417.38,0.581791992187,0.791220703125,2.33896
1553416417.38,0.591069335937,0.817587890625,1.91096
1553416417.39,0.584965820312,0.821494140625,1.68696
1553416417.39,0.593510742187,0.814658203125,1.49496
1553416417.39,0.570317382812,0.82662109375,1.20296
1553416417.4,0.556401367187,0.8163671875,1.03896
1553416417.4,0.565434570312,0.800498046875,0.69096
1553416417.4,0.562016601562,0.799765625,0.57096
1553416417.41,0.542729492187,0.796103515625,0.96296
1553416417.41,0.562993164062,0.788779296875,1.65096
1553416417.41,0.573979492187,0.79830078125,1.41496
1553416417.41,0.572026367187,0.836875,0.73096
1553416417.42,0.578129882812,0.8339453125,0.29896
1553416417.42,0.556889648437,0.8026953125,0.05496
1553416417.42,0.557866210937,0.79390625,0.45896
1553416417.43,0.551030273437,0.791953125,1.05496
1553416417.43,0.536625976562,0.796103515625,1.57096
1553416417.43,0.525883789062,0.8144140625,1.39496
1553416417.44,0.541508789062,0.82515625,0.67096
1553416417.44,0.552739257812,0.826865234375,-0.50104
1553416417.44,0.546635742187,0.854697265625,-0.08904
1553416417.45,0.547856445312,0.815634765625,-1.19304
1553416417.45,0.511479492187,0.7909765625,-0.89704
1553416417.45,0.549077148437,0.779990234375,1.50696
1553416417.45,0.555668945312,0.80904296875,1.71096
1553416417.46,0.582036132812,0.8398046875,0.85096
1553416417.46,0.607915039062,0.85640625,-0.04504
1553416417.46,0.596928710937,0.838583984375,-0.08904
1553416417.47,0.572026367187,0.798544921875,0.49496
1553416417.47,0.571049804687,0.778525390625,0.21496
1553416417.47,0.568120117187,0.786337890625,1.93496
1553416417.48,0.556645507812,0.8300390625,0.32296
1553416417.48,0.560063476562,0.843466796875,-0.53304
1553416417.48,0.563237304687,0.837119140625,-0.81704
1553416417.49,0.540288085937,0.78072265625,0.25896
1553416417.49,0.572270507812,0.777060546875,0.85496
1553416417.49,0.588383789062,0.80318359375,0.09896
1553416417.49,0.597172851562,0.834189453125,0.96296
1553416417.5,0.605473632812,0.85494140625,0.16696
1553416417.5,0.592778320312,0.836875,0.50296
1553416417.5,0.580571289062,0.803916015625,0.99096
1553416417.51,0.566166992187,0.790732421875,1.24696
1553416417.51,0.538334960937,0.81099609375,1.29496
1553416417.51,0.560795898437,0.819052734375,0.80696
1553416417.52,0.554448242187,0.846640625,-0.24904
1553416417.52,0.540776367187,0.838828125,-0.11304
1553416417.52,0.542729492187,0.7929296875,0.86296
1553416417.53,0.559331054687,0.793173828125,1.47096
1553416417.53,0.548100585937,0.823935546875,1.43496
1553416417.53,0.548833007812,0.86470703125,2.01096
1553416417.53,0.530766601562,0.866416015625,1.06696
1553416417.54,0.522954101562,0.83931640625,-0.19304
1553416417.54,0.509038085937,0.801474609375,0.69096
1553416417.54,0.517827148437,0.81783203125,2.10696
1553416417.55,0.495122070312,0.823935546875,0.93896
1553416417.55,0.524907226562,0.837607421875,0.66696
1553416417.55,0.547124023437,0.854697265625,0.26696
1553416417.56,0.534184570312,0.864951171875,-0.06504
1553416417.56,0.535893554687,0.81978515625,0.47496
1553416417.56,0.535893554687,0.819052734375,0.47096
1553416417.57,0.520024414062,0.822470703125,0.67896
1553416417.57,0.542241210937,0.842978515625,0.75096
1553416417.57,0.537602539062,0.857626953125,0.72296
1553416417.57,0.536137695312,0.84810546875,0.58696
1553416417.58,0.531010742187,0.82466796875,0.76296
1553416417.58,0.543706054687,0.828330078125,1.03096
1553416417.58,0.524174804687,0.842490234375,0.60696
1553416417.59,0.529301757812,0.847861328125,0.61896
1553416417.59,0.529790039062,0.832724609375,0.93096
1553416417.59,0.540776367187,0.83345703125,1.25096
1553416417.6,0.534916992187,0.83833984375,1.45096
1553416417.6,0.523686523437,0.883505859375,0.69496
1553416417.6,0.535893554687,0.815146484375,1.33096
1553416417.61,0.542485351562,0.804892578125,2.21896
1553416417.61,0.538334960937,0.91548828125,1.24296
1553416417.61,0.538579101562,0.798056640625,3.11496
1553416417.61,0.540532226562,0.8827734375,0.93896
1553416417.62,0.500249023437,0.831015625,1.54696
1553416417.62,0.531010742187,0.8046484375,2.29496
1553416417.62,0.501225585937,0.87447265625,2.90296
1553416417.63,0.509282226562,0.86177734375,1.57896
1553416417.63,0.494145507812,0.836142578125,4.05096
1553416417.63,0.503422851562,0.887900390625,2.20696
1553416417.64,0.501713867187,0.856162109375,2.11096
1553416417.64,0.515874023437,0.8651953125,1.81896
1553416417.64,0.509526367187,0.842490234375,2.84696
1553416417.65,0.480961914062,0.868369140625,2.59096
1553416417.65,0.486088867187,0.87203125,2.15896
1553416417.65,0.503178710937,0.875205078125,2.75496
1553416417.65,0.482426757812,0.851279296875,2.50296
1553416417.66,0.496586914062,0.849814453125,2.81096
1553416417.66,0.745366210937,0.97896484375,-0.62504
1553416417.66,0.0283251953125,1.13106445313,2.57496
1553416417.67,0.0583544921875,1.33370117188,-3.59304
1553416417.67,0.748540039062,0.416708984375,-0.36904
1553416417.67,0.715581054687,0.54537109375,2.01896
1553416417.68,0.0744677734375,0.995810546875,0.11096
1553416417.68,0.0986376953125,1.00728515625,-1.84904
1553416417.68,0.838627929687,0.764853515625,-1.94504
1553416417.69,0.793950195312,0.806357421875,1.92296
1553416417.69,0.541264648437,1.05342773438,0.97496
1553416417.69,0.476567382812,0.98970703125,-0.52904
1553416417.69,0.564946289062,0.767294921875,1.05096
1553416417.7,0.417973632812,0.7733984375,1.45096
1553416417.7,0.435063476562,0.8378515625,0.45896
1553416417.7,0.424809570312,0.857138671875,0.37096
1553416417.71,0.477788085937,0.865927734375,0.13096
1553416417.71,0.448247070312,0.91646484375,-0.92904
1553416417.71,0.488530273437,0.84615234375,-0.21304
1553416417.72,0.516118164062,0.8358984375,0.71496
1553416417.72,0.534184570312,0.909384765625,0.07496
1553416417.72,0.483891601562,0.913779296875,-0.43304
1553416417.73,0.502934570312,0.8612890625,0.29096
1553416417.73,0.413579101562,0.840537109375,1.04296
1553416417.73,0.390629882812,0.833212890625,1.99096
1553416417.74,0.410405273437,0.885458984375,0.87896
1553416417.74,0.457524414062,0.887412109375,0.36696
1553416417.74,0.453862304687,0.924033203125,-0.93704
1553416417.74,0.437260742187,0.932578125,-0.42504
1553416417.75,0.430913085937,0.866416015625,0.59896
1553416417.75,0.438969726562,0.894248046875,0.37096
1553416417.75,0.444096679687,0.936240234375,0.09496
1553416417.76,0.446538085937,0.897666015625,1.84696
1553416417.76,0.416020507812,0.93599609375,1.15096
1553416417.76,0.428471679687,0.92427734375,2.02696
1553416417.77,0.422612304687,0.903037109375,1.73896
1553416417.77,0.385502929687,0.91939453125,2.94696
1553416417.77,0.107670898437,0.964072265625,16.91096
1553416417.78,0.664555664062,0.747763671875,16.92296
1553416417.78,0.557377929687,0.886435546875,10.69096
1553416417.78,0.329838867187,1.0273046875,2.25896
1553416417.78,0.253666992187,0.99751953125,-1.30504
1553416417.79,0.372807617187,0.8358984375,-3.43704
1553416417.79,0.421147460937,0.807578125,-0.76104
1553416417.79,0.452641601562,0.915,1.80296
1553416417.8,0.397954101562,0.933798828125,1.94296
1553416417.8,0.468754882812,0.90767578125,2.51896
1553416417.8,0.432377929687,0.903037109375,1.43896
1553416417.81,0.381352539062,0.87935546875,0.67896
1553416417.81,0.434819335937,0.945517578125,-1.09304
