0.000283002853394,-0.0027294921875,1.01305175781
0.00250196456909,-0.0002880859375,0.998159179688
0.0045919418335,-4.39453125e-05,0.994252929688
0.00667405128479,-0.0037060546875,0.997426757813
0.00874710083008,0.0006884765625,1.01524902344
0.0108170509338,-0.0029736328125,1.00060058594
0.0128870010376,-0.0005322265625,1.00548339844
0.0149540901184,-0.0002880859375,1.00108886719
0.0170271396637,0.0072802734375,0.995717773438
0.0190980434418,0.0033740234375,0.997670898438
0.0211789608002,0.0036181640625,0.999624023438
0.0232501029968,-0.0041943359375,0.995473632813
0.0253229141235,-0.0039501953125,0.990346679688
0.0273950099945,-0.0027294921875,1.00133300781
0.0294620990753,0.0021533203125,0.988149414063
0.0315430164337,-0.0046826171875,0.995229492188
0.0336170196533,0.0028857421875,0.999868164063
0.0356900691986,0.0085009765625,0.991323242188
0.037761926651,0.0014208984375,1.00499511719
0.0398321151733,-4.39453125e-05,0.996938476563
0.0419619083405,-0.0002880859375,1.00011230469
0.0440299510956,-0.0012646484375,0.996938476563
0.0461020469666,-0.0051708984375,1.00597167969
0.0481679439545,0.0016650390625,0.994985351563
0.0502750873566,0.0031298828125,0.994985351563
0.0523481369019,0.0002001953125,0.975209960938
0.0544180870056,0.0006884765625,1.00060058594
0.0564820766449,-0.0005322265625,0.998647460938
0.0585539340973,0.0006884765625,1.01280761719
0.0606229305267,-0.0059033203125,0.988637695313
0.062695980072,-0.0054150390625,1.01158691406
0.0647640228271,0.0002001953125,1.00548339844
0.0668320655823,-0.0034619140625,1.00182128906
0.0688989162445,-4.39453125e-05,0.998403320313
0.0709841251373,0.0021533203125,0.994497070313
0.0730559825897,0.0033740234375,0.993764648438
0.0751271247864,-0.0010205078125,1.00084472656
0.0771949291229,0.0011767578125,0.994497070313
0.0792651176453,0.0036181640625,0.987172851563
0.0813391208649,-0.0019970703125,1.00670410156
0.0834069252014,-0.0010205078125,0.998647460938
0.0854799747467,-0.0002880859375,0.998159179688
0.0875539779663,0.0048388671875,0.998159179688
0.0896260738373,-0.0041943359375,0.999379882813
0.0916991233826,0.0002001953125,0.998403320313
0.0937690734863,0.0026416015625,0.998159179688
0.0958380699158,0.0048388671875,1.00011230469
0.0979030132294,0.0023974609375,0.987172851563
0.0999720096588,-0.0002880859375,1.00133300781
0.102045059204,-0.0063916015625,0.992543945313
0.104116916656,-0.0029736328125,1.00353027344
0.106184959412,-0.0019970703125,1.00475097656
0.108252048492,-4.39453125e-05,0.992543945313
0.110332012177,0.0014208984375,1.01476074219
0.112457036972,0.0011767578125,1.00206542969
0.11452293396,0.0028857421875,0.986440429688
0.116591930389,0.0011767578125,1.00719238281
0.118658065796,-0.0061474609375,0.997915039063
0.12073302269,-0.0005322265625,1.00011230469
0.122802019119,-0.0037060546875,0.993276367188
0.12487411499,0.0006884765625,0.995717773438
0.126945972443,0.0016650390625,0.998403320313
0.129018068314,-0.0002880859375,0.999135742188
0.131094932556,-0.0029736328125,1.00157714844
0.133161067963,-0.0010205078125,0.989614257813
0.135232925415,-4.39453125e-05,0.994252929688
0.137309074402,-0.0068798828125,1.00841308594
0.139374017715,-0.0019970703125,1.01427246094
0.141489982605,-0.0005322265625,0.989614257813
0.143562078476,0.0011767578125,1.00938964844
0.145626068115,-0.0024853515625,1.00597167969
0.14768910408,0.0023974609375,1.00011230469
0.149784088135,-0.0012646484375,1.00645996094
0.151855945587,-0.0017529296875,1.00475097656
0.153922080994,0.0014208984375,0.998647460938
0.155993938446,-0.0041943359375,0.996206054688
0.158066034317,-0.0029736328125,0.999135742188
0.160138130188,-0.0032177734375,0.991079101563
0.162215948105,0.0011767578125,0.999379882813
0.16428899765,-4.39453125e-05,0.994252929688
0.166366100311,-0.0032177734375,0.997182617188
0.168438911438,-0.0005322265625,1.00279785156
0.170511007309,-0.0002880859375,0.997182617188
0.172586917877,0.0006884765625,0.998403320313
0.174659967422,-0.0034619140625,0.992788085938
0.176733970642,0.0004443359375,0.999379882813
0.178808927536,0.0006884765625,0.996938476563
0.180932044983,-0.0007763671875,0.993276367188
0.183145999908,-0.0015087890625,0.994008789063
0.185226917267,-0.0019970703125,0.998403320313
0.187300920486,0.0038623046875,1.01646972656
0.189368009567,0.0153369140625,0.992543945313
0.191488981247,-0.0039501953125,0.987661132813
0.193562030792,-0.0012646484375,0.998159179688
0.195636987686,0.0006884765625,0.999868164063
0.197710990906,-4.39453125e-05,0.995473632813
0.199789047241,-0.0037060546875,1.00914550781
0.201859951019,-0.0019970703125,1.00108886719
0.203927993774,0.0060595703125,1.00694824219
0.20599603653,-0.0024853515625,0.996694335938
0.208065986633,-0.0010205078125,1.01036621094
0.21013212204,0.0002001953125,0.989858398438
0.212204933167,-0.0015087890625,0.993276367188
0.214277029037,0.0053271484375,0.997915039063
0.216346025467,0.0031298828125,1.01280761719
0.218415975571,-0.0022412109375,0.992299804688
0.220493078232,0.0021533203125,1.01524902344
0.22256398201,0.0009326171875,0.995717773438
0.224633932114,-0.0017529296875,1.00890136719
0.226702928543,-0.0012646484375,0.998403320313
0.228776931763,0.0014208984375,0.997182617188
0.230850934982,-0.0027294921875,0.995473632813
0.232923984528,-0.0010205078125,0.998403320313
0.234998941422,-0.0017529296875,0.994252929688
0.237071037292,-0.0019970703125,0.997182617188
0.239141941071,-0.0027294921875,0.997182617188
0.241218090057,0.0041064453125,0.991079101563
0.243291139603,0.0011767578125,0.999624023438
0.245362997055,0.0006884765625,1.00108886719
0.247429132462,-0.0044384765625,1.00499511719
0.249494075775,-0.0061474609375,0.994497070313
0.251598119736,0.0019091796875,0.999624023438
0.253670930862,-0.0012646484375,0.998403320313
0.255741119385,-0.0022412109375,0.998403320313
0.257808923721,0.0009326171875,0.999135742188
0.259881973267,-0.0022412109375,1.01524902344
0.262007951736,0.0028857421875,1.01622558594
0.264070987701,-0.0027294921875,1.01622558594
0.266139984131,0.0019091796875,0.988149414063
0.26821398735,-0.0010205078125,1.00621582031
0.27028298378,0.0011767578125,0.997182617188
0.272360086441,-0.0010205078125,0.993032226563
0.274434089661,0.0023974609375,0.998403320313
0.27650809288,0.0004443359375,0.987905273438
0.278581142426,0.0019091796875,1.00353027344
0.280651092529,-0.0041943359375,1.00060058594
0.282716989517,0.0011767578125,1.00157714844
0.284784078598,-0.0022412109375,0.992055664063
0.286858081818,0.0041064453125,0.992788085938
0.288931131363,0.0019091796875,1.00011230469
0.291006088257,-0.0029736328125,0.997915039063
0.293076992035,-0.0041943359375,1.00694824219
0.295145988464,0.0014208984375,0.991567382813
0.297218084335,-0.0039501953125,0.992299804688
0.299289941788,-0.0002880859375,1.01378417969
0.301357984543,0.0053271484375,0.990834960938
0.303426027298,0.0031298828125,1.00255371094
0.305490016937,-0.0019970703125,0.999379882813
0.307559013367,-0.0041943359375,1.00255371094
0.309624910355,-4.39453125e-05,0.992055664063
0.31170296669,0.0006884765625,0.992299804688
0.313775062561,0.0004443359375,0.998159179688
0.315846920013,0.0011767578125,0.991079101563
0.317917108536,-0.0010205078125,1.00694824219
0.319984912872,0.0021533203125,0.994252929688
0.322058916092,-0.0034619140625,1.00035644531
0.324124097824,0.0011767578125,0.988149414063
0.326195955276,0.0045947265625,0.999868164063
0.328269004822,-0.0034619140625,1.00523925781
0.330335140228,-0.0010205078125,0.992055664063
0.332461118698,-0.0024853515625,0.994252929688
0.334532976151,-0.0037060546875,0.997182617188
0.336605072021,0.0028857421875,0.994741210938
0.338676929474,0.0021533203125,1.00157714844
0.340745925903,-0.0037060546875,1.00133300781
0.34281206131,-4.39453125e-05,1.00377441406
0.344882011414,-0.0007763671875,0.995961914063
0.346951007843,-0.0019970703125,0.990102539063
0.349026918411,-0.0041943359375,0.997426757813
0.351128101349,0.0014208984375,1.00450683594
0.353194952011,-0.0012646484375,1.01280761719
0.355262041092,0.0033740234375,0.994985351563
0.35733294487,0.0033740234375,0.999379882813
0.359408140182,0.0065478515625,0.999868164063
0.361488103867,0.0036181640625,0.994985351563
0.363559961319,0.0011767578125,1.00084472656
0.365625143051,-0.0073681640625,0.998647460938
0.36775803566,0.0048388671875,1.01451660156
0.369832992554,-0.0005322265625,0.992788085938
0.371959924698,-0.0007763671875,0.995717773438
0.37403512001,-0.0024853515625,0.997670898438
0.376106977463,-0.0041943359375,0.996450195313
0.378179073334,0.0006884765625,1.00035644531
0.380245923996,-0.0005322265625,0.990834960938
0.382319927216,-0.0027294921875,1.00255371094
0.384387969971,-0.0002880859375,0.992543945313
0.386460065842,0.0021533203125,0.991323242188
0.388531923294,0.0004443359375,0.994497070313
0.390607118607,-4.39453125e-05,1.00279785156
0.39267706871,0.0043505859375,0.998159179688
0.394750118256,-4.39453125e-05,1.00011230469
0.396817922592,0.0004443359375,0.989370117188
0.398886919022,0.0033740234375,1.01280761719
0.400958061218,0.0033740234375,1.01378417969
0.403022050858,-0.0019970703125,0.998403320313
0.405092000961,-0.0007763671875,0.986440429688
0.407169103622,0.0033740234375,1.01500488281
0.409236907959,-0.0012646484375,1.00108886719
0.411304950714,-0.0002880859375,1.00279785156
0.413370132446,0.0028857421875,0.996450195313
0.415444135666,-0.0010205078125,0.999868164063
0.417516946793,0.0009326171875,0.996938476563
0.419589042664,0.0060595703125,0.995717773438
0.421662092209,-0.0029736328125,0.996206054688
0.423735141754,-0.0005322265625,0.992788085938
0.425809144974,0.0014208984375,1.00230957031
0.42787694931,-0.0081005859375,1.00060058594
0.429943084717,-0.0007763671875,0.996450195313
0.432023048401,0.0004443359375,0.991079101563
0.434092998505,-0.0041943359375,0.985952148438
0.436165094376,-0.0046826171875,1.00426269531
0.438231945038,0.0053271484375,0.994008789063
0.440300941467,-0.0037060546875,0.992055664063
0.442373991013,-0.0039501953125,0.991079101563
0.444442987442,0.0004443359375,1.00230957031
0.446506977081,-0.0068798828125,1.00255371094
0.448575019836,0.0006884765625,1.00353027344
0.450645923615,-0.0044384765625,1.01134277344
0.452743053436,0.0023974609375,0.994252929688
0.454814910889,-0.0046826171875,1.01451660156
0.456881999969,-0.0015087890625,0.997182617188
0.45895409584,-0.0005322265625,0.993276367188
0.461027145386,0.0021533203125,0.999868164063
0.463099956512,-0.0049267578125,0.994497070313
0.465172052383,-0.0022412109375,1.00035644531
0.467239141464,-0.0029736328125,1.00816894531
0.469305038452,-0.0041943359375,1.00328613281
0.47142291069,-0.0044384765625,0.997182617188
0.47349691391,-0.0051708984375,0.997670898438
0.475569963455,-0.0078564453125,0.999868164063
0.477643966675,-0.0015087890625,0.999624023438
0.479712963104,-0.0017529296875,1.01671386719
0.481784105301,0.0002001953125,0.995473632813
0.48385310173,-0.0056591796875,0.993520507813
0.485923051834,0.0006884765625,1.00450683594
0.487983942032,-0.0051708984375,1.00719238281
0.490045070648,-0.0034619140625,0.987172851563
0.492116928101,-0.0051708984375,0.998891601563
0.494188070297,0.0009326171875,1.00230957031
0.496253967285,0.0067919921875,0.990346679688
0.49832701683,0.0050830078125,1.00108886719
0.50043797493,-0.0002880859375,0.997182617188
0.502515077591,0.0002001953125,0.992788085938
0.504585981369,-0.0027294921875,1.00401855469
0.50665307045,-0.0024853515625,1.00572753906
0.508719921112,0.0036181640625,1.01451660156
0.510787963867,0.0023974609375,0.992055664063
0.512861967087,0.0004443359375,1.00011230469
0.514930009842,-0.0056591796875,0.986196289063
0.516999959946,0.0014208984375,1.00035644531
0.519068002701,0.0038623046875,0.999379882813
0.521141052246,-0.0019970703125,1.00694824219
0.52321100235,0.0016650390625,1.00353027344
0.525278091431,-0.0024853515625,1.00060058594
0.527343034744,0.0019091796875,0.996694335938
0.529411077499,0.0038623046875,0.995961914063
0.531487941742,-0.0005322265625,0.997182617188
0.533556938171,-0.0002880859375,1.01036621094
0.535624027252,-0.0015087890625,0.986928710938
0.53769493103,0.0021533203125,1.00548339844
0.539767980576,0.0041064453125,1.01231933594
0.541839122772,0.0002001953125,0.991323242188
0.543910980225,-0.0078564453125,1.00304199219
0.545978069305,0.0060595703125,0.996206054688
0.548048019409,-0.0029736328125,0.999624023438
0.55012011528,0.0041064453125,0.997670898438
0.552269935608,0.0019091796875,1.00450683594
0.554346084595,-0.0017529296875,1.00548339844
0.556412935257,-0.0007763671875,0.992788085938
0.558485031128,-0.0041943359375,0.985952148438
0.560559034348,0.0033740234375,1.00426269531
0.562627077103,0.0048388671875,0.992543945313
0.564701080322,0.0011767578125,0.997182617188
0.566775083542,-0.0005322265625,0.993764648438
0.568846940994,-0.0002880859375,0.995717773438
0.570980072021,0.0033740234375,1.00133300781
0.5730509758,0.0006884765625,0.988393554688
0.575124979019,0.0014208984375,0.988149414063
0.577198982239,-0.0017529296875,1.00499511719
0.579263925552,-0.0010205078125,1.00011230469
0.581327915192,0.0023974609375,0.994008789063
0.583398103714,-0.0012646484375,1.00060058594
0.585463047028,-0.0066357421875,0.997426757813
0.587532043457,0.0026416015625,0.997915039063
0.589604139328,0.0002001953125,0.996206054688
0.591680049896,-0.0037060546875,1.00279785156
0.593748092651,0.0004443359375,0.988149414063
0.595821142197,0.0016650390625,0.989858398438
0.597895145416,-0.0007763671875,1.00548339844
0.599957942963,-0.0059033203125,1.00548339844
0.602036952972,-0.0034619140625,1.00182128906
0.604104042053,0.0038623046875,0.998891601563
0.606177091599,-0.0024853515625,1.00011230469
0.608242988586,-0.0002880859375,0.995717773438
0.610314130783,-0.0005322265625,1.00255371094
0.612388134003,-0.0015087890625,1.01354003906
0.614454984665,0.0048388671875,0.989125976563
0.616524934769,-0.0022412109375,0.999379882813
0.618597984314,-0.0012646484375,0.998647460938
0.620674133301,-0.0034619140625,0.997915039063
0.622745990753,0.0009326171875,0.991567382813
0.62481713295,-0.0024853515625,0.990834960938
0.626888990402,0.0004443359375,1.00890136719
0.628956079483,0.0021533203125,1.00792480469
0.631026029587,0.0006884765625,0.999624023438
0.633099079132,-0.0027294921875,0.997670898438
0.6351749897,-0.0044384765625,1.00426269531
0.637244939804,-0.0010205078125,0.991567382813
0.639318943024,-0.0041943359375,0.990834960938
0.641441106796,-0.0007763671875,0.996938476563
0.643512964249,-0.0019970703125,0.987661132813
0.645586967468,0.0002001953125,0.997915039063
0.647655963898,-0.0032177734375,0.992055664063
0.649728059769,-0.0005322265625,1.01329589844
0.651803016663,-0.0039501953125,1.00133300781
0.653959989548,-0.0002880859375,1.00523925781
0.656080007553,0.0011767578125,0.999624023438
0.658163070679,-0.0051708984375,0.997670898438
0.660238027573,-0.0056591796875,0.988637695313
0.662315130234,-0.0029736328125,1.00108886719
0.66438293457,0.0006884765625,0.986196289063
0.666455030441,-0.0027294921875,0.996694335938
0.668528079987,-0.0027294921875,1.00255371094
0.670598983765,-0.0032177734375,1.00621582031
0.672665119171,0.0031298828125,1.00670410156
0.674730062485,-0.0088330078125,0.992543945313
0.676801919937,0.0031298828125,0.997915039063
0.678875923157,-0.0046826171875,0.985708007813
0.681024074554,0.0014208984375,0.997915039063
0.683098077774,-0.0034619140625,0.996206054688
0.685169935226,0.0033740234375,0.991567382813
0.687238931656,-4.39453125e-05,0.989125976563
0.689316987991,-0.0007763671875,1.00279785156
0.691440105438,0.0019091796875,0.991811523438
0.693509101868,0.0019091796875,0.996694335938
0.695578098297,-0.0054150390625,1.01231933594
0.697643995285,-0.0059033203125,1.00084472656
0.699710130692,-0.0022412109375,0.986196289063
0.70178604126,-4.39453125e-05,1.00426269531
0.703860044479,-0.0034619140625,0.996694335938
0.705933094025,-0.0002880859375,1.00255371094
0.70800113678,-0.0037060546875,1.00353027344
0.710068941116,0.0002001953125,1.00499511719
0.712140083313,0.0048388671875,0.998403320313
0.714210987091,-0.0041943359375,0.999624023438
0.716290950775,-0.0012646484375,0.994252929688
0.718363046646,-0.0017529296875,0.990590820313
0.720484018326,0.0009326171875,1.01524902344
0.722554922104,-0.0037060546875,1.00060058594
0.724622011185,0.0026416015625,1.00328613281
0.72669005394,0.0002001953125,0.995717773438
0.728768110275,0.0021533203125,0.998647460938
0.730842113495,0.0004443359375,0.991567382813
0.732913970947,-0.0019970703125,1.00499511719
0.734981060028,-0.0010205078125,0.997915039063
0.73717713356,0.0026416015625,1.01354003906
0.739252090454,0.0004443359375,0.999868164063
0.741328954697,-0.0027294921875,0.989370117188
0.743401050568,0.0014208984375,1.00084472656
0.745468139648,0.0028857421875,1.00792480469
0.747533082962,-0.0007763671875,1.01256347656
0.74959897995,-0.0039501953125,0.994497070313
0.751670122147,0.0016650390625,1.00133300781
0.753775119781,0.0011767578125,0.994741210938
0.755847930908,0.0016650390625,0.996206054688
0.757918119431,-0.0022412109375,1.00694824219
0.759985923767,-0.0051708984375,0.995717773438
0.762058973312,-0.0029736328125,1.00377441406
0.764123916626,-0.0010205078125,0.999135742188
0.766194105148,-0.0056591796875,0.989858398438
0.768269062042,-0.0002880859375,1.00499511719
0.770334005356,-0.0027294921875,0.997915039063
0.7724609375,-0.0002880859375,0.991811523438
0.774538040161,0.0019091796875,0.996938476563
0.776611089706,0.0016650390625,0.996450195313
0.778684139252,-0.0022412109375,0.997182617188
0.780759096146,-0.0034619140625,0.995229492188
0.78283405304,-4.39453125e-05,0.996694335938
0.784912109375,0.0014208984375,1.00279785156
0.786981105804,0.0014208984375,0.991323242188
0.789053916931,-0.0071240234375,1.00401855469
0.791124105453,-0.0078564453125,1.00572753906
0.79319190979,0.0002001953125,0.996694335938
0.795262098312,-0.0037060546875,1.00011230469
0.797331094742,-0.0012646484375,0.992788085938
0.799399137497,-0.0027294921875,0.996694335938
0.801517009735,0.0048388671875,0.990590820313
0.80358505249,-0.0019970703125,1.00279785156
0.805653095245,-0.0022412109375,1.00206542969
0.807718038559,-0.0078564453125,0.994497070313
0.80979013443,0.0006884765625,1.00597167969
0.811861038208,-0.0046826171875,0.997915039063
0.813933134079,0.0016650390625,0.991567382813
0.816005945206,0.0021533203125,0.999135742188
0.818073987961,-0.0156689453125,0.999868164063
0.820146083832,-0.0005322265625,0.998403320313
0.822221040726,-0.0039501953125,1.01524902344
0.824288129807,0.0016650390625,1.01524902344
0.826354026794,-0.0017529296875,0.994252929688
0.828426122665,-0.0015087890625,1.00987792969
0.830498933792,-0.0034619140625,1.01500488281
0.832566976547,-0.0085888671875,1.00230957031
0.834634065628,0.0021533203125,0.997182617188
0.83670592308,0.0002001953125,0.998647460938
0.8387799263,-0.0007763671875,1.00328613281
0.840847969055,0.0004443359375,1.00157714844
0.842911958694,0.0038623046875,0.995473632813
0.844980955124,0.0004443359375,0.997915039063
0.847052097321,-0.0022412109375,0.993276367188
0.849124908447,0.0021533203125,0.990590820313
0.85120010376,-0.0005322265625,1.00157714844
0.853266000748,0.0021533203125,1.01622558594
0.855360984802,0.0028857421875,1.01573730469
0.857428073883,-0.0066357421875,1.01378417969
0.859494924545,-0.0044384765625,0.995473632813
0.861567020416,-0.0015087890625,0.998647460938
0.86364197731,-0.0037060546875,0.992299804688
0.86571598053,-0.0066357421875,1.00108886719
0.867784023285,-0.0015087890625,1.00499511719
0.869849920273,-0.0022412109375,0.994985351563
0.8719830513,-0.0029736328125,0.995717773438
0.874054908752,-0.0041943359375,0.993764648438
0.876127958298,-0.0032177734375,1.01158691406
0.878194093704,0.0004443359375,1.00865722656
0.880262136459,-0.0046826171875,0.986928710938
0.882339000702,0.0009326171875,0.998891601563
0.884412050247,-0.0088330078125,1.00011230469
0.886477947235,-0.0066357421875,0.992299804688
0.888548135757,-0.0051708984375,0.999135742188
0.890622138977,-0.0049267578125,1.00279785156
0.892687082291,-0.0093212890625,0.998647460938
0.894757986069,-0.0019970703125,0.999379882813
0.896831035614,-0.0066357421875,0.990834960938
0.898903131485,-0.0027294921875,0.992055664063
0.900984048843,-0.0073681640625,0.986440429688
0.903057098389,-0.0093212890625,0.989370117188
0.905128955841,-0.0076123046875,0.990590820313
0.907202005386,-0.0022412109375,1.00963378906
0.909269094467,-0.0061474609375,0.997182617188
0.911344051361,-0.0037060546875,0.999135742188
0.913417100906,-0.0137158203125,0.998403320313
0.915488958359,-0.0088330078125,1.00182128906
0.91755604744,-0.0054150390625,1.00255371094
0.919624090195,-0.0063916015625,0.997670898438
0.921766042709,0.0004443359375,0.996206054688
0.923847913742,-0.0122509765625,0.999868164063
0.925925016403,0.0048388671875,0.994497070313
0.927998065948,0.0016650390625,1.00353027344
0.930066108704,-0.0068798828125,0.987416992188
0.93213891983,-0.0051708984375,1.00206542969
0.934205055237,0.0048388671875,1.01622558594
0.93626999855,-0.0051708984375,1.01158691406
0.938333034515,-0.0010205078125,1.00499511719
0.940449953079,0.0055712890625,0.997670898438
0.94252705574,-0.0046826171875,0.998891601563
0.944597005844,-0.0078564453125,1.00011230469
0.946661949158,0.0045947265625,1.00084472656
0.948729991913,-0.0059033203125,1.00792480469
0.950798988342,0.0006884765625,0.990102539063
0.952871084213,-0.0081005859375,0.989858398438
0.954968929291,0.0014208984375,1.01036621094
0.95703792572,-4.39453125e-05,1.01476074219
0.95910692215,-0.0027294921875,0.995961914063
0.961180925369,-0.0066357421875,0.991567382813
0.96325302124,0.0058154296875,1.00987792969
0.965318918228,0.0097216796875,1.00084472656
0.967386007309,-0.0002880859375,1.00670410156
0.969449996948,-0.0017529296875,1.00475097656
0.971522092819,0.0055712890625,0.994497070313
0.973591089249,0.0019091796875,0.997670898438
0.975662946701,0.0028857421875,1.00572753906
0.977729082108,0.0114306640625,0.994985351563
0.979798078537,-0.0039501953125,0.990834960938
0.981871128082,0.0065478515625,0.994985351563
0.983938932419,0.0055712890625,0.997670898438
0.986006975174,0.0204638671875,0.997670898438
0.988078117371,0.0072802734375,0.993520507813
0.990149974823,0.0080126953125,1.00084472656
0.992219924927,0.0114306640625,0.986684570313
0.994291067123,0.0209521484375,1.00328613281
0.996356010437,0.0189990234375,0.986196289063
0.998426914215,0.0148486328125,0.987905273438
1.00050401688,0.0023974609375,1.02086425781
1.00257301331,0.0128955078125,1.00523925781
1.00463891029,0.0316943359375,0.971059570313
1.00671005249,0.0246142578125,1.00475097656
1.00877714157,0.0170458984375,1.01036621094
1.010846138,0.0204638671875,0.991079101563
1.01292109489,0.0187548828125,0.991323242188
1.01499295235,0.0356005859375,0.992299804688
1.01706600189,0.0353564453125,1.01524902344
1.01913404465,0.0146044921875,1.01305175781
1.0212020874,0.0316943359375,0.994008789063
1.02327108383,0.0434130859375,1.03160644531
1.02533507347,0.0197314453125,0.994008789063
1.0274040699,0.0189990234375,0.983510742188
1.02947711945,0.0297412109375,1.02062011719
1.03154802322,0.0504931640625,1.00426269531
1.03361606598,0.0170458984375,0.971791992188
1.03568911552,0.0199755859375,1.00182128906
1.03775310516,0.0329150390625,1.02330566406
1.03982305527,0.0617236328125,0.984487304688
1.04194402695,0.0439013671875,0.974965820313
1.04401707649,0.0204638671875,1.01720214844
1.04608511925,0.0343798828125,0.994985351563
1.0481569767,0.0519580078125,0.969594726563
1.05023097992,0.0470751953125,1.02232910156
1.05230093002,0.0292529296875,1.00621582031
1.0543680191,0.0470751953125,0.985463867188
1.0564699173,0.0453662109375,0.997915039063
1.05854392052,0.0324267578125,1.01646972656
1.06061506271,0.0456103515625,0.993764648438
1.06268811226,0.0534228515625,0.999379882813
1.06476211548,0.0402392578125,1.00304199219
1.06682991982,0.0436572265625,0.996938476563
1.06890511513,0.0265673828125,0.980825195313
1.07098412514,0.0639208984375,1.00548339844
1.07304906845,0.0741748046875,1.01500488281
1.07511305809,0.0517138671875,0.998159179688
1.07718300819,0.0153369140625,0.989858398438
1.07925510406,0.0575732421875,1.00694824219
1.08132600784,0.0751513671875,0.994252929688
1.08339905739,0.0668505859375,0.988881835938
1.08547091484,0.0326708984375,0.989614257813
1.08754396439,0.0529345703125,0.995717773438
1.08961701393,0.0653857421875,0.999135742188
1.09169006348,0.0836962890625,0.989614257813
1.09376192093,0.0685595703125,1.01573730469
1.09582901001,0.0619677734375,0.984487304688
1.09790611267,0.0439013671875,0.989125976563
1.0999789238,0.0609912109375,1.00938964844
1.10205197334,0.0585498046875,0.993032226563
1.10412406921,0.0800341796875,0.997426757813
1.10619711876,0.0648974609375,0.997915039063
1.10826897621,0.0692919921875,1.01183105469
1.11044192314,0.0534228515625,1.00279785156
1.11252307892,0.0749072265625,0.996694335938
1.1145939827,0.0832080078125,0.993276367188
1.11666798592,0.0585498046875,0.995961914063
1.11873912811,0.0519580078125,0.999868164063
1.12081193924,0.0800341796875,1.00157714844
1.12287902832,0.110063476562,0.970083007813
1.12495708466,0.0739306640625,0.993276367188
1.12702798843,0.0631884765625,0.967885742188
1.12909698486,0.0634326171875,0.992299804688
1.13117313385,0.117631835937,1.00938964844
1.1332449913,0.0744189453125,0.982045898438
1.13531708717,0.0746630859375,1.00182128906
1.13738393784,0.0590380859375,0.995961914063
1.13945698738,0.0866259765625,0.986196289063
1.14153003693,0.0688037109375,1.01549316406
1.14359807968,0.0978564453125,0.999379882813
1.14566993713,0.0941943359375,0.990102539063
1.147742033,0.0763720703125,0.995717773438
1.1498169899,0.0736865234375,0.994008789063
1.15189409256,0.0717333984375,1.00426269531
1.15396308899,0.0934619140625,0.995961914063
1.15605902672,0.0912646484375,0.990102539063
1.15813612938,0.0756396484375,0.986684570313
1.16021108627,0.0836962890625,1.00816894531
1.16228103638,0.0954150390625,1.00157714844
1.16434597969,0.0976123046875,0.992788085938
1.16641592979,0.0897998046875,0.990102539063
1.16848492622,0.0778369140625,0.999624023438
1.17055797577,0.0734423828125,0.996450195313
1.17262601852,0.106401367187,0.990834960938
1.17470407486,0.113481445312,1.00060058594
1.1767809391,0.0873583984375,0.993032226563
1.17885303497,0.0924853515625,1.01158691406
1.18096899986,0.0905322265625,0.991567382813
1.18304300308,0.0959033203125,0.988881835938
1.18511414528,0.102983398437,0.991079101563
1.1871919632,0.0983447265625,0.998647460938
1.18926596642,0.0897998046875,0.990346679688
1.19133901596,0.0824755859375,1.00401855469
1.19340610504,0.0971240234375,0.998159179688
1.19547700882,0.0880908203125,0.975698242188
1.19754910469,0.113481445312,0.987172851563
1.19962692261,0.0883349609375,0.986196289063
1.20170712471,0.108598632812,1.00060058594
1.2037820816,0.0983447265625,0.998647460938
1.20585298538,0.106401367187,0.997670898438
1.20793199539,0.106401367187,1.00011230469
1.21000313759,0.102495117187,0.988637695313
1.21208190918,0.103715820312,0.992788085938
1.21415996552,0.112260742187,0.997182617188
1.21623897552,0.102495117187,0.993032226563
1.21831512451,0.104692382812,0.994497070313
1.22044205666,0.0944384765625,0.997915039063
1.22252011299,0.116166992187,0.991567382813
1.22459506989,0.106157226562,0.988881835938
1.22667193413,0.129594726562,0.994252929688
1.22874808311,0.102250976562,0.992543945313
1.23082995415,0.110551757812,0.979116210938
1.23290991783,0.107133789062,0.993520507813
1.23498797417,0.125444335937,0.980581054688
1.23706698418,0.112749023437,0.993032226563
1.23914694786,0.109086914062,0.989370117188
1.24122810364,0.109575195312,1.00206542969
1.24330210686,0.121782226562,0.994497070313
1.24538493156,0.124711914062,0.995229492188
1.24746513367,0.115434570312,0.996450195313
1.24954199791,0.108110351562,0.990346679688
1.25162005424,0.113237304687,0.989614257813
1.25369906425,0.121049804687,0.990102539063
1.25577807426,0.112993164062,0.970327148438
1.25788593292,0.123491210937,0.988393554688
1.25996494293,0.136186523437,0.976186523438
1.26204895973,0.116899414062,1.00230957031
1.26412796974,0.121293945312,1.00255371094
1.26620101929,0.127885742187,0.979848632813
1.26827907562,0.113481445312,0.978872070313
1.27035808563,0.116655273437,0.994497070313
1.27249002457,0.118120117187,0.998647460938
1.27457094193,0.128374023437,0.988149414063
1.27664899826,0.121049804687,0.974477539063
1.27872991562,0.123735351562,0.991323242188
1.2808110714,0.0893115234375,1.32726074219
1.28287792206,1.53749267578,0.563344726563
1.28494811058,3.48774902344,0.0533349609375
1.28701305389,3.49092285156,1.53252197266
1.28908801079,1.41475097656,1.53252197266
1.2911529541,2.48408691406,3.05577636719
1.29321813583,0.769975585937,0.971303710938
1.29529309273,0.262163085937,1.52135253906
1.29736399651,3.48286621094,0.195424804688
1.29943704605,0.489702148437,0.657338867188
1.30152606964,0.201127929687,1.50987792969
1.30367493629,0.448442382812,0.938771972656
1.3057551384,3.46138183594,0.427358398438
1.30782794952,0.107866210937,1.11656738281
1.30990314484,0.599077148437,0.987905273438
1.31199002266,0.378618164062,1.18126464844
1.31406211853,-0.243452148438,1.11461425781
1.31613612175,0.369584960937,0.551625976563
1.31821393967,-0.309858398438,1.23888183594
1.32029008865,0.657182617187,1.29332519531
1.32236504555,-0.0654736328125,0.425405273438
1.32443714142,0.125200195312,1.15367675781
1.32650899887,0.194047851562,1.25475097656
1.32858109474,0.0229052734375,0.788198242188
1.33065509796,0.387895507812,0.969106445313
1.33273506165,0.314165039062,1.04210449219
1.33480906487,-0.0344677734375,0.835317382813
1.33688092232,0.151079101562,1.06285644531
1.33895301819,0.129594726562,1.05772949219
1.34102511406,0.220659179687,0.844594726563
1.34309911728,0.251420898437,0.983754882813
1.34517598152,-0.0122509765625,1.09312988281
1.34724092484,0.144243164062,1.01354003906
1.34931206703,-0.0154248046875,0.914174804688
1.35143208504,0.259721679687,0.941030273438
1.35349392891,0.100786132812,1.07579589844
1.35555100441,0.300737304687,0.994008789063
1.35763812065,-0.0049267578125,0.905874023438
1.35969305038,0.133256835937,0.965688476563
1.36177206039,0.103227539062,0.982290039063
1.36385011673,0.143754882812,1.06358886719
1.36592197418,0.144975585937,1.02330566406
1.36799407005,0.0981005859375,0.917592773438
1.37006592751,0.202348632812,0.973012695313
1.37214612961,0.117387695312,1.00401855469
1.37422204018,0.130571289062,1.00133300781
1.37629508972,0.0358447265625,0.991323242188
1.37836813927,0.205766601562,0.981801757813
1.38049197197,0.118364257812,0.960073242188
1.38257312775,0.117631835937,1.04381347656
1.38464403152,0.127641601562,1.02818847656
1.3867149353,0.147416992187,0.953237304688
1.38879203796,0.0937060546875,0.998159179688
1.39086794853,0.141801757812,0.999135742188
1.39294600487,0.105180664062,0.972036132813
1.39502096176,0.107622070312,1.01183105469
1.39708995819,0.149614257812,0.975698242188
1.39916300774,0.170610351562,0.982778320313
1.4012401104,0.146684570312,1.00743652344
1.4033100605,0.130083007812,1.02501464844
1.40538311005,0.113237304687,0.954702148438
1.4074640274,0.0985888671875,0.971547851563
1.4095389843,0.137407226562,1.01524902344
1.41161608696,0.174272460937,0.971547851563
1.4136929512,0.131059570312,1.00572753906
1.41576600075,0.123979492187,1.00353027344
1.41783714294,0.104692382812,0.986684570313
1.41991305351,0.114702148437,1.00475097656
1.4219930172,0.143999023437,1.02208496094
1.42406511307,0.127397460937,0.983266601563
1.42614197731,0.134477539062,0.980336914063
1.42821907997,0.125688476562,0.972036132813
1.43029904366,0.138872070312,0.975209960938
1.43237900734,0.129350585937,1.00035644531
1.43445110321,0.116655273437,0.986440429688
1.43653106689,0.118852539062,0.988149414063
1.4386100769,0.132036132812,0.987172851563
1.44069099426,0.141557617187,0.986196289063
1.44277095795,0.140336914062,0.988637695313
1.44484806061,0.123735351562,0.985219726563
1.44692492485,0.123735351562,0.978627929688
1.44900393486,0.100297851562,0.995229492188
1.45108294487,0.122026367187,1.00108886719
1.45315408707,0.143754882812,0.998403320313
1.4552321434,0.142045898437,0.984487304688
1.45730805397,0.140092773437,0.987172851563
1.45941305161,0.126176757812,0.992299804688
1.46149802208,0.123979492187,0.988637695313
1.46357893944,0.125200195312,0.984975585938
1.46565914154,0.128374023437,0.996694335938
1.46773791313,0.133500976562,0.985708007813
1.46981596947,0.143999023437,0.990590820313
1.47189903259,0.138139648437,0.997915039063
1.47397708893,0.128862304687,0.995229492188
1.47605395317,0.124956054687,0.999624023438
1.47813105583,0.117631835937,0.986440429688
1.48021101952,0.126176757812,0.995961914063
1.48229002953,0.143510742187,1.00084472656
1.48436498642,0.138383789062,0.994497070313
1.48644304276,0.132768554687,0.989370117188
1.48852109909,0.121538085937,0.988881835938
1.49060106277,0.121538085937,0.994008789063
1.49267792702,0.121782226562,0.991811523438
1.49475502968,0.129594726562,0.987661132813
1.49683499336,0.141069335937,0.986440429688
1.4989669323,0.133989257812,0.980581054688
1.50105500221,0.117143554687,0.990590820313
1.50313305855,0.122514648437,1.03502441406
1.505204916,0.106645507812,0.961049804688
1.50728201866,0.131791992187,0.933706054688
1.50936198235,0.123002929687,0.964223632813
1.51149511337,0.141557617187,0.977651367188
1.51357412338,0.100541992187,1.00353027344
1.5156481266,0.147172851562,0.992055664063
1.51772403717,0.124467773437,0.970815429688
1.51979994774,0.143022460937,0.997915039063
1.52187800407,0.112504882812,0.992543945313
1.52395510674,0.118364257812,1.01622558594
1.52602601051,0.118608398437,0.955190429688
1.52810096741,0.143999023437,0.976186523438
1.53018093109,0.140336914062,1.01329589844
1.5322561264,0.123247070312,1.00572753906
1.5343310833,0.126909179687,0.967397460938
1.53641200066,0.123002929687,0.992788085938
1.53849101067,0.116655273437,0.960317382813
1.54057097435,0.138627929687,1.00621582031
1.54264903069,0.124467773437,0.980336914063
1.54472494125,0.148637695312,0.963491210938
1.54680299759,0.125932617187,1.00255371094
1.54887509346,0.121293945312,0.997426757813
1.55095911026,0.124956054687,0.983754882813
1.55303692818,0.145463867187,0.981557617188
1.55511403084,0.139360351562,1.00377441406
1.55718803406,0.122758789062,0.995229492188
1.55929398537,0.143510742187,0.979360351563
1.56137800217,0.125200195312,0.999624023438
1.56346011162,0.126909179687,0.976918945313
1.56553792953,0.137163085937,0.994741210938
1.56761598587,0.134721679687,1.00230957031
1.56968808174,0.136430664062,0.993764648438
1.57176804543,0.133012695312,0.982290039063
1.57384705544,0.128374023437,0.999868164063
1.57592797279,0.125688476562,0.995229492188
1.57800412178,0.123491210937,0.997426757813
1.5800819397,0.121782226562,0.997670898438
1.58215999603,0.129350585937,0.998159179688
1.58423709869,0.134965820312,0.991079101563
1.58631300926,0.143266601562,0.994497070313
1.58839011192,0.125688476562,0.996206054688
1.5904750824,0.125688476562,0.992055664063
1.59255599976,0.126665039062,0.987905273438
1.59463500977,0.127641601562,0.984243164063
1.5967130661,0.129594726562,0.981313476563
1.59879302979,0.129838867187,0.996694335938
1.60087609291,0.131303710937,0.983022460938
1.60295796394,0.137163085937,1.00084472656
1.60502791405,0.138383789062,1.00035644531
1.60710096359,0.129106445312,0.995473632813
1.6091799736,0.145463867187,0.991567382813
1.61125993729,0.135209960937,0.997182617188
1.6133389473,0.127153320312,0.986440429688
1.61541700363,0.122270507812,0.984975585938
1.61750197411,0.130815429687,0.997426757813
1.61958098412,0.125200195312,0.993520507813
1.62166213989,0.119584960937,0.978383789063
1.62374210358,0.143022460937,0.992543945313
1.62581801414,0.115678710937,1.00084472656
1.62788891792,0.137163085937,0.995717773438
1.62996792793,0.131791992187,0.987172851563
1.63205003738,0.127885742187,0.989125976563
1.63412594795,0.123979492187,0.989614257813
1.63620305061,0.127397460937,0.999624023438
1.63827705383,0.129838867187,0.991323242188
1.64035201073,0.131791992187,0.996206054688
1.64248299599,0.130571289062,0.990102539063
1.64455795288,0.131059570312,0.988637695313
1.6466319561,0.128129882812,1.00279785156
1.64870214462,0.123735351562,0.989614257813
1.65077900887,0.128862304687,0.987172851563
1.65285801888,0.127397460937,0.994008789063
1.65493512154,0.127885742187,0.995961914063
1.65701198578,0.128129882812,0.985219726563
1.65909004211,0.127641601562,0.983999023438
1.66119813919,0.129106445312,0.986684570313
1.66327810287,0.126665039062,0.993032226563
1.66535496712,0.124711914062,0.998891601563
1.66743206978,0.131303710937,0.996938476563
1.66951107979,0.128618164062,0.991323242188
1.67159199715,0.133256835937,0.997182617188
1.67366909981,0.127885742187,0.992299804688
1.67574906349,0.142534179687,0.989614257813
1.67782592773,0.119340820312,0.995717773438
1.67990398407,0.128618164062,1.00108886719
1.68198394775,0.127397460937,0.992299804688
1.68406200409,0.141313476562,0.996206054688
1.68614196777,0.133500976562,0.990590820313
1.68821692467,0.126909179687,0.993520507813
1.69029593468,0.130327148437,0.989614257813
1.69243192673,0.124467773437,0.989614257813
1.69451713562,0.124467773437,0.995229492188
1.69659495354,0.124223632812,0.975454101563
1.6986720562,0.115922851562,0.990590820313
1.70075106621,0.124223632812,1.00499511719
1.70282292366,0.118120117187,1.00084472656
1.70489192009,0.124956054687,0.988149414063
1.70696806908,0.128862304687,0.992543945313
1.70904302597,0.126176757812,0.992788085938
1.71112704277,0.131791992187,0.989614257813
1.71320104599,0.129594726562,0.982290039063
1.71527791023,0.127397460937,0.988149414063
1.71735596657,0.124711914062,0.998891601563
1.7194340229,0.123979492187,0.992299804688
1.72152209282,0.129838867187,0.989614257813
1.7236020565,0.130327148437,0.991079101563
1.72568011284,0.131059570312,1.00719238281
1.72775292397,0.117875976562,0.991323242188
1.7298309803,0.134721679687,0.975454101563
1.73196601868,0.132280273437,0.991567382813
1.73404598236,0.116166992187,0.993764648438
1.73612594604,0.129594726562,0.987661132813
1.73820304871,0.135454101562,1.00035644531
1.74027395248,0.132524414062,0.998891601563
1.74235296249,0.133989257812,0.992788085938
1.74443101883,0.130327148437,0.991079101563
1.7465069294,0.130815429687,0.992788085938
1.74858498573,0.132036132812,0.987416992188
1.75066614151,0.127641601562,0.993764648438
1.7527449131,0.118120117187,0.988637695313
1.75482296944,0.134965820312,0.985463867188
1.75690197945,0.146196289062,0.970815429688
1.75897908211,0.146196289062,0.990834960938
1.76108694077,0.126176757812,0.983754882813
1.7631649971,0.130815429687,0.989858398438
1.76524305344,0.130815429687,0.994497070313
1.76732206345,0.126909179687,0.996206054688
1.76940011978,0.129350585937,0.992788085938
1.77148413658,0.132036132812,0.988149414063
1.77356290817,0.145708007812,0.987172851563
1.77563810349,0.122758789062,0.987172851563
1.77771496773,0.126176757812,0.994985351563
1.77978897095,0.132280273437,0.986196289063
1.78186798096,0.129350585937,0.989858398438
1.78394198418,0.116899414062,0.995717773438
1.78601908684,0.133500976562,0.995473632813
1.78809809685,0.132280273437,0.993276367188
1.79017806053,0.127641601562,0.988393554688
1.79226112366,0.126909179687,0.991567382813
1.79434108734,0.123247070312,0.995717773438
1.79641914368,0.127885742187,0.985463867188
1.79849791527,0.130083007812,0.990834960938
1.80058002472,0.129106445312,0.970571289063
1.80265808105,0.145219726562,0.994497070313
1.80473804474,0.145952148437,0.990346679688
1.80681610107,0.126420898437,0.998159179688
1.80889511108,0.137651367187,0.998891601563
1.81098008156,0.132768554687,0.988393554688
1.81305909157,0.128862304687,0.988637695313
1.81513690948,0.127397460937,1.00060058594
1.81720805168,0.118852539062,0.992299804688
1.81928610802,0.126420898437,0.993764648438
1.8213660717,0.123979492187,0.983266601563
1.82344198227,0.146684570312,0.994252929688
1.8255200386,0.116655273437,0.989858398438
1.82759904861,0.146440429687,0.996206054688
1.82967710495,0.122026367187,0.985708007813
1.83175706863,0.127153320312,0.996206054688
1.83383393288,0.125444335937,0.992299804688
1.83591008186,0.123247070312,0.986440429688
1.83798599243,0.122026367187,0.986196289063
1.84006214142,0.125444335937,0.992543945313
1.84213995934,0.128129882812,0.998403320313
1.84421896935,0.126420898437,0.989370117188
1.84629797935,0.130083007812,0.983266601563
1.84837603569,0.145219726562,0.991323242188
1.85046195984,0.118364257812,0.989614257813
1.85254311562,0.127397460937,0.980336914063
1.85462212563,0.126909179687,0.993276367188
1.85670208931,0.129106445312,0.989370117188
1.85877895355,0.126176757812,0.992543945313
1.86088514328,0.126176757812,0.997182617188
1.86296391487,0.129594726562,0.989858398438
1.86504411697,0.128618164062,0.984975585938
1.86712312698,0.118608398437,0.991567382813
1.86920404434,0.133745117187,0.993520507813
1.87128591537,0.133500976562,0.994008789063
1.87336492538,0.125444335937,0.971059570313
1.87544393539,0.145952148437,0.986196289063
1.87752199173,0.143999023437,0.977163085938
1.87960004807,0.144487304687,0.991811523438
1.88167905807,0.126909179687,0.991811523438
1.88376092911,0.129350585937,0.990590820313
1.88583993912,0.135698242187,1.00060058594
1.88796210289,0.126420898437,0.997182617188
1.89004993439,0.127885742187,0.987172851563
1.89213013649,0.129594726562,0.994008789063
1.89421105385,0.130815429687,0.998647460938
1.89628911018,0.132280273437,0.974965820313
1.89837193489,0.146196289062,0.987661132813
1.90050911903,0.127641601562,0.987905273438
1.90259003639,0.144975585937,0.995961914063
1.90467095375,0.125688476562,0.977407226563
1.90674805641,0.126665039062,0.991567382813
1.90882301331,0.129350585937,0.992055664063
1.91094398499,0.126665039062,0.985708007813
1.91302204132,0.124467773437,0.988393554688
1.91509604454,0.126909179687,0.992055664063
1.91717195511,0.131547851562,0.980092773438
1.91924905777,0.131059570312,0.990834960938
1.92132496834,0.128374023437,0.993520507813
1.92339992523,0.145708007812,0.972768554688
1.92547798157,0.134965820312,0.989125976563
1.92755699158,0.131059570312,0.994497070313
1.92963600159,0.144487304687,0.986196289063
1.93171811104,0.116411132812,0.997182617188
1.93379712105,0.118364257812,0.992299804688
1.93587493896,0.129350585937,0.987416992188
1.93795204163,0.129350585937,0.992788085938
1.94002914429,0.127885742187,0.994252929688
1.94211006165,0.130327148437,0.987905273438
1.94418692589,0.127885742187,0.986440429688
1.94626498222,0.115922851562,0.987905273438
1.94834113121,0.143510742187,0.975698242188
1.9504699707,0.127641601562,0.993032226563
1.95255303383,0.127153320312,0.987905273438
1.95463299751,0.128374023437,0.989614257813
1.95671010017,0.129594726562,0.983022460938
1.95878601074,0.132768554687,0.983266601563
1.96086597443,0.128374023437,0.986196289063
1.96297192574,0.133256835937,0.986684570313
1.96505093575,0.127641601562,0.989614257813
1.96712899208,0.126420898437,0.989370117188
1.96920800209,0.135942382812,0.973500976563
1.97128796577,0.131791992187,0.986196289063
1.97337198257,0.128374023437,0.999135742188
1.97544908524,0.123979492187,0.990834960938
1.97752809525,0.123247070312,0.985219726563
1.97960591316,0.126665039062,0.990590820313
1.98168206215,0.127397460937,0.991323242188
1.98375701904,0.127153320312,0.987172851563
1.98583197594,0.129106445312,0.997426757813
1.98790693283,0.135209960937,0.982534179688
1.98998308182,0.122514648437,0.988881835938
1.9920630455,0.123735351562,0.994497070313
1.99414801598,0.123491210937,1.00084472656
1.99622011185,0.146196289062,0.998891601563
1.99829792976,0.128862304687,0.993032226563
2.00037407875,0.129350585937,0.996450195313
2.0027410984,0.127641601562,0.986928710938
2.0048429966,0.122514648437,0.967641601563
2.00693011284,0.136430664062,1.14830566406
2.00900793076,0.134721679687,0.758657226563
2.01109409332,0.117875976562,0.984975585938
2.01317691803,0.153032226562,1.25841308594
2.01525306702,0.0985888671875,0.771596679688
2.01732611656,0.198686523437,1.03111816406
2.01939892769,0.0241259765625,1.00938964844
2.02152609825,0.235063476562,1.01256347656
2.02360296249,0.0441455078125,1.01183105469
2.02567100525,0.254838867187,1.05528808594
2.02774405479,-0.0010205078125,0.894399414063
2.0298230648,0.246049804687,1.02086425781
2.03194713593,0.0089892578125,1.00255371094
2.0340180397,0.246293945312,1.02965332031
2.03609991074,0.0460986328125,0.918813476563
2.03817605972,0.224565429687,0.996450195313
2.04025697708,0.0536669921875,1.04894042969
2.04233193398,0.180864257812,0.956655273438
2.04441404343,0.114458007812,0.966665039063
2.04650211334,0.144487304687,1.00206542969
2.04857897758,0.0382861328125,0.934682617188
2.05065608025,0.206987304687,1.03478027344
2.05273008347,0.0614794921875,1.01915527344
2.05480599403,0.177934570312,0.967397460938
2.05689406395,0.0897998046875,0.932729492188
2.05897212029,0.160844726562,1.05382324219
2.06105113029,0.117143554687,1.00719238281
2.06313705444,0.123735351562,0.957875976563
2.06522297859,0.127397460937,0.994741210938
2.06730794907,0.115434570312,1.04039550781
2.0693860054,0.182573242187,0.956166992188
2.0715200901,0.131791992187,1.00353027344
2.07359910011,0.113725585937,1.03014160156
2.07567405701,0.0893115234375,0.960073242188
2.07775712013,0.197709960937,0.915151367188
2.07983899117,0.117631835937,1.09459472656
2.08205413818,0.132768554687,1.01549316406
2.08413696289,0.0485400390625,0.840688476563
2.08621406555,0.182817382812,1.10387207031
2.08829092979,0.133256835937,0.979848632813
2.0903711319,0.131303710937,0.982778320313
2.09250998497,0.0065478515625,1.02208496094
2.09458804131,0.234086914062,0.936635742188
2.09666895866,0.113725585937,1.06944824219
2.09874510765,0.159379882812,0.960805664063
2.10083293915,0.0622119140625,0.887319335938
2.10291004181,0.113481445312,1.12145019531
2.10499000549,0.202104492187,0.957387695313
2.10707211494,0.108354492187,0.988637695313
2.10915803909,0.140092773437,0.935415039063
2.11124110222,0.0731982421875,0.951040039063
2.11331605911,0.172075195312,1.19811035156
2.11540007591,0.186723632812,1.21959472656
2.11747813225,0.0319384765625,0.881948242188
2.1195499897,0.159135742187,0.880239257813
2.12163305283,0.140581054687,1.08971191406
2.12370705605,0.144731445312,1.01769042969
2.12578392029,0.126176757812,0.953481445313
2.12786102295,0.0409716796875,0.957631835938
2.12993693352,0.186479492187,1.00768066406
2.13201999664,0.148393554687,0.910756835938
2.13410711288,0.101030273437,1.11534667969
2.13618302345,0.0631884765625,0.954702148438
2.13825798035,0.212358398437,0.953481445313
2.14034295082,0.146440429687,0.978139648438
2.14248204231,0.170610351562,0.927846679688
2.14456605911,-0.0642529296875,1.12633300781
2.14663696289,0.307573242187,0.845327148438
2.14871907234,0.0197314453125,1.02257324219
2.15078997612,0.305375976562,1.13951660156
2.15288996696,-0.101118164063,0.779409179688
2.15503191948,0.228471679687,1.14317871094
2.157143116,0.200883789062,0.942983398438
2.15923500061,0.102495117187,0.930288085938
2.16131806374,0.135698242187,1.03770996094
2.16339612007,0.146928710937,0.901479492188
2.1654779911,0.214067382812,0.892202148438
2.16756105423,0.143266601562,1.09312988281
2.16964006424,0.0768603515625,1.03062988281
2.17171406746,0.135209960937,0.963002929688
2.17379593849,0.162309570312,0.834584960938
2.17587804794,0.155473632812,1.15074707031
2.17795300484,0.0448779296875,1.04503417969
2.18002510071,0.161577148437,0.890981445313
2.18211102486,0.149125976562,0.957143554688
2.1842019558,0.246049804687,1.06749511719
2.18627905846,-0.0044384765625,1.00255371094
2.18835401535,0.175493164062,1.02477050781
2.190513134,0.184526367187,0.926381835938
2.19260406494,0.129838867187,1.15221191406
2.19468092918,0.137895507812,0.850454101563
2.19676303864,-0.0539990234375,0.897329101563
2.19884395599,0.307817382812,1.20445800781
2.20096993446,0.0846728515625,0.998403320313
2.20304703712,0.132524414062,0.647573242188
2.20514297485,0.103959960937,1.15514160156
2.20721793175,0.0106982421875,1.30162597656
2.20929002762,0.186723632812,1.47569824219
2.21137213707,0.0104541015625,0.838979492188
2.21345591545,0.200151367187,0.713002929688
2.21553611755,0.0971240234375,1.16856933594
2.21760606766,0.194780273437,1.11900878906
2.21968007088,0.0900439453125,0.890737304688
2.22175502777,0.0319384765625,0.849233398438
2.22382807732,0.212358398437,1.03624511719
2.225908041,-0.0332470703125,1.15562988281
2.22798109055,0.331743164062,0.966909179688
2.2300620079,0.0460986328125,0.747670898438
2.23214411736,0.130327148437,1.12755371094
2.23422312737,0.144731445312,1.07604003906
2.23630213737,0.240190429687,0.931264648438
2.23838710785,0.103715820312,0.994741210938
2.24048709869,0.0915087890625,1.12193847656
2.24255800247,0.0087451171875,0.893422851563
2.24463796616,0.182329101562,1.02208496094
2.24671292305,0.183793945312,0.853383789063
2.24880003929,0.213823242187,1.06285644531
2.25092792511,-0.0278759765625,1.03575683594
2.25300002098,0.110307617187,1.01207519531
2.2550740242,0.102495117187,1.02965332031
2.25714993477,0.240434570312,0.854848632813
2.25924992561,0.0109423828125,1.02208496094
2.26132702827,0.0463427734375,0.942250976563
2.26340413094,0.107377929687,1.23595214844
2.26548695564,0.111528320312,0.790395507813
2.26756906509,0.305620117187,0.856313476563
2.26965093613,0.0675830078125,1.27574707031
2.271723032,0.0399951171875,0.791616210938
2.27380895615,0.134721679687,1.16124511719
2.27588891983,0.0534228515625,0.846547851563
2.27810311317,0.336870117187,0.975454101563
2.28019809723,0.0668505859375,0.860463867188
2.28227806091,0.0116748046875,1.26524902344
2.28434991837,0.146440429687,0.892202148438
2.28643393517,0.247026367187,0.973012695313
2.28852105141,0.0810107421875,0.743764648438
2.29060006142,0.131547851562,1.50060058594
2.29267692566,-0.0952587890625,0.758657226563
2.29475212097,0.360307617187,0.665151367188
2.29683494568,0.0399951171875,1.42198730469
2.29890704155,0.244829101562,1.06676269531
2.30098891258,-0.0027294921875,0.519155273438
2.30306506157,0.113481445312,1.36510253906
2.30514001846,-0.0073681640625,1.19615722656
2.30720901489,0.157915039062,0.980825195313
2.30928611755,0.0634326171875,1.08556152344
2.31135511398,0.151811523437,0.722768554688
2.31344008446,0.131547851562,0.919790039063
2.31552410126,0.130083007812,1.53252197266
2.31760001183,0.0570849609375,0.345021972656
2.31967997551,0.122270507812,0.756215820313
2.32176494598,0.194780273437,1.53136230469
2.32384300232,0.113481445312,0.860646972656
2.32592010498,0.170366210937,0.441518554688
2.32800292969,-0.0403271484375,1.48741699219
2.33007311821,0.447954101562,1.48131347656
2.33215212822,0.207719726562,0.746450195313
2.33423304558,0.0253466796875,1.03136230469
2.33630514145,0.149614257812,1.07506347656
2.33838009834,0.246049804687,0.905629882813
2.34046912193,-0.0156689453125,0.854116210938
2.34254598618,0.200639648437,1.29259277344
2.34462809563,0.0832080078125,0.866567382813
2.34670901299,0.214067382812,0.898061523438
2.34879207611,0.0895556640625,1.02647949219
2.35086607933,0.0851611328125,1.15318847656
2.35294699669,0.220659179687,0.804799804688
2.35502910614,0.0287646484375,0.394155273438
2.35710597038,0.0746630859375,1.17247558594
2.35917711258,0.0641650390625,1.11632324219
2.36125993729,0.280229492187,1.07970214844
2.36333298683,0.0150927734375,0.611440429688
2.36540699005,0.168657226562,1.05992675781
2.36748600006,0.0282763671875,1.37413574219
2.36955499649,0.277788085937,0.704702148438
2.37165093422,0.0409716796875,0.812856445313
2.37372899055,0.0871142578125,1.18419433594
2.37579894066,0.247270507812,1.38634277344
2.37788009644,-0.0019970703125,0.215932617188
2.37996006012,0.325883789062,1.42418457031
2.3820400238,0.185747070312,1.53252197266
2.38411402702,0.102006835937,0.805776367188
2.38621711731,0.0380419921875,1.07872558594
2.38828802109,0.224809570312,0.837758789063
2.39036798477,0.0683154296875,0.950063476563
2.39249396324,0.229448242187,1.27281738281
2.39457607269,-0.0657177734375,0.814077148438
2.39665007591,0.351762695312,0.911000976563
2.39873194695,-0.0698681640625,0.843618164063
2.40081501007,0.279497070312,1.40489746094
2.40289306641,-0.0098095703125,0.673146972656
2.40496397018,0.152299804687,0.572622070313
2.40704703331,-0.0290966796875,0.964223632813
2.40913200378,0.211625976562,1.15465332031
2.41121006012,0.142534179687,0.795034179688
2.41329312325,0.218950195312,1.16197753906
2.41537499428,-0.117475585938,0.924428710938
2.41745495796,0.381791992187,1.11070800781
2.41953110695,-0.0784130859375,0.832631835938
2.42160892487,0.327104492187,0.958608398438
2.42369914055,-0.0154248046875,1.38072753906
2.42576813698,0.155717773437,0.587270507813
2.4278459549,0.0919970703125,1.00719238281
2.4299120903,0.116655273437,1.46690917969
2.43199706078,0.148149414062,0.917592773438
2.43407893181,0.113237304687,0.668569335938
2.43615698814,0.127885742187,1.35851074219
2.43823099136,0.163530273437,0.692739257813
2.44032406807,0.0063037109375,1.15221191406
2.44244909286,0.252153320312,0.876271972656
2.44452214241,0.0524462890625,0.827504882813
2.44660496712,0.167924804687,1.41808105469
2.4486811161,0.0670947265625,0.641896972656
2.45076012611,0.191850585937,1.11266113281
2.45283794403,0.225541992187,1.26817871094
2.45492196083,0.101030273437,1.24840332031
2.45699906349,0.209672851562,0.624379882813
2.45908308029,-0.0525341796875,1.33751464844
2.46115493774,0.298540039062,0.674672851563
2.46324491501,0.0680712890625,0.977163085938
2.46531796455,0.130815429687,1.43346191406
2.46739292145,0.142290039062,0.454396972656
2.46946811676,0.0565966796875,1.21446777344
2.4716219902,0.284135742187,1.38438964844
2.47370791435,0.0409716796875,0.280141601563
2.47579693794,0.222368164062,1.47618652344
2.47787213326,-0.0608349609375,1.27892089844
2.47994208336,0.254838867187,0.969350585938
2.48202800751,0.0390185546875,0.736440429688
2.48410105705,0.115922851562,1.41563964844
2.4861779213,0.197221679687,0.758413085938
2.48825907707,0.0817431640625,0.560170898438
2.49033403397,0.209428710937,1.51817871094
2.49246907234,0.0324267578125,0.501271972656
2.49453997612,0.235307617187,0.753041992188
2.49663305283,0.114213867187,1.52306152344
2.49870896339,0.0702685546875,0.470021972656
2.50078296661,0.154497070312,0.553823242188
2.5028719902,0.132280273437,0.717397460938
2.504956007,0.0990771484375,1.53252197266
2.50702810287,0.272416992187,0.337026367188
2.50911211967,0.0509814453125,0.777700195313
2.51119613647,0.125932617187,1.53252197266
2.51327204704,0.249467773437,0.304799804688
2.51535105705,-0.0078564453125,0.885854492188
2.51742506027,0.231401367187,1.52184082031
2.51951313019,-0.0151806640625,0.641896972656
2.52158713341,0.113481445312,0.500112304688
2.52366900444,0.121782226562,1.51793457031
2.52574706078,0.313920898437,1.53252197266
2.52782392502,0.0241259765625,0.457631835938
2.52990198135,0.218950195312,0.659047851563
2.53199291229,0.0297412109375,1.53252197266
2.53408193588,0.196245117187,0.880483398438
2.53616905212,0.0819873046875,0.423208007813
2.53824591637,-0.0925732421875,1.48839355469
2.54031896591,0.297807617187,1.36064697266
2.54240393639,0.0910205078125,-0.132211914062
2.54448103905,0.232377929687,1.52599121094
2.54655694962,0.0014208984375,1.34502197266
2.54862713814,0.263627929687,0.262075195313
2.55072307587,-0.0437451171875,0.336782226563
2.55279994011,0.303178710937,0.929555664063
2.55488109589,-0.202436523438,1.53252197266
2.55696392059,0.258012695312,0.592397460938
2.55905008316,0.158891601562,0.324331054688
2.56113505363,0.237504882812,1.53252197266
2.56321406364,0.0172900390625,0.923146972656
2.56530809402,0.122758789062,0.303334960938
2.56739711761,0.0512255859375,1.36656738281
2.56946897507,0.169877929687,1.52477050781
2.5715470314,0.249956054687,0.313771972656
2.5736310482,-0.196088867188,0.747426757813
2.57571005821,0.165727539062,0.465200195313
2.57779097557,0.166215820312,1.53252197266
2.57986402512,0.274614257812,0.911000976563
2.58200407028,0.0038623046875,0.380971679688
2.58407902718,0.239458007812,1.42931152344
2.5861530304,0.0080126953125,1.31432128906
2.58822107315,0.419389648437,0.722768554688
2.59029793739,-0.198774414063,0.501821289063
2.59237909317,0.233354492187,1.52501464844
2.59445810318,-0.0205517578125,1.15758300781
2.59653306007,0.388872070312,0.413198242188
2.59861493111,0.237016601562,0.619008789063
2.60070014,-0.0784130859375,0.618764648438
2.60279512405,0.169633789062,1.46275878906
2.6048719883,0.108110351562,1.31310058594
2.60694909096,0.128374023437,0.440053710938
2.60903000832,0.0873583984375,0.697133789063
2.61111497879,0.0963916015625,1.51793457031
2.61318802834,0.384965820312,0.938771972656
2.6152639389,0.0795458984375,0.444692382813
2.61734199524,0.118364257812,1.17101074219
2.61942410469,0.0197314453125,1.42247558594
2.62150406837,0.186235351562,1.00133300781
2.62357902527,0.107377929687,1.53252197266
2.6256570816,0.0514697265625,0.199819335938
2.6277449131,0.282182617187,0.935659179688
2.6298289299,0.235307617187,1.53252197266
2.63196802139,0.0854052734375,0.731801757813
2.63404393196,0.175737304687,0.973500976563
2.63612604141,0.0460986328125,0.584829101563
2.6382060051,-0.0588818359375,1.43248535156
2.64027905464,0.354204101562,1.38414550781
2.64236307144,-0.0879345703125,0.265981445313
2.64443993568,0.269243164062,1.00743652344
2.64651703835,0.182817382812,1.49596191406
2.64860296249,0.0102099609375,0.968618164063
2.6506819725,0.217241210937,1.46031738281
2.65275907516,-0.0503369140625,0.988881835938
2.65483212471,0.0744189453125,0.420766601563
2.65690398216,0.299760742187,1.15636230469
2.65898704529,0.0338916015625,1.38390136719
2.66105794907,0.372026367187,0.903676757813
2.66314101219,0.0705126953125,0.719594726563
2.66528105736,0.142290039062,0.868032226563
2.66737008095,0.154252929687,1.43907714844
2.66944599152,-0.0640087890625,1.14122558594
2.67152404785,0.362749023437,1.53252197266
2.67360591888,0.0717333984375,0.721303710938
2.6756799221,0.247026367187,0.629262695313
2.6777639389,0.189409179687,1.24352050781
2.6798479557,0.0082568359375,0.938833007813
2.6819870472,0.167436523437,1.37755371094
2.68408513069,0.0912646484375,0.709096679688
2.68616890907,-0.0815869140625,0.579213867188
2.68824696541,0.310747070312,1.32604003906
2.6903219223,0.0614794921875,1.28014160156
2.69244003296,0.362016601562,0.610646972656
2.69451713562,-0.159711914063,0.698354492188
2.69659900665,0.177690429687,1.17906738281
2.69867491722,0.206499023437,0.466420898438
2.70075702667,-0.148969726563,1.02818847656
2.70283293724,0.269975585937,1.53252197266
2.70491695404,0.0485400390625,0.756459960938
2.70699596405,0.324907226562,0.577504882813
2.7090780735,0.306596679687,1.43199707031
2.71115994453,-0.0991650390625,0.718862304688
2.71324491501,0.186967773437,1.42784667969
2.715321064,0.0434130859375,0.908071289063
2.71739912033,0.0080126953125,0.525747070313
2.7194750309,0.115190429687,0.424428710938
2.72156906128,0.204301757812,0.720815429688
2.72365093231,0.595659179687,1.50865722656
2.72572803497,-0.211958007813,0.638051757813
2.7278110981,0.203081054687,1.53252197266
2.7298951149,0.166948242187,0.743276367188
2.73202896118,-0.0549755859375,0.500600585938
2.73410892487,0.144731445312,1.37682128906
2.73619198799,0.0424365234375,1.20152832031
2.7382619381,0.238725585937,0.621206054688
2.74034309387,0.474565429687,0.686391601563
2.74247813225,0.0829638671875,1.53252197266
2.74455094337,0.176469726562,0.547231445313
2.74663305283,-0.0527783203125,0.727895507813
2.74870800972,-0.0063916015625,1.29552246094
2.75077795982,0.305131835937,1.17076660156
2.75285100937,-0.0298291015625,0.663198242188
2.75492405891,0.560258789062,1.12218261719
2.75699806213,-0.133344726563,0.876271972656
2.75907206535,0.278032226562,0.773549804688
2.76115894318,-0.239057617188,1.44542480469
2.7632420063,0.157670898437,1.15221191406
2.76532006264,0.169633789062,0.431020507813
2.76740098,0.105913085937,0.494985351563
2.76948404312,0.354204101562,0.994008789063
2.77156710625,0.0563525390625,1.05943847656
2.77364492416,0.255083007812,0.844106445313
2.77573108673,-0.188276367188,1.20934082031
2.77780914307,-0.0242138671875,1.16051269531
2.77989792824,0.195024414062,0.762807617188
2.78198814392,0.211381835937,0.993764648438
2.78406906128,0.432817382812,1.04552246094
2.78614497185,0.0856494140625,0.666860351563
2.78824090958,-0.0242138671875,1.52940917969
2.79031395912,0.0912646484375,1.13341308594
2.79239392281,0.0270556640625,1.38927246094
2.79447102547,0.233110351562,0.717641601563
2.79655408859,0.118852539062,0.926381835938
2.79863810539,0.510698242187,1.38780761719
2.80071902275,0.0104541015625,0.442006835938
2.80279707909,0.150590820312,1.11485839844
2.80487704277,-0.167768554688,1.35411621094
2.80695414543,0.0648974609375,1.02599121094
2.80902791023,0.129838867187,0.488393554688
2.81111502647,0.154497070312,1.29186035156
2.81318902969,0.419877929687,1.14903808594
2.81526708603,0.187456054687,0.986440429688
2.81735610962,0.317583007812,0.624135742188
2.81943297386,-0.201459960938,1.15294433594
2.82150912285,0.0460986328125,1.39635253906
2.82359099388,-0.0261669921875,0.620961914063
2.82566905022,0.219194335937,1.08775878906
2.82774710655,0.417680664062,1.25353027344
2.82982397079,0.223588867187,0.442250976563
2.83196496964,0.0382861328125,1.15001464844
2.83403801918,0.0627001953125,1.19688964844
2.83611392975,-0.0095654296875,1.01573730469
2.83818602562,-0.104536132813,0.583120117188
2.84026694298,0.0399951171875,0.642934570313
2.84234404564,0.408159179687,1.49937988281
2.84441900253,0.0688037109375,0.848256835938
2.84650397301,0.229448242187,0.629262695313
2.84858608246,-0.0676708984375,1.16881347656
2.85065698624,-0.0164013671875,1.23424316406
2.8527340889,-0.0405712890625,0.532521972656
2.85481309891,0.182817382812,1.16393066406
2.85689210892,0.323930664062,1.37389160156
2.8590259552,0.267290039062,0.566274414063
2.86111712456,0.0380419921875,0.980336914063
2.86319613457,0.165483398437,0.953725585938
2.86527705193,0.0036181640625,0.905874023438
2.86735701561,0.222856445312,1.24449707031
2.86943292618,-0.0010205078125,0.515493164063
2.87151193619,0.340776367187,1.29527832031
2.8735909462,0.0619677734375,1.23473144531
2.87566304207,0.110307617187,0.766469726563
2.87774705887,0.0360888671875,1.00523925781
2.87981796265,-0.0847607421875,0.915395507813
2.88189697266,0.211137695312,1.15514160156
2.88397812843,0.0246142578125,0.622670898438
2.88605093956,0.339799804687,1.43395019531
2.88812494278,-0.0083447265625,1.08092285156
2.89019393921,0.0172900390625,0.821401367188
2.89227890968,-0.0749951171875,1.42735839844
2.89434814453,0.0556201171875,0.424672851563
2.89642596245,0.244829101562,1.31285644531
2.89850211143,0.194047851562,0.850454101563
2.90059494972,0.284868164062,0.971791992188
2.90267896652,0.0534228515625,0.929555664063
2.90475392342,-0.0378857421875,1.01891113281
2.90682506561,0.0707568359375,1.46031738281
2.90889906883,-0.139448242188,0.316762695313
2.91097998619,0.311967773437,1.37755371094
2.91306495667,0.139360351562,0.748647460938
2.91515302658,0.224565429687,1.25938964844
2.9172270298,-0.0449658203125,1.00743652344
2.91929793358,0.0797900390625,0.706655273438
2.92143201828,-0.0535107421875,0.895864257813
2.92351007462,0.195512695312,1.34435058594
2.92558813095,0.106645507812,0.773549804688
2.92767310143,0.170122070312,0.935170898438
2.92975497246,0.102006835937,1.41783691406
2.93183302879,0.121538085937,0.896108398438
2.9339261055,-0.172163085938,0.710317382813
2.9360101223,0.100786132812,0.997426757813
2.9380941391,0.206743164062,1.46471191406
2.94017910957,0.329545898437,0.789663085938
2.94226813316,0.0746630859375,0.920278320313
2.94434309006,0.112504882812,0.981313476563
2.94642591476,-0.0024853515625,0.914907226563
2.94850206375,0.0573291015625,1.53252197266
2.95057296753,-0.0413037109375,0.329396972656
2.95264101028,0.198930664062,1.23326660156
2.9547150135,0.0265673828125,1.18468261719
2.95679306984,0.383012695312,0.853383789063
2.95886993408,0.167192382812,0.737661132813
2.96099710464,-0.141157226563,0.978383789063
2.96307706833,-0.0542431640625,0.767446289063
2.96515202522,0.121782226562,1.53252197266
2.96722793579,0.269243164062,0.403188476563
2.96931099892,0.180131835937,1.02477050781
2.9714410305,0.0072802734375,1.32726074219
2.97351503372,-0.118940429688,1.15318847656
2.97560310364,0.127885742187,0.889028320313
2.97768497467,-0.0530224609375,0.570668945313
2.97976207733,0.311235351562,1.51695800781
2.98184299469,0.0592822265625,0.453237304688
2.9839220047,0.140336914062,0.815297851563
2.98600411415,0.232133789062,0.683461914063
2.98808693886,0.113481445312,0.810415039063
2.99017500877,-0.0950146484375,1.44566894531
2.99224710464,-0.0586376953125,0.792592773438
2.99432301521,0.225541992187,0.679311523438
2.99641895294,0.0058154296875,1.26402832031
2.9984960556,0.244829101562,1.39098144531
3.00057792664,-0.0332470703125,0.729848632813
3.00265312195,-0.0112744140625,0.701284179688
3.00474095345,-0.0852490234375,1.29186035156
3.00681304932,0.101762695312,1.23564697266
3.00888991356,0.231645507812,0.353139648438
3.01098799706,0.194291992187,0.762563476563
3.01307010651,0.0785693359375,0.949086914063
3.01514410973,-0.150190429688,1.14171386719
3.01722407341,0.0351123046875,1.26451660156
3.01929998398,-0.0896435546875,0.285756835938
3.02142500877,0.127885742187,1.36534667969
3.02351212502,0.0634326171875,1.18639160156
3.02558898926,0.185991210937,0.874624023438
3.02767300606,0.176469726562,0.852895507813
3.02975511551,-0.120893554688,0.949331054688
3.03183603287,-0.0679150390625,1.36827636719
3.0339050293,-0.0881787109375,0.595021972656
3.03597307205,0.228715820312,0.368032226563
3.03805398941,0.254350585937,0.945913085938
3.04013514519,0.0648974609375,1.17809082031
3.04221200943,-0.173139648438,1.09435058594
3.04428696632,0.0773486328125,1.13658691406
3.04635810852,-0.177778320313,0.181752929688
3.04844999313,0.182817382812,1.52354980469
3.05053091049,0.0399951171875,0.786977539063
3.05266094208,0.236284179687,0.788930664063
3.05475091934,0.162309570312,0.943715820313
3.05683207512,-0.258588867188,1.09728027344
3.05891013145,-0.211958007813,0.898549804688
3.06102013588,0.172319335937,1.53252197266
3.06309700012,0.189165039062,0.213491210938
3.06517791748,0.134721679687,1.04723144531
3.06725311279,0.186479492187,1.31651855469
3.06933903694,-0.270307617188,1.02037597656
3.07146501541,0.176958007812,0.948354492188
3.07354593277,-0.333540039063,0.505727539063
3.07563710213,0.273393554687,1.52721191406
3.07772111893,0.0905322265625,0.444204101563
3.0797970295,0.225053710937,0.851186523438
3.08188009262,-0.205366210938,0.748891601563
3.08396196365,0.0529345703125,0.895620117188
3.08603692055,-0.185834960938,0.923696289063
3.08812212944,0.158647460937,1.48521972656
3.09020709991,0.132036132812,0.244741210938
3.09229302406,0.193803710937,1.28160644531
3.09437298775,0.0429248046875,1.22618652344
3.09644293785,-0.321333007813,1.05919433594
3.09853601456,0.196977539062,1.01671386719
3.10061693192,-0.305952148438,0.353872070313
3.10269904137,0.321733398437,1.52940917969
3.1047809124,-0.0542431640625,0.276479492188
3.10686302185,0.163530273437,1.06627441406
3.10894012451,-0.193159179688,0.951040039063
3.11102509499,0.0717333984375,0.759633789063
3.11310195923,-0.231489257813,1.07091308594
3.11517906189,0.0873583984375,1.32237792969
3.11724710464,0.0741748046875,0.298696289063
3.11931991577,0.135454101562,1.34239746094
3.12145805359,0.0087451171875,1.12950683594
3.12352800369,-0.225629882813,1.02989746094
3.12561297417,0.0685595703125,1.13976074219
3.12768697739,-0.296186523438,0.396596679688
3.12976694107,0.103227539062,0.861196289063
3.13185310364,-0.237348632813,1.13121582031
3.13393497467,0.0578173828125,1.24376464844
3.13601613045,0.0204638671875,0.944936523438
3.13809609413,-0.0293408203125,0.775258789063
3.14017295837,-0.0771923828125,0.991567382813
3.14225196838,0.0229052734375,1.32939697266
3.14433693886,-0.289350585938,0.392202148438
3.14641594887,-0.0452099609375,1.23082519531
3.14849114418,0.0673388671875,1.09874511719
3.15056300163,-0.172651367188,1.05504394531
3.15264391899,-0.0264111328125,0.995961914063
3.15472507477,-0.120405273438,0.889516601563
3.15681195259,-0.165327148438,0.979116210938
3.15890312195,-0.233686523438,0.992543945313
3.16098713875,-0.0132275390625,1.17857910156
3.1630589962,-0.0525341796875,1.12145019531
3.16513204575,0.0041064453125,0.781118164063
3.1672129631,-0.169965820313,0.722524414063
3.16929602623,-0.0305615234375,1.51891113281
3.1713719368,-0.0913525390625,0.465932617188
3.17346000671,-0.0823193359375,0.936147460938
3.17554306984,0.0163134765625,1.30943847656
3.17761707306,-0.246625976563,1.05602050781
3.17969202995,-0.147016601563,1.24547363281
3.18178105354,-0.0784130859375,0.812124023438
3.18385100365,-0.255170898438,0.816518554688
3.18592905998,-0.238813476563,1.17906738281
3.18800401688,-0.0579052734375,1.19591308594
3.19007301331,-0.0830517578125,1.02989746094
3.19215703011,-0.142866210938,0.640493164063
3.19423699379,-0.221967773438,1.02916503906
3.19631409645,-0.0991650390625,1.48448730469
3.19838404655,-0.286420898438,0.394399414063
3.20047712326,-0.0991650390625,1.04869628906
3.20254611969,0.111284179687,1.33385253906
3.20462203026,-0.200727539063,0.842885742188
3.20670104027,-0.132856445313,1.11095214844
3.20877814293,-0.0854931640625,0.864125976563
3.21085309982,-0.314252929688,0.733754882813
3.21293497086,-0.197065429688,1.28087402344
3.21501111984,0.0172900390625,1.02892089844
3.21708202362,-0.197797851563,0.910024414063
3.21916604042,-0.0732861328125,1.23155761719
3.22124004364,-0.135541992188,0.416127929688
3.223320961,-0.119916992188,1.53185058594
3.22540593147,-0.249311523438,0.248891601563
3.22748708725,-0.151411132813,1.34044433594
3.22956514359,-0.0383740234375,1.11876464844
3.23163890839,-0.0964794921875,0.836049804688
3.23371601105,-0.238325195313,1.02770019531
3.23579311371,-0.0354443359375,1.04332519531
3.23786306381,-0.299116210938,0.672963867188
3.23994207382,-0.235639648438,1.07042480469
3.2420270443,-0.0884228515625,1.21178222656
3.24416708946,-0.150922851563,0.740590820313
3.24625396729,-0.205610351563,1.31505371094
3.24832892418,-0.238569335938,0.270131835938
3.25045800209,-0.166059570313,1.53185058594
3.25255203247,-0.215375976563,1.31773925781
3.25463104248,-0.103071289063,0.706899414063
3.25670814514,-0.182416992188,1.15465332031
3.25878095627,-0.111616210938,0.996938476563
3.26086401939,-0.338666992188,0.875844726563
3.26294493675,-0.117719726563,1.22813964844
3.26502013206,-0.200483398438,0.557973632813
3.26710104942,-0.0684033203125,1.13170410156
3.26917910576,-0.108198242188,1.26476074219
3.27126002312,-0.232221679688,0.729604492188
3.27334094048,-0.158002929688,1.17882324219
3.27541899681,-0.309370117188,0.394399414063
3.27751493454,-0.256635742188,0.694692382813
3.27960014343,-0.254438476563,1.28819824219
3.28169202805,-0.0666943359375,0.988637695313
3.28376793861,-0.354291992188,0.774282226563
3.28585004807,-0.0583935546875,1.26134277344
3.28792595863,-0.455854492188,0.701040039063
3.29000401497,-0.252485351563,1.53160644531
3.29208707809,-0.131635742188,0.212514648438
3.29417014122,-0.379194335938,1.15978027344
3.29624605179,-0.156049804688,1.34825683594
3.29832291603,-0.0998974609375,0.759633789063
3.30044698715,3.47554199219,1.27745605469
3.30252504349,-0.380903320313,1.07677246094
3.30460309982,-0.230024414063,0.570668945313
3.30668401718,-0.446821289063,0.732778320313
3.30877304077,-0.274213867188,1.41832519531
3.31085205078,-0.105024414063,0.969106445313
3.31293296814,-0.120649414063,1.25353027344
3.31501102448,-0.389936523438,0.227407226563
3.31710100174,-0.322065429688,1.38194824219
3.31917905807,-0.0159130859375,0.598745117188
3.32125401497,0.310747070312,1.52696777344
3.32332897186,-0.131635742188,1.13023925781
3.32540392876,-0.0547314453125,0.536245117188
3.32747602463,-0.128461914063,0.624868164063
3.32955408096,0.155229492187,1.36803222656
3.33163094521,-0.220014648438,0.756459960938
3.33370900154,-0.109907226563,1.16979003906
3.33578491211,-0.117475585938,1.03673339844
3.3378610611,-0.237836914063,0.663198242188
3.33994293213,-0.200483398438,1.49034667969
3.34203004837,-0.235151367188,0.376271972656
3.34410691261,3.50605957031,1.05797363281
3.34619212151,-0.397504882813,0.879018554688
3.34827208519,-0.0115185546875,1.30406738281
3.35034203529,-0.387495117188,0.897817382813
3.35247802734,-0.344770507813,1.35729003906
3.35455513,-0.216108398438,0.246938476563
3.35663604736,-0.309614257813,1.28209472656
3.35872197151,-0.250288085938,1.11729980469
3.36080312729,-0.0310498046875,1.03136230469
3.36287498474,-0.284467773438,0.687124023438
3.36495399475,-0.298383789063,1.17687011719
3.36704707146,-0.165571289063,1.18272949219
3.3691239357,-0.277387695313,0.657521972656
3.37120294571,-0.213422851563,0.828237304688
3.37328505516,-0.317426757813,1.26598144531
3.3753631115,-0.125532226563,1.19786621094
3.37744307518,-0.406538085938,1.01598144531
3.37951803207,-0.0994091796875,0.973745117188
3.3816010952,-0.274946289063,0.450551757813
3.38368391991,3.46113769531,1.24889160156
3.3857550621,-0.187055664063,1.16637207031
3.38783192635,-0.157026367188,0.936147460938
3.38991904259,-0.354047851563,0.743520507813
3.39200592041,-0.208295898438,1.38145996094
3.39408898354,-0.199750976563,0.903676757813
3.39617204666,-0.245893554688,0.938771972656
3.39824414253,-0.117963867188,0.650502929688
3.40032291412,-0.121870117188,1.03868652344
3.40248513222,-0.263471679688,0.900014648438
3.40456795692,-0.332807617188,1.21397949219
3.40665507317,-0.102583007813,0.914907226563
3.40873408318,-0.397504882813,0.818227539063
3.41081595421,-0.141401367188,0.848500976563
3.41289710999,-0.281049804688,1.16246582031
3.4149711132,-0.123579101563,1.24229980469
3.41704702377,-0.388959960938,0.671254882813
3.41913414001,-0.161909179688,1.18663574219
3.42121601105,-0.216596679688,0.777944335938
3.42330002785,3.53608886719,1.13023925781
3.42537212372,-0.178999023438,1.09972167969
3.42744708061,-0.154340820313,1.22643066406
3.42952513695,-0.304243164063,0.628041992188
3.43162107468,-0.170454101563,1.23326660156
3.43370103836,-0.241010742188,0.886831054688
3.43578004837,-0.289594726563,1.19273925781
3.43793606758,-0.115522460938,0.578481445313
3.44002199173,-0.192670898438,1.02232910156
3.44210600853,-0.0869580078125,1.26622558594
3.44417595863,-0.364545898438,0.950551757813
3.44625592232,-0.116254882813,1.21983886719
3.44833397865,-0.313764648438,0.927114257813
3.45047402382,-0.170454101563,0.523305664063
3.45256400108,-0.297163085938,1.18175292969
3.45465397835,0.0116748046875,1.48326660156
3.45672392845,-0.376020507813,0.523305664063
3.4588060379,-0.143110351563,1.01378417969
3.46093606949,-0.332075195313,0.736440429688
3.46301794052,-0.304487304688,1.52208496094
3.46510410309,-0.135541992188,0.423696289063
3.46718597412,-0.0969677734375,1.04503417969
3.46925592422,-0.250532226563,0.543081054688
3.47136712074,-0.240034179688,1.03648925781
3.47344493866,-0.286909179688,1.04015136719
3.47552013397,-0.239790039063,1.28526855469
3.47759413719,-0.0798779296875,0.376577148438
3.47967410088,-0.133344726563,1.18517089844
3.48175406456,-0.0478955078125,1.21178222656
3.48382711411,-0.362836914063,0.917592773438
3.48590493202,-0.118940429688,0.931020507813
3.48798394203,3.50947753906,0.514028320313
3.49005913734,-0.324506835938,1.40709472656
3.49213504791,-0.182172851563,0.992788085938
3.49421596527,-0.0376416015625,1.41075683594
3.49628305435,-0.319624023438,0.683217773438
3.49836111069,-0.231245117188,0.828237304688
3.50052309036,-0.425581054688,0.746694335938
3.5026049614,-0.292036132813,1.53252197266
3.50467705727,-0.166547851563,0.528188476563
3.50675702095,-0.202924804688,1.06285644531
3.50883197784,-0.0408154296875,0.948110351563
3.51095414162,-0.420698242188,1.13268066406
3.51303195953,-0.0989208984375,0.979848632813
3.5151040554,-0.359663085938,0.612905273438
3.51718497276,-0.0444775390625,0.505239257813
3.5192630291,-0.104291992188,1.13072753906
3.52135014534,-0.124555664063,0.910268554688
3.52343201637,-0.321333007813,1.13902832031
3.52550601959,-0.122114257813,0.963002929688
3.5275990963,-0.410200195313,0.470327148438
3.52968096733,-0.249799804688,1.19835449219
3.53175902367,-0.423872070313,1.12706542969
3.53383898735,-0.0430126953125,1.18419433594
3.53591513634,-0.206342773438,0.439077148438
3.53799796104,-0.350141601563,1.17491699219
3.54007291794,-0.217817382813,1.22789550781
3.54215097427,-0.315229492188,1.53252197266
3.54422712326,-0.296186523438,0.774282226563
3.54630899429,-0.0022412109375,1.03648925781
3.54837799072,-0.283491210938,0.790151367188
3.55046200752,-0.277631835938,1.26134277344
3.55253911018,-0.170942382813,1.00328613281
3.55461597443,-0.288374023438,0.858266601563
3.55669808388,-0.0085888671875,0.777944335938
3.55877614021,-0.319135742188,1.07750488281
3.56085395813,0.0417041015625,1.32213378906
3.56292510033,-0.445600585938,0.714956054688
3.56501197815,-0.208051757813,0.985708007813
3.56709098816,-0.370405273438,0.663442382813
3.56916999817,-0.0198193359375,0.876333007813
3.5712480545,-0.369672851563,1.05821777344
3.57332491875,-0.0486279296875,1.47984863281
3.5753929615,-0.358686523438,0.495229492188
3.57747411728,-0.247602539063,1.00377441406
3.57955694199,-0.228315429688,0.851186523438
3.58164405823,-0.378706054688,1.46666503906
3.58371901512,0.0404833984375,0.511342773438
3.58579611778,-0.252241210938,0.971059570313
3.58787894249,0.100541992187,1.12462402344
3.58995604515,3.45454589844,1.09898925781
3.59203410149,-0.208051757813,0.945180664063
3.59412407875,-0.330366210938,1.35704589844
3.59620094299,-0.0212841796875,0.474233398438
3.59827613831,-0.188520507813,1.04942871094
3.60035204887,0.121049804687,1.26866699219
3.60248303413,3.35566894531,0.889516601563
3.60455799103,0.0861376953125,0.955190429688
3.60664010048,3.49897949219,0.491567382813
3.6087179184,-0.291059570313,1.36876464844
3.61079502106,-0.320600585938,1.04088378906
3.61286997795,-0.0105419921875,0.955434570313
3.61494898796,-0.323286132813,0.630971679688
3.61703109741,0.0055712890625,0.863881835938
3.61910796165,3.53633300781,0.761342773438
3.62119793892,-0.257856445313,1.48448730469
3.62327504158,-0.224165039063,0.637319335938
3.62535595894,-0.233198242188,1.05602050781
3.62743902206,-0.151655273438,0.881948242188
3.6295800209,3.51704589844,1.26183105469
3.63166093826,0.0644091796875,0.814809570313
3.63373804092,-0.427778320313,0.783559570313
3.63581800461,-0.0342236328125,0.831166992188
3.63789200783,-0.298627929688,1.22154785156
3.63996696472,-0.0188427734375,1.04869628906
3.64204192162,3.52681152344,1.12486816406
3.64411997795,0.0307177734375,0.834096679688
3.6461930275,-0.436079101563,0.677846679688
3.64827203751,-0.197553710938,1.06261230469
3.65035605431,-0.418989257813,1.11607910156
3.65249013901,0.0524462890625,1.11583496094
3.65461111069,3.51094238281,0.612172851563
3.65674901009,-0.210981445313,1.32848144531
3.65882706642,-0.173627929688,0.862905273438
3.66099596024,-0.247602539063,1.21153808594
3.66307497025,-0.346235351563,0.985463867188
3.66515612602,-0.0752392578125,1.18077636719
3.66722798347,-0.448041992188,0.522084960938
3.66930603981,-0.175336914063,1.49791503906
3.67143392563,-0.116987304688,0.830922851563
3.67351603508,-0.344038085938,1.00133300781
3.67558813095,0.155473632812,0.745961914063
3.67767095566,3.51606933594,1.05260253906
3.67974209785,0.222856445312,1.12511230469
3.6818189621,3.30024902344,0.821889648438
3.68389391899,0.0670947265625,0.961538085938
3.68597102165,-0.441206054688,0.949819335938
3.68805408478,0.0719775390625,0.643178710938
3.69013214111,-0.348188476563,1.10265136719
3.69221305847,0.0033740234375,1.38829589844
3.69428396225,3.45381347656,0.548452148438
3.69637012482,-0.0320263671875,1.09728027344
3.69843912125,-0.347211914063,0.841420898438
3.70052599907,-0.336713867188,1.37169433594
3.70260500908,-0.0774365234375,0.609975585938
3.70468091965,-0.267622070313,1.11437011719
3.70676493645,0.0065478515625,0.944204101563
3.70884394646,-0.0456982421875,1.26988769531
3.71097803116,-0.221723632813,0.753530273438
3.71306395531,3.49580566406,1.25792480469
3.71513605118,0.118608398437,0.758901367188
3.71721506119,-0.147993164063,0.983266601563
3.71929812431,-0.160200195313,0.841420898438
3.72143101692,-0.327436523438,1.38609863281
3.72350692749,-0.119672851563,0.701284179688
3.72559404373,-0.431196289063,0.617299804688
3.72767496109,-0.158491210938,1.35020996094
3.72974991798,-0.391401367188,1.02110839844
3.73182702065,-0.0591259765625,1.03307128906
3.73389601707,3.44600097656,0.998159179688
3.73597002029,0.0407275390625,0.933461914063
3.73805212975,3.52290527344,0.590200195313
3.74012494087,-0.274946289063,1.34752441406
3.74220299721,-0.262983398438,0.926381835938
3.74428105354,-0.128950195313,1.08653808594
3.7463619709,-0.293989257813,0.697377929688
3.74844193459,-0.290083007813,1.35948730469
3.75052213669,-0.0044384765625,0.911245117188
3.75261211395,-0.440473632813,1.00084472656
3.75468993187,0.105668945312,0.657338867188
3.75677204132,-0.216840820313,1.00401855469
3.75886702538,-0.0996533203125,0.708852539063
3.76099395752,-0.422163085938,1.49156738281
3.76307797432,0.0067919921875,0.775502929688
3.76515507698,-0.399458007813,0.772573242188
3.76724004745,-0.0483837890625,0.907094726563
3.76931500435,-0.279340820313,1.13683105469
3.77144193649,-0.0134716796875,1.16246582031
3.77351403236,3.47651855469,0.758413085938
3.77558898926,-0.0098095703125,1.12315917969
3.77766108513,-0.310346679688,0.739858398438
3.77974295616,-0.0850048828125,0.855336914063
3.7818210125,-0.276899414063,1.14391113281
3.78389596939,-0.126020507813,1.36046386719
3.78597211838,-0.312299804688,0.509877929688
3.78805804253,-0.218549804688,1.22691894531
3.79013609886,-0.225874023438,0.803090820313
3.79221892357,-0.321577148438,1.39000488281
3.79430294037,-0.0315380859375,0.422719726563
3.79638314247,-0.220991210938,1.11314941406
3.79845905304,0.130571289062,1.10875488281
3.80053901672,3.39521972656,0.957143554688
3.8026239872,0.0658740234375,1.04845214844
3.80470299721,-0.378706054688,1.30968261719
3.80678296089,0.0338916015625,0.417836914063
3.80885910988,-0.220014648438,1.14708496094
3.8109869957,0.106645507812,1.23961425781
3.81306409836,3.35542480469,0.743520507813
3.81515002251,0.0187548828125,1.01061035156
3.81722402573,-0.343061523438,0.625600585938
3.81930494308,-0.397504882813,1.27281738281
3.82156395912,-0.216108398438,0.929799804688
3.82366704941,-0.0442333984375,1.17345214844
3.82573699951,-0.395551757813,0.968129882813
3.82781791687,-0.0903759765625,0.713247070313
3.82989311218,-0.300581054688,0.815786132813
3.83203005791,-0.365034179688,1.42345214844
3.83411502838,-0.212202148438,0.741079101563
3.83619594574,0.0414599609375,1.17711425781
3.83826899529,-0.156538085938,0.616567382813
3.84035205841,-0.438276367188,1.32799316406
3.84249806404,-0.0776806640625,1.09288574219
3.84457111359,-0.394331054688,0.573354492188
3.84665513039,-0.0227490234375,0.722280273438
3.84873795509,-0.0933056640625,0.961538085938
3.85082292557,-0.0774365234375,0.772817382813
3.85290002823,-0.455610351563,1.45274902344
3.85497713089,-0.0247021484375,0.828237304688
3.85705709457,-0.380903320313,0.458120117188
3.85913610458,-0.148969726563,1.29649902344
3.86121106148,-0.414350585938,1.03746582031
3.8632850647,-0.0449658203125,1.22716308594
3.86535406113,-0.346479492188,0.622182617188
3.86743402481,-0.232221679688,1.10802246094
3.86950802803,-0.120161132813,1.01231933594
3.87158894539,-0.244184570313,1.32091308594
3.87366509438,-0.332075195313,1.03453613281
3.87575101852,-0.0542431640625,1.16417480469
3.87782812119,-0.318403320313,0.551137695313
3.87990903854,-0.275922851563,1.28185058594
3.8819899559,-0.126264648438,1.02574707031
3.88407492638,-0.369916992188,1.02818847656
3.88615608215,0.0304736328125,0.599233398438
3.88823008537,-0.200971679688,1.15855957031
3.89030814171,-0.106000976563,1.18419433594
3.89239001274,-0.457319335938,0.959340820313
3.89447593689,0.0023974609375,0.660024414063
3.8965549469,-0.390424804688,0.677114257813
3.89863610268,0.0463427734375,0.867055664063
3.90071201324,-0.406049804688,1.14439941406
3.90280604362,0.164018554687,1.13390136719
3.90488290787,3.30024902344,0.711538085938
3.90696406364,0.0522021484375,1.11852050781
3.90903806686,-0.296674804688,0.726430664063
3.9111199379,-0.398481445313,1.34679199219
3.91319894791,0.0014208984375,0.751333007813
3.91527414322,-0.219282226563,1.14342285156
3.91735100746,-0.0864697265625,0.719350585938
3.91943597794,-0.454145507813,1.20519042969
3.92151904106,-0.315961914063,0.802114257813
3.92359900475,-0.330854492188,1.41856933594
3.92567396164,0.0905322265625,0.699575195313
3.9277510643,-0.425825195313,0.838735351563
3.92983603477,0.123491210937,1.05260253906
3.93196392059,3.49238769531,1.31065917969
3.93403911591,-0.0754833984375,0.756948242188
3.9361140728,-0.291303710938,0.562612304688
3.93819499016,-0.192915039063,1.30260253906
3.94028091431,-0.324018554688,0.970083007813
3.94236898422,-0.116743164063,1.17394042969
3.94444704056,3.48384277344,0.961049804688
3.94652295113,0.0666064453125,0.973256835938
3.9486041069,3.52412597656,0.644887695313
3.95068597794,-0.248579101563,1.18395019531
3.95276403427,-0.292280273438,0.959829101563
3.95484614372,-0.0701123046875,1.29479003906
3.95691895485,-0.279584960938,0.401479492188
3.95900797844,-0.317915039063,1.38097167969
3.96108794212,-0.123334960938,1.12877441406
3.96316504478,-0.368208007813,0.798146972656
3.96523809433,-0.0376416015625,0.634877929688
3.9673230648,-0.201215820313,1.24742675781
3.96939992905,-0.0869580078125,0.793325195313
3.97148394585,-0.246625976563,1.34288574219
3.9735660553,-0.0334912109375,0.934926757813
3.97564792633,-0.413862304688,0.737905273438
3.97772812843,0.117631835937,0.917104492188
3.97981214523,-0.456831054688,1.03062988281
3.98189401627,0.0937060546875,1.35606933594
3.9839720726,3.44966308594,0.640004882813
3.98604893684,-0.0950146484375,1.05528808594
3.98811793327,-0.223188476563,0.762563476563
3.99019694328,-0.400678710938,1.45128417969
3.99227714539,0.0465869140625,0.621206054688
3.99435210228,-0.256879882813,1.29137207031
3.9964261055,-0.404340820313,0.682973632813
3.99850511551,-0.137006835938,1.01573730469
