0.000335931777954,-0.0008056640625,0.993388671875
0.00250697135925,-0.0025146484375,0.99998046875
0.00466179847717,-0.0061767578125,1.004375
0.00675797462463,0.0013916015625,0.99216796875
0.00883889198303,-0.0017822265625,1.0014453125
0.0109059810638,-0.0022705078125,1.00071289063
0.0129950046539,0.0013916015625,0.998515625
0.0151288509369,0.0023681640625,1.00706054688
0.017217874527,0.0011474609375,0.992900390625
0.0192868709564,0.0006591796875,0.99802734375
0.0213639736176,0.0040771484375,0.987529296875
0.0234379768372,0.0013916015625,0.993876953125
0.0255188941956,-0.0027587890625,0.99216796875
0.027596950531,0.0021240234375,0.986064453125
0.0296628475189,-0.0003173828125,0.988017578125
0.0317549705505,0.0004150390625,1.00168945313
0.0338928699493,-0.0025146484375,1.002421875
0.0360088348389,0.0035888671875,0.99509765625
0.0380969047546,0.0013916015625,0.997783203125
0.0401690006256,0.0035888671875,0.997783203125
0.0422439575195,0.0001708984375,0.996806640625
0.044322013855,0.0011474609375,0.997294921875
0.0463979244232,0.0013916015625,1.00071289063
0.0484797954559,-0.0012939453125,0.99314453125
0.0505478382111,-0.0025146484375,0.994853515625
0.0526177883148,-0.0047119140625,0.987041015625
0.0547058582306,0.0045654296875,1.01560546875
0.0567698478699,-0.0042236328125,0.99705078125
0.0588459968567,-0.0003173828125,0.998759765625
0.0609118938446,0.0028564453125,1.0092578125
0.0629940032959,0.0006591796875,0.99412109375
0.0651338100433,0.0040771484375,0.9994921875
0.0672450065613,0.0033447265625,1.01609375
0.0693209171295,-0.0037353515625,0.999248046875
0.0713908672333,0.0004150390625,0.9858203125
0.0734689235687,-7.32421875e-05,1.00046875
0.0755498409271,-0.0020263671875,0.9975390625
0.0776269435883,0.0013916015625,1.00120117188
0.0797238349915,0.0006591796875,0.9916796875
0.0817937850952,0.0050537109375,0.9955859375
0.0838677883148,-0.0025146484375,1.00852539063
0.085953950882,-0.0017822265625,1.0053515625
0.0880229473114,0.0009033203125,1.00657226563
0.0901038646698,0.0031005859375,0.995830078125
0.0921750068665,-0.0064208984375,1.01169921875
0.0942649841309,0.0045654296875,1.00168945313
0.0963499546051,0.0028564453125,1.004375
0.0984168052673,0.0006591796875,0.994365234375
0.10049200058,0.0006591796875,0.99119140625
0.102578878403,-0.0059326171875,0.986796875
0.104649782181,-0.0012939453125,0.997294921875
0.106725931168,0.0016357421875,0.996318359375
0.108790874481,-0.0010498046875,1.00071289063
0.11087179184,0.0035888671875,0.9936328125
0.112948894501,0.0055419921875,0.989482421875
0.115015983582,0.0006591796875,1.00413085938
0.117093801498,-0.0061767578125,1.006328125
0.119184017181,0.0026123046875,1.00193359375
0.121262788773,0.0023681640625,0.99412109375
0.123340845108,0.0001708984375,1.00168945313
0.125418901443,-0.0027587890625,0.997294921875
0.127494812012,0.0077392578125,1.00120117188
0.129576921463,-0.0047119140625,0.998271484375
0.131644964218,0.0004150390625,0.9936328125
0.133722782135,-0.0008056640625,0.99900390625
0.135797977448,-0.0008056640625,1.00217773438
0.13787484169,0.0026123046875,1.00291015625
0.139952898026,0.0013916015625,1.00388671875
0.142018795013,-0.0042236328125,1.01267578125
0.144155979156,0.0009033203125,1.01267578125
0.146233797073,-0.0022705078125,0.996318359375
0.148305892944,0.0031005859375,0.995830078125
0.150377988815,-0.0012939453125,1.00291015625
0.152453899384,0.0004150390625,1.01438476563
0.154531002045,-0.0020263671875,0.997783203125
0.156610012054,0.0011474609375,0.996318359375
0.158696889877,-0.0044677734375,1.00095703125
0.160764932632,-0.0032470703125,1.0033984375
0.162843942642,-0.0017822265625,1.00657226563
0.164917945862,-0.0025146484375,0.9965625
0.167017936707,-0.0012939453125,0.99802734375
0.169095993042,-0.0003173828125,1.00217773438
0.171164989471,0.0026123046875,1.01365234375
0.173236846924,0.0011474609375,0.988505859375
0.175308942795,-0.0034912109375,0.997294921875
0.177377939224,0.0026123046875,0.998515625
0.179453849792,-0.0010498046875,1.00095703125
0.181516885757,0.0045654296875,1.004375
0.183609008789,-0.0012939453125,0.9994921875
0.185681819916,-0.0015380859375,1.006328125
0.187889814377,0.0033447265625,0.99021484375
0.189972877502,-0.0044677734375,1.00217773438
0.192050933838,0.0045654296875,0.98826171875
0.19412779808,-0.0010498046875,0.9858203125
0.196204900742,0.0045654296875,0.9994921875
0.19827580452,0.0013916015625,0.994853515625
0.200356006622,0.0004150390625,1.00950195313
0.202432870865,-0.0027587890625,0.986796875
0.20450592041,0.0013916015625,0.998271484375
0.206594944,0.0006591796875,0.998759765625
0.208662986755,-0.0003173828125,0.997294921875
0.210737943649,0.0070068359375,1.00413085938
0.212811946869,0.0011474609375,0.9955859375
0.214888811111,0.0009033203125,1.00217773438
0.216975927353,0.0035888671875,0.998271484375
0.219047784805,-0.0025146484375,0.99705078125
0.221123933792,-0.0032470703125,0.99607421875
0.223213911057,-0.0020263671875,1.00046875
0.22528386116,-0.0025146484375,1.01609375
0.227360010147,-0.0003173828125,1.01072265625
0.229430913925,0.0060302734375,0.994365234375
0.231504917145,0.0052978515625,0.99705078125
0.233580827713,-0.0064208984375,1.004375
0.235658884048,-0.0032470703125,0.997783203125
0.23773598671,0.0016357421875,1.00168945313
0.239816904068,-0.0027587890625,1.00193359375
0.241887807846,0.0028564453125,0.994609375
0.243964910507,-0.0047119140625,0.9858203125
0.246028900146,-0.0012939453125,0.997294921875
0.248114824295,0.0038330078125,0.997783203125
0.250186920166,0.0013916015625,0.99607421875
0.252257823944,-0.0191162109375,0.993876953125
0.254338979721,0.0023681640625,1.00046875
0.256404876709,-0.0017822265625,1.00608398438
0.258484840393,-0.0027587890625,0.9955859375
0.26055598259,-0.0025146484375,1.010234375
0.262641906738,0.0031005859375,0.997294921875
0.264721870422,-0.0034912109375,1.004375
0.266786813736,-0.0012939453125,1.0014453125
0.268889904022,0.0052978515625,1.00583984375
0.270970821381,0.0006591796875,0.99314453125
0.273036003113,0.0023681640625,0.99900390625
0.27516078949,-0.0025146484375,0.989970703125
0.277236938477,0.0023681640625,0.997783203125
0.279309988022,0.0013916015625,0.993388671875
0.281379938126,0.0021240234375,0.998759765625
0.283458948135,-0.0042236328125,1.00364257813
0.285532951355,0.0006591796875,0.993876953125
0.287619829178,-0.0020263671875,1.00657226563
0.289703845978,-0.0052001953125,0.993388671875
0.291770935059,0.0016357421875,0.993876953125
0.293847799301,-0.0012939453125,1.002421875
0.295922994614,-0.0030029296875,0.988505859375
0.297996997833,-0.0008056640625,0.98875
0.300071954727,0.0009033203125,1.00486328125
0.30214381218,-0.0034912109375,0.98875
0.304236888885,0.0004150390625,0.9916796875
0.306304931641,0.0016357421875,1.00486328125
0.308375835419,-0.0015380859375,0.9916796875
0.310454845428,-0.0010498046875,0.998271484375
0.312521934509,0.0040771484375,0.9994921875
0.314644813538,-0.0003173828125,1.002421875
0.316723823547,0.0026123046875,1.00022460938
0.318801879883,0.0077392578125,1.01462890625
0.320874929428,0.0026123046875,0.99265625
0.322951793671,0.0074951171875,1.00071289063
0.325026988983,0.0031005859375,0.99412109375
0.327116966248,-7.32421875e-05,0.99265625
0.329200983047,0.0004150390625,1.00510742188
0.331271886826,0.0001708984375,0.9994921875
0.333347797394,-0.0005615234375,0.995830078125
0.335423946381,0.0074951171875,0.996318359375
0.3374979496,0.0052978515625,1.00413085938
0.339578866959,0.0001708984375,0.993388671875
0.341646909714,-0.0032470703125,1.0033984375
0.343736886978,-0.0015380859375,0.9965625
0.345807790756,-0.0012939453125,0.99607421875
0.347878932953,-0.0032470703125,0.991435546875
0.349955797195,-0.0015380859375,0.98630859375
0.352023839951,0.0072509765625,0.990458984375
0.354140996933,0.0001708984375,0.995830078125
0.356216907501,0.0004150390625,0.99412109375
0.358278989792,-0.0049560546875,1.00657226563
0.360356807709,0.0043212890625,1.00217773438
0.362432003021,0.0001708984375,0.992412109375
0.364504814148,0.0001708984375,1.00608398438
0.366598844528,0.0045654296875,0.99802734375
0.368698835373,-0.0049560546875,0.993388671875
0.370768785477,0.0023681640625,0.99412109375
0.372843980789,-0.0032470703125,0.998271484375
0.374917984009,0.0021240234375,0.991923828125
0.377093791962,-0.0003173828125,0.994609375
0.379173994064,-0.0049560546875,0.986064453125
0.381245851517,-0.0015380859375,1.00315429688
0.383332014084,-0.0017822265625,0.995830078125
0.385402917862,0.0026123046875,0.99314453125
0.387477874756,0.0004150390625,0.998271484375
0.38954782486,0.0011474609375,0.99265625
0.391637802124,-0.0042236328125,0.996318359375
0.393713951111,0.0004150390625,1.01340820313
0.395788908005,-0.0025146484375,1.00071289063
0.397867918015,-0.0025146484375,0.987529296875
0.399947881699,-0.0056884765625,1.01194335938
0.40201997757,-7.32421875e-05,0.99216796875
0.404152870178,-0.0025146484375,1.0092578125
0.40624499321,0.0026123046875,1.00559570313
0.408327817917,-0.0037353515625,1.00120117188
0.410399913788,-0.0020263671875,1.00608398438
0.412479877472,0.0006591796875,0.993876953125
0.414609909058,0.0028564453125,0.997294921875
0.416684865952,-0.0020263671875,1.00657226563
0.41876578331,-0.0017822265625,0.989970703125
0.420842885971,-0.0022705078125,1.006328125
0.422911882401,-0.0005615234375,0.99705078125
0.424986839294,0.0009033203125,1.01072265625
0.427056789398,0.0004150390625,0.99607421875
0.429124832153,0.0001708984375,0.999248046875
0.431213855743,0.0040771484375,0.9975390625
0.433278799057,0.0016357421875,0.999736328125
0.435355901718,0.0004150390625,1.00022460938
0.437427997589,-0.0012939453125,1.00120117188
0.439504861832,0.0031005859375,0.990458984375
0.441578865051,0.0018798828125,0.99705078125
0.443643808365,-0.0027587890625,0.99900390625
0.445722818375,-0.0054443359375,0.9975390625
0.447794914246,0.0016357421875,0.992900390625
0.44986987114,0.0013916015625,0.991435546875
0.451946973801,-0.0017822265625,0.99119140625
0.454011917114,-0.0017822265625,0.99021484375
0.456147909164,-7.32421875e-05,1.00120117188
0.458234786987,-0.0008056640625,0.995830078125
0.460305929184,-0.0105712890625,1.002421875
0.462379932404,-0.0025146484375,0.989482421875
0.464460849762,-0.0015380859375,0.99412109375
0.466532945633,-0.0032470703125,1.00168945313
0.468611955643,-0.0054443359375,0.99314453125
0.470730781555,0.0023681640625,1.00095703125
0.472801923752,0.0001708984375,0.9965625
0.474979877472,0.0028564453125,0.98923828125
0.477053880692,-0.0017822265625,0.9916796875
0.479140996933,-0.0012939453125,1.0033984375
0.48121881485,0.0021240234375,0.999736328125
0.483290910721,-0.0025146484375,1.00217773438
0.485374927521,0.0011474609375,0.991435546875
0.487454891205,-7.32421875e-05,0.99607421875
0.489524841309,0.0004150390625,0.988994140625
0.49160194397,-0.0003173828125,1.0073046875
0.493672847748,-0.0069091796875,0.989482421875
0.495762825012,-0.0005615234375,1.00388671875
0.497839927673,0.0001708984375,0.99998046875
0.499905824661,-0.0030029296875,0.998759765625
0.501980781555,-0.0054443359375,1.01682617188
0.504105806351,0.0065185546875,0.9994921875
0.506191968918,0.0026123046875,0.999248046875
0.508260011673,-0.0027587890625,0.990947265625
0.51033782959,-0.0064208984375,0.996318359375
0.512401819229,0.0001708984375,0.9994921875
0.51447892189,0.0009033203125,0.998515625
0.516551017761,0.0028564453125,1.01169921875
0.51863694191,-0.0012939453125,0.99998046875
0.52071595192,0.0026123046875,0.988994140625
0.522782802582,-0.0025146484375,1.0131640625
0.524860858917,-0.0039794921875,0.99216796875
0.526937007904,-0.0003173828125,0.9955859375
0.529008865356,-7.32421875e-05,1.00266601563
0.531096935272,-0.0071533203125,1.00461914063
0.533170938492,0.0001708984375,1.00095703125
0.535259962082,-0.0032470703125,0.998759765625
0.537336826324,-0.0034912109375,1.00120117188
0.539407014847,-0.0037353515625,0.991435546875
0.541482925415,-0.0030029296875,0.977275390625
0.543554782867,-0.0012939453125,0.998759765625
0.545678853989,0.0050537109375,1.004375
0.547749996185,0.0038330078125,1.01243164063
0.549830913544,-0.0015380859375,0.9955859375
0.551904916763,-0.0027587890625,0.990703125
0.553982973099,-0.0032470703125,0.999248046875
0.556059837341,-0.0017822265625,1.00291015625
0.558139801025,-0.0017822265625,0.99265625
0.560231924057,-0.0039794921875,0.99607421875
0.562299013138,-0.0071533203125,0.996806640625
0.564440965652,-0.0047119140625,1.00852539063
0.566519975662,0.0079833984375,0.9994921875
0.568598985672,0.0023681640625,1.00046875
0.570702791214,0.0031005859375,0.9975390625
0.57276892662,-0.0005615234375,1.00901367188
0.574856996536,-0.0020263671875,1.00315429688
0.576930999756,-0.0010498046875,0.9975390625
0.578997850418,0.0006591796875,0.998271484375
0.581071853638,-0.0020263671875,0.994609375
0.583148956299,0.0004150390625,1.010234375
0.585227012634,-0.0012939453125,1.00486328125
0.587296962738,-0.0047119140625,1.00095703125
0.58936882019,-0.0049560546875,1.006328125
0.591446876526,-0.0039794921875,0.999248046875
0.593513965607,0.0006591796875,0.9936328125
0.595644950867,-0.0064208984375,1.00266601563
0.597726821899,-7.32421875e-05,0.99998046875
0.599804878235,0.0013916015625,0.994365234375
0.601874828339,-0.0025146484375,1.0053515625
0.603949785233,0.0001708984375,1.00876953125
0.606018781662,-0.0061767578125,0.994365234375
0.608107805252,-0.0020263671875,0.9965625
0.610179901123,-0.0025146484375,0.995341796875
0.612249851227,-7.32421875e-05,1.00657226563
0.614337921143,-0.0037353515625,0.988994140625
0.616410017014,-0.0044677734375,1.01072265625
0.618484973907,-0.0161865234375,0.986796875
0.620555877686,0.0004150390625,0.998515625
0.622637987137,0.0023681640625,0.99705078125
0.62471985817,-7.32421875e-05,1.0131640625
0.626793861389,-0.0020263671875,1.00266601563
0.628871917725,-0.0017822265625,0.9994921875
0.630952835083,0.0004150390625,0.996806640625
0.63301897049,0.0011474609375,0.995341796875
0.63519692421,0.0006591796875,1.00095703125
0.63726401329,0.0048095703125,1.01560546875
0.639342784882,0.0057861328125,1.00413085938
0.641415834427,-0.0039794921875,1.01047851563
0.643491983414,-0.0010498046875,1.01096679688
0.645612955093,0.0013916015625,0.992900390625
0.647699832916,-0.0012939453125,0.999248046875
0.649761915207,-0.0047119140625,1.00486328125
0.651834964752,-0.0076416015625,0.99998046875
0.653898954391,-0.0064208984375,0.99802734375
0.655978918076,-0.0008056640625,1.00168945313
0.658051967621,-0.0039794921875,0.99412109375
0.66012597084,0.0033447265625,1.00315429688
0.662220001221,0.0026123046875,1.0033984375
0.66429400444,-0.0020263671875,1.00315429688
0.66637301445,-0.0186279296875,1.00974609375
0.668450832367,0.0079833984375,1.0053515625
0.670543909073,0.0077392578125,0.994365234375
0.672618865967,-0.0125244140625,1.00461914063
0.674703836441,-0.0095947265625,0.989970703125
0.676773786545,-0.0020263671875,0.99900390625
0.678850889206,-0.0025146484375,1.00413085938
0.680927991867,-0.0047119140625,0.994609375
0.683000802994,-0.0088623046875,0.98923828125
0.685126781464,-0.0093505859375,1.00217773438
0.68722486496,-0.0017822265625,0.9897265625
0.689296960831,-0.0174072265625,0.989970703125
0.691367864609,-0.0012939453125,0.98826171875
0.693444013596,-0.0012939453125,1.00315429688
0.695519924164,-0.0034912109375,1.01072265625
0.697595834732,-0.0120361328125,0.99607421875
0.699664831161,0.0013916015625,1.00681640625
0.701732873917,-0.0093505859375,1.01584960938
0.703814983368,0.0099365234375,0.986552734375
0.705883979797,-0.0120361328125,0.996318359375
0.707957983017,-0.0113037109375,1.00706054688
0.710022926331,0.0013916015625,1.01755859375
0.71210694313,0.0023681640625,0.978740234375
0.714183807373,-0.0054443359375,0.986552734375
0.716248989105,-0.0108154296875,1.03245117188
0.718334913254,-0.0071533203125,0.989482421875
0.720402002335,0.0016357421875,0.993388671875
0.722477912903,-0.0049560546875,0.993388671875
0.724598884583,0.0089599609375,0.988505859375
0.726687908173,-0.0200927734375,0.999736328125
0.728757858276,-0.0154541015625,1.00193359375
0.730834960938,-0.0034912109375,0.99705078125
0.732910871506,0.0284912109375,0.997294921875
0.73499083519,0.0082275390625,0.993876953125
0.737068891525,-0.0081298828125,0.9994921875
0.739133834839,-0.0030029296875,0.99119140625
0.741208791733,0.0038330078125,0.98923828125
0.74328994751,0.0138427734375,0.998271484375
0.745364904404,0.0074951171875,0.994609375
0.747442960739,0.0079833984375,1.01462890625
0.749506950378,0.0045654296875,0.991923828125
0.751594781876,0.0018798828125,1.00120117188
0.753731966019,0.0153076171875,0.99802734375
0.755816936493,0.0079833984375,1.00120117188
0.757886886597,0.0009033203125,0.990458984375
0.759965896606,0.0043212890625,1.0033984375
0.76203584671,0.0094482421875,1.0033984375
0.764155864716,0.0216552734375,1.00266601563
0.766248941422,0.0143310546875,0.98630859375
0.768326997757,0.0067626953125,1.00657226563
0.770393848419,0.0009033203125,0.998515625
0.772468805313,0.0055419921875,0.999248046875
0.77459692955,0.0304443359375,0.998515625
0.776668787003,0.0218994140625,1.002421875
0.778735876083,0.0038330078125,0.997294921875
0.780809879303,0.0135986328125,1.00266601563
0.782880783081,0.0262939453125,1.00266601563
0.784966945648,0.0311767578125,0.99119140625
0.787038803101,0.0275146484375,0.996318359375
0.78911280632,0.0192138671875,0.99314453125
0.791204929352,0.0294677734375,0.995341796875
0.793273925781,0.0255615234375,0.9936328125
0.795353889465,0.0294677734375,0.976787109375
0.797423839569,0.0243408203125,1.006328125
0.79949593544,0.0282470703125,0.99412109375
0.801573991776,0.0363037109375,1.00193359375
0.803638935089,0.0377685546875,0.994609375
0.805727958679,0.0375244140625,0.99900390625
0.807801961899,0.0265380859375,0.999248046875
0.809875011444,0.0331298828125,1.0033984375
0.811950922012,0.0399658203125,1.002421875
0.814018011093,0.0509521484375,0.995830078125
0.81614780426,0.0433837890625,1.01438476563
0.818228006363,0.0348388671875,1.00315429688
0.82030582428,0.0521728515625,1.01145507813
0.822385787964,0.0314208984375,0.990703125
0.824469804764,0.0446044921875,0.992900390625
0.826589822769,0.0472900390625,0.992900390625
0.828720808029,0.0551025390625,0.9955859375
0.830801963806,0.0414306640625,0.993876953125
0.832879781723,0.0585205078125,1.0033984375
0.8349609375,0.0450927734375,0.996318359375
0.837029933929,0.0797607421875,0.972880859375
0.839118003845,0.0426513671875,1.0151171875
0.841193914413,0.0626708984375,0.986064453125
0.843257904053,0.0463134765625,1.00120117188
0.845343828201,0.0756103515625,0.97556640625
0.847414970398,0.0704833984375,0.999248046875
0.849488973618,0.0677978515625,0.975810546875
0.851562976837,0.0558349609375,1.01072265625
0.853631973267,0.0736572265625,1.00510742188
0.85572886467,0.0773193359375,0.999736328125
0.85780787468,0.0416748046875,0.99216796875
0.859879970551,0.102954101563,0.988505859375
0.861961841583,0.0568115234375,1.01291992188
0.864041805267,0.0599853515625,1.01243164063
0.866207838058,0.0980712890625,0.9682421875
0.868273973465,0.0614501953125,1.004375
0.870352983475,0.0878173828125,1.00706054688
0.872476816177,0.0975830078125,1.01658203125
0.874595880508,0.0643798828125,1.006328125
0.876669883728,0.0963623046875,0.976787109375
0.878754854202,0.0824462890625,0.978251953125
0.880832910538,0.0807373046875,1.02146484375
0.882897853851,0.101245117188,1.01365234375
0.884980916977,0.0843994140625,0.976298828125
0.88707280159,0.116625976563,0.982646484375
0.88914680481,0.0780517578125,1.02073242188
0.891241788864,0.117358398438,1.01584960938
0.89332985878,0.100512695313,0.970439453125
0.895409822464,0.0988037109375,1.00120117188
0.897488832474,0.0909912109375,0.967509765625
0.899565935135,0.0968505859375,0.98875
0.901629924774,0.0975830078125,1.01658203125
0.903721809387,0.106372070313,0.997783203125
0.905803918839,0.0973388671875,0.971416015625
0.907871007919,0.108569335938,0.9897265625
0.909950971603,0.113940429688,1.00510742188
0.912036895752,0.120043945313,0.988017578125
0.914120912552,0.125415039063,0.9741015625
0.916203975677,0.126635742188,0.97458984375
0.918277978897,0.122241210938,1.0033984375
0.920357942581,0.111254882813,0.992900390625
0.922437906265,0.106372070313,1.01340820313
0.924516916275,0.119067382813,0.987529296875
0.926608800888,0.142504882813,0.96921875
0.928687810898,0.132495117188,0.988505859375
0.930758953094,0.138842773438,1.01340820313
0.932842969894,0.129809570313,0.98630859375
0.934919834137,0.147631835938,0.97654296875
0.936997890472,0.144702148438,0.98484375
0.939081907272,0.136157226563,0.99705078125
0.941154003143,0.140795898438,0.9760546875
0.943246841431,0.167163085938,0.966044921875
0.945468902588,0.151293945313,0.989482421875
0.947549819946,0.156176757813,0.98142578125
0.949620962143,0.155444335938,0.986064453125
0.951715946198,0.164721679688,0.996806640625
0.953788995743,0.134204101563,0.99900390625
0.955868005753,0.138354492188,0.970439453125
0.95795083046,0.162036132813,0.98533203125
0.960032939911,0.139331054688,0.97947265625
0.962111949921,0.158374023438,0.997294921875
0.964200973511,0.135180664063,0.977763671875
0.966283798218,0.151293945313,1.01633789063
0.968369007111,0.126391601563,1.21653320313
0.970458984375,0.778247070312,0.355205078125
0.972566843033,0.352709960938,0.43943359375
0.974648952484,-0.380200195312,1.53263427734
0.976727962494,1.43645019531,1.53263427734
0.978806018829,2.90422363281,2.6655078125
0.980870962143,-0.115063476562,1.5248828125
0.982955932617,0.605639648437,0.407634277344
0.985036849976,2.90275878906,1.16575195313
0.987118005753,0.973559570312,0.922099609375
0.989197015762,-0.115063476562,0.45017578125
0.991282939911,-0.144360351562,1.53263427734
0.993359804153,0.107104492188,0.69578125
0.995443820953,3.34367675781,1.21921875
0.99750995636,0.875415039062,0.62400390625
0.999601840973,0.126147460938,1.38962890625
1.00168681145,0.0912353515625,0.649638671875
1.00375294685,-0.221752929687,1.19138671875
1.00583791733,0.167895507813,1.033671875
1.0079138279,0.232836914063,0.92625
1.00998997688,0.306567382813,0.837626953125
1.01206994057,-0.155346679687,1.17380859375
1.01414680481,0.0709716796875,1.16184570313
1.01624083519,0.178393554688,0.987529296875
1.01832079887,0.215502929688,0.9721484375
1.0203897953,-0.0352294921875,0.941142578125
1.02246499062,0.131762695313,1.0561328125
1.02459383011,0.121997070313,1.0463671875
1.0266699791,0.121997070313,0.903056640625
1.02875089645,-0.0640380859375,0.964091796875
1.03082799911,1.05095214844,1.04783203125
1.0328938961,3.40422363281,1.04758789063
1.03497695923,0.380297851563,0.9037890625
1.03705978394,0.105883789063,0.9252734375
1.03914690018,0.731616210937,0.81736328125
1.04122591019,-0.0225341796875,1.21799804688
1.04330301285,-0.0564697265625,1.15452148438
1.04537796974,0.116137695313,0.754375
1.04746389389,0.127612304688,0.842998046875
1.04954195023,0.336352539063,1.27024414063
1.05162382126,-0.188305664062,1.05369140625
1.05370497704,0.140307617188,0.775859375
1.05578994751,0.186450195313,0.9809375
1.05786681175,0.376635742188,1.158671875
1.0599489212,0.0499755859375,0.941875
1.06201887131,0.103930664063,0.93064453125
1.0641579628,0.168383789063,1.01145507813
1.06624388695,0.300708007813,0.801005859375
1.06832695007,0.0912353515625,1.03708984375
1.07039284706,0.192797851563,1.12205078125
1.07247400284,-0.0366943359375,0.94578125
1.07462501526,0.188403320313,0.9028125
1.07671093941,0.127612304688,1.09055664063
1.07879281044,0.210864257813,1.03538085938
1.08087801933,0.111987304688,0.9389453125
1.08296179771,0.0592529296875,0.91453125
1.08503580093,0.122973632813,0.9809375
1.08712601662,0.191333007813,0.936015625
1.089209795,0.106860351563,1.061015625
1.09128785133,0.0619384765625,1.03342773438
1.09336495399,0.121997070313,0.920146484375
1.09545278549,0.180834960938,0.97654296875
1.0975279808,0.134692382813,1.00291015625
1.09960198402,0.148608398438,0.9916796875
1.10168099403,0.0892822265625,0.96970703125
1.10375881195,0.101489257813,0.987529296875
1.10584282875,0.0885498046875,1.06443359375
1.10791301727,0.175952148438,0.982158203125
1.10999083519,0.139331054688,1.02708007813
1.11209082603,0.112719726563,1.01365234375
1.11417579651,0.117114257813,0.948955078125
1.11624884605,0.138842773438,0.9838671875
1.11833381653,0.123461914063,1.02463867188
1.12041687965,0.133227539063,0.978251953125
1.12249994278,0.111499023438,0.97849609375
1.12463998795,0.132006835938,0.994853515625
1.126734972,0.124682617188,1.03049804688
1.12882685661,0.119799804688,0.984111328125
1.13090491295,0.128100585938,0.97654296875
1.13298296928,0.121264648438,0.987041015625
1.13512778282,0.131030273438,0.968974609375
1.13721299171,0.121997070313,0.998515625
1.13928985596,0.130786132813,1.01536132813
1.14137196541,0.124438476563,0.973125
1.14352178574,0.113940429688,0.993876953125
1.14567089081,0.125170898438,0.98728515625
1.14774894714,0.130053710938,0.993876953125
1.14983391762,0.119067382813,0.97556640625
1.1519138813,0.130297851563,0.975810546875
1.15399980545,0.143237304688,0.978251953125
1.15612483025,0.129565429688,0.996318359375
1.15822291374,0.115161132813,1.00291015625
1.16030883789,0.109301757813,1.00681640625
1.16238188744,0.124926757813,0.998271484375
1.16446781158,0.140307617188,0.987041015625
1.16656184196,0.147631835938,0.9965625
1.16863679886,0.125415039063,0.99509765625
1.17071795464,0.119799804688,0.97654296875
1.17279481888,0.131274414063,0.972392578125
1.1749060154,0.126147460938,0.989482421875
1.17698597908,0.119311523438,0.983134765625
1.17906999588,0.121752929688,0.99021484375
1.18114900589,0.130541992188,0.980205078125
1.18324899673,0.132250976563,0.988994140625
1.18532896042,0.126635742188,0.988994140625
1.18738293648,0.128100585938,0.9916796875
1.18944597244,0.128344726563,0.9955859375
1.19150090218,0.125170898438,1.00071289063
1.19357085228,0.132495117188,0.98923828125
1.19573998451,0.121020507813,0.9955859375
1.19782400131,0.121264648438,0.991435546875
1.19990301132,0.122485351563,0.989970703125
1.20198392868,0.131274414063,0.99119140625
1.20419478416,0.127612304688,0.977763671875
1.20627784729,0.133959960938,0.992412109375
1.2083568573,0.122729492188,1.00046875
1.21043896675,0.126879882813,1.00095703125
1.21250796318,0.120532226563,0.9994921875
1.21466588974,0.123461914063,0.9965625
1.2167468071,0.125903320313,1.00852539063
1.21883487701,0.128833007813,0.9858203125
1.22090888023,0.129077148438,0.994609375
1.22298693657,0.131762695313,0.993388671875
1.22511386871,0.129077148438,0.99216796875
1.2271938324,0.132983398438,0.993388671875
1.22926282883,0.124926757813,0.993876953125
1.23134493828,0.120532226563,1.00071289063
1.23342490196,0.125170898438,0.99998046875
1.23549580574,0.129809570313,0.98630859375
1.23757481575,0.120288085938,0.991923828125
1.23965501785,0.122241210938,0.990947265625
1.24172687531,0.119311523438,0.993388671875
1.24380278587,0.131762695313,0.988505859375
1.24587392807,0.127124023438,0.99607421875
1.24795198441,0.126635742188,0.994365234375
1.25001788139,0.119311523438,0.994609375
1.25209283829,0.122729492188,0.98826171875
1.25418782234,0.128833007813,0.988505859375
1.25625896454,0.131518554688,0.997294921875
1.2583398819,0.131762695313,0.9858203125
1.26041388512,0.135913085938,0.99314453125
1.26249098778,0.129321289063,0.981181640625
1.26462388039,0.145678710938,0.99705078125
1.26670479774,0.129077148438,0.989970703125
1.26877784729,0.122241210938,0.997783203125
1.27085781097,0.125170898438,0.993388671875
1.27293801308,0.121020507813,0.997294921875
1.27504086494,0.121752929688,0.9936328125
1.27711892128,0.127612304688,0.998515625
1.27921581268,0.129809570313,0.988994140625
1.2812898159,0.122241210938,0.997294921875
1.28336882591,0.124438476563,0.996806640625
1.28544998169,0.122973632813,0.9994921875
1.28751897812,0.121264648438,0.988994140625
1.28959679604,0.122729492188,0.971171875
1.29167199135,0.120776367188,0.98240234375
1.29374289513,0.116870117188,0.990703125
1.29583191872,0.138110351563,0.983623046875
1.29790496826,0.124682617188,0.975810546875
1.29998087883,0.124438476563,0.994609375
1.30207085609,0.123217773438,0.998271484375
1.30415201187,0.122973632813,0.99265625
1.30622982979,0.122973632813,0.973857421875
1.3083088398,0.119311523438,1.00022460938
1.31038284302,0.123461914063,1.00706054688
1.31246685982,0.125659179688,0.990703125
1.31459093094,0.128100585938,1.00046875
1.31666398048,0.126635742188,0.9955859375
1.31874799728,0.128344726563,0.98533203125
1.32082486153,0.128344726563,0.98923828125
1.32288980484,0.129565429688,1.00559570313
1.32497596741,0.125903320313,0.99509765625
1.32706785202,0.123461914063,0.9858203125
1.32914280891,0.123706054688,1.00071289063
1.33122587204,0.121508789063,1.00364257813
1.33330798149,0.124438476563,0.99998046875
1.33538293839,0.132495117188,0.980693359375
1.33746290207,0.148852539063,0.98875
1.33953499794,0.124194335938,0.986796875
1.34160995483,0.133227539063,0.9877734375
1.34378385544,0.121752929688,0.99314453125
1.34587001801,0.126391601563,0.99119140625
1.34795284271,0.119311523438,0.9819140625
1.35002493858,0.125170898438,0.986552734375
1.35211992264,0.126391601563,0.992900390625
1.35420799255,0.132983398438,0.99314453125
1.35628080368,0.125415039063,0.99802734375
1.35835599899,0.120532226563,0.988017578125
1.36043691635,0.120043945313,0.98630859375
1.36250591278,0.133471679688,0.999248046875
1.36463594437,0.117114257813,0.99412109375
1.36672997475,0.123706054688,0.99412109375
1.36881184578,0.122729492188,0.984111328125
1.37088179588,0.132006835938,0.9897265625
1.37296199799,0.132006835938,1.00168945313
1.37512898445,0.125415039063,0.995341796875
1.37720990181,0.127612304688,0.994609375
1.37928581238,0.128588867188,0.994853515625
1.38136100769,0.125415039063,0.991435546875
1.38344287872,0.119799804688,0.99412109375
1.38551998138,0.120776367188,0.98826171875
1.38759589195,0.133959960938,0.9858203125
1.38967394829,0.130297851563,0.99021484375
1.39175581932,0.129809570313,0.9858203125
1.39383387566,0.127612304688,0.990703125
1.39590883255,0.124926757813,0.98142578125
1.39797997475,0.133227539063,0.993876953125
1.40007090569,0.125415039063,0.997783203125
1.40216588974,0.125903320313,0.989970703125
1.40424394608,0.127368164063,0.99509765625
1.40632295609,0.125903320313,0.9916796875
1.40838885307,0.130541992188,0.993876953125
1.41046500206,0.126391601563,0.9955859375
1.41253495216,0.123217773438,0.992900390625
1.41462779045,0.127612304688,0.978984375
1.41670799255,0.124682617188,0.990947265625
1.41878199577,0.126879882813,0.99119140625
1.42085599899,0.128833007813,0.99607421875
1.42293787003,0.124926757813,0.991923828125
1.4250099659,0.127368164063,0.988505859375
1.42708897591,0.132006835938,0.9897265625
1.42916083336,0.125415039063,0.98728515625
1.4312479496,0.123950195313,0.99705078125
1.43332481384,0.127856445313,0.996806640625
1.43540382385,0.128588867188,0.999248046875
1.43747782707,0.129809570313,0.988017578125
1.43957185745,0.117846679688,0.986552734375
1.44163990021,0.126147460938,0.995341796875
1.44371700287,0.125903320313,0.990458984375
1.44579100609,0.139575195313,0.989970703125
1.44786596298,0.131518554688,0.9965625
1.44994592667,0.121020507813,0.9916796875
1.45201086998,0.124682617188,0.9897265625
1.45415592194,0.126147460938,0.99705078125
1.45624995232,0.128100585938,0.975078125
1.45832896233,0.125903320313,0.991923828125
1.46040081978,0.129321289063,0.988994140625
1.46247887611,0.125415039063,0.99216796875
1.46460700035,0.123461914063,0.98923828125
1.46668696404,0.122973632813,0.99265625
1.46875691414,0.123950195313,0.983134765625
1.47083592415,0.127124023438,1.00291015625
1.47290587425,0.122485351563,0.9965625
1.47498178482,0.122485351563,0.99509765625
1.47705793381,0.125415039063,0.996806640625
1.47913980484,0.126879882813,0.998515625
1.48121881485,0.123217773438,0.98923828125
1.48329901695,0.127856445313,0.987529296875
1.4853708744,0.128100585938,0.9965625
1.48745179176,0.126879882813,0.987529296875
1.48952388763,0.122485351563,0.99119140625
1.4916009903,0.120043945313,0.99509765625
1.49368095398,0.121752929688,0.992412109375
1.49577283859,0.126879882813,0.992412109375
1.49785280228,0.125659179688,0.9897265625
1.49993085861,0.121020507813,0.98728515625
1.50199890137,0.125415039063,0.99119140625
1.50413990021,0.130053710938,0.9897265625
1.50620889664,0.121508789063,0.988017578125
1.50826501846,0.122973632813,0.98728515625
1.51033997536,0.118090820313,0.99509765625
1.51240086555,0.119311523438,0.98533203125
1.51447081566,0.124926757813,0.99412109375
1.51655578613,0.128100585938,0.9955859375
1.51862597466,0.123461914063,0.994609375
1.52070379257,0.132739257813,0.986064453125
1.52277684212,0.124682617188,0.98923828125
1.52485394478,0.124682617188,0.9721484375
1.52693080902,0.126391601563,0.975810546875
1.52899599075,0.129077148438,1.00461914063
1.53107786179,0.143237304688,1.00095703125
1.53314590454,0.121752929688,0.991435546875
1.53523993492,0.127124023438,0.991923828125
1.53731679916,0.127124023438,0.98728515625
1.53938794136,0.126879882813,0.994365234375
1.54155278206,0.123461914063,0.99119140625
1.54363489151,0.119067382813,0.99412109375
1.54571700096,0.132250976563,0.992412109375
1.54778790474,0.123950195313,0.977763671875
1.54986691475,0.127856445313,0.989970703125
1.55195188522,0.124682617188,0.980693359375
1.55402493477,0.132006835938,0.990458984375
1.55615782738,0.128588867188,0.990703125
1.55824589729,0.126391601563,0.996318359375
1.56032681465,0.123950195313,1.002421875
1.5623998642,0.129565429688,0.9858203125
1.56447792053,0.129809570313,0.99412109375
1.56656980515,0.125415039063,0.98728515625
1.56864380836,0.129077148438,0.98630859375
1.57072091103,0.123950195313,0.987529296875
1.57280278206,0.128588867188,0.990703125
1.57487487793,0.129321289063,0.99216796875
1.57698082924,0.128833007813,0.999248046875
1.57906293869,0.136889648438,0.991923828125
1.58113694191,0.148852539063,0.988505859375
1.58322691917,0.123217773438,0.996318359375
1.58530879021,0.128344726563,0.992412109375
1.5873799324,0.122241210938,0.98630859375
1.58945894241,0.126391601563,0.999736328125
1.59153389931,0.126879882813,0.983134765625
1.59360790253,0.126879882813,0.997783203125
1.59569883347,0.132495117188,0.98484375
1.59776997566,0.134692382813,0.990458984375
1.59984898567,0.128100585938,0.994853515625
1.60192990303,0.129321289063,0.997294921875
1.60400080681,0.127856445313,0.99607421875
1.60619783401,0.123950195313,0.9994921875
1.60827088356,0.126879882813,0.98337890625
1.61034488678,0.129809570313,0.998515625
1.61242485046,0.121997070313,0.991923828125
1.61449694633,0.131518554688,0.99265625
1.61657786369,0.128100585938,0.98923828125
1.61865186691,0.127368164063,0.990458984375
1.62072396278,0.132006835938,1.01438476563
1.62280678749,0.127368164063,0.990703125
1.62487697601,0.128344726563,0.9721484375
1.6269569397,0.125903320313,0.98875
1.62903094292,0.129809570313,0.990458984375
1.63112092018,0.127368164063,1.01194335938
1.63320398331,0.125659179688,0.993388671875
1.63528585434,0.130297851563,0.988994140625
1.63735985756,0.130053710938,0.980693359375
1.63944292068,0.130297851563,0.999736328125
1.64151597023,0.124438476563,0.9819140625
1.64358997345,0.124438476563,0.988994140625
1.6456758976,0.125903320313,0.994365234375
1.64775681496,0.123461914063,0.99216796875
1.64983797073,0.122241210938,0.9994921875
1.65191292763,0.126879882813,0.999736328125
1.6539888382,0.125170898438,0.986552734375
1.6561319828,0.128833007813,0.996806640625
1.65822482109,0.123950195313,0.986064453125
1.66030597687,0.126635742188,0.9897265625
1.66237688065,0.125903320313,0.98240234375
1.66446280479,0.128833007813,0.99607421875
1.66653585434,0.130541992188,0.9858203125
1.66860795021,0.128588867188,0.972392578125
1.67070198059,0.126147460938,0.988505859375
1.67277598381,0.125415039063,1.00022460938
1.67485690117,0.126391601563,0.99021484375
1.6769618988,0.123950195313,0.9936328125
1.67905497551,0.123461914063,0.98630859375
1.68112683296,0.122729492188,0.9965625
1.68320584297,0.121264648438,0.99314453125
1.68527984619,0.125903320313,0.9916796875
1.68735289574,0.132006835938,0.986552734375
1.6894299984,0.131762695313,0.988505859375
1.69149589539,0.122973632813,0.9916796875
1.69357180595,0.120288085938,0.990703125
1.6956589222,0.127368164063,0.988017578125
1.69773101807,0.121997070313,0.997294921875
1.69981193542,0.127368164063,0.995341796875
1.70188999176,0.131518554688,0.996806640625
1.70397281647,0.130053710938,0.983134765625
1.70605897903,0.124194335938,0.989482421875
1.70812678337,0.124926757813,0.996318359375
1.7102189064,0.125415039063,0.986796875
1.71230387688,0.123706054688,0.985087890625
1.71437501907,0.129077148438,0.9897265625
1.71645498276,0.128588867188,0.986796875
1.71854090691,0.125659179688,0.9760546875
1.72061300278,0.130541992188,1.00364257813
1.72269582748,0.124194335938,0.9936328125
1.72477293015,0.124438476563,0.9701953125
1.72685194016,0.124438476563,0.99119140625
1.72893190384,0.123706054688,0.99314453125
1.73100185394,0.127856445313,0.995341796875
1.73308181763,0.126879882813,0.994853515625
1.73517990112,0.118334960938,0.998515625
1.73724579811,0.124682617188,0.994609375
1.73940396309,0.127612304688,0.9897265625
1.74155282974,0.123706054688,0.986796875
1.74365186691,0.128588867188,0.976787109375
1.74573588371,0.137133789063,0.994853515625
1.74781799316,0.129809570313,0.99314453125
1.74989080429,0.125903320313,0.9955859375
1.75196790695,0.127612304688,0.99412109375
1.75404882431,0.127368164063,0.985576171875
1.75618886948,0.128833007813,0.99509765625
1.7582628727,0.130053710938,0.988017578125
1.76034498215,0.129077148438,0.98875
1.76242494583,0.127612304688,0.98875
1.76449489594,0.123950195313,0.9701953125
1.76658701897,0.124926757813,1.00046875
1.76866388321,0.127124023438,0.986064453125
1.77073597908,0.127368164063,0.99021484375
1.77281594276,0.125659179688,0.989970703125
1.77488780022,0.119067382813,0.992412109375
1.77696299553,0.132739257813,0.988505859375
1.77903795242,0.130297851563,0.99900390625
1.78111195564,0.123461914063,0.997783203125
1.78320884705,0.130541992188,0.999248046875
1.78528881073,0.126879882813,0.983134765625
1.78736186028,0.128833007813,0.990703125
1.78944301605,0.126391601563,0.997783203125
1.79155683517,0.124926757813,0.9897265625
1.79366493225,0.132739257813,0.974345703125
1.79576587677,0.126391601563,0.999248046875
1.7978849411,0.130297851563,0.994365234375
1.79999279976,0.128100585938,0.994853515625
1.80211091042,0.125659179688,0.98630859375
1.80438685417,0.130786132813,0.9936328125
1.80661392212,0.126635742188,0.99509765625
1.80877184868,0.129077148438,0.97166015625
1.81089687347,0.127856445313,0.989482421875
1.81306099892,0.129809570313,0.99509765625
1.81519699097,0.127368164063,0.996806640625
1.81726884842,0.124926757813,0.988017578125
1.81934690475,0.124926757813,1.010234375
1.82142686844,0.126635742188,0.99216796875
1.82351589203,0.132983398438,0.99607421875
1.82567501068,0.121020507813,0.998271484375
1.82774496078,0.124438476563,0.99216796875
1.82982492447,0.132983398438,0.988017578125
1.83190083504,0.122241210938,0.98728515625
1.83397698402,0.124194335938,0.984599609375
1.83606386185,0.130297851563,0.989482421875
1.83814382553,0.128100585938,0.998271484375
1.84023499489,0.122729492188,0.994609375
1.84231901169,0.123706054688,0.9858203125
1.84439301491,0.124194335938,0.98044921875
1.84646987915,0.132006835938,0.976787109375
1.84855294228,0.122973632813,0.995830078125
1.85062289238,0.123217773438,0.99705078125
1.85270190239,0.127124023438,0.975810546875
1.85478186607,0.126147460938,0.990703125
1.85685896873,0.128100585938,0.988994140625
1.85893988609,0.122973632813,0.995341796875
1.86101579666,0.127368164063,0.994365234375
1.86310482025,0.126879882813,0.982158203125
1.86519289017,0.118823242188,0.988505859375
1.86726784706,0.125659179688,0.996318359375
1.86934685707,0.125903320313,0.99998046875
1.87142801285,0.130297851563,0.99265625
1.87349796295,0.122485351563,0.99802734375
1.87562394142,0.126879882813,0.988505859375
1.87770199776,0.126147460938,0.991923828125
1.87982797623,0.125659179688,0.98826171875
1.88190293312,0.123706054688,0.990458984375
1.88397693634,0.122973632813,0.9897265625
1.88607478142,0.124926757813,0.992412109375
1.88814997673,0.130053710938,0.99265625
1.89022493362,0.131274414063,0.992900390625
1.89230394363,0.125415039063,0.99607421875
1.89437389374,0.125903320313,0.9936328125
1.89645385742,0.131762695313,0.992900390625
1.89852786064,0.124926757813,0.989482421875
1.90061187744,0.127856445313,0.994853515625
1.90270495415,0.126147460938,0.993876953125
1.90478181839,0.130053710938,0.98923828125
1.90685391426,0.126147460938,0.993388671875
1.90893483162,0.126391601563,0.99607421875
1.91102695465,0.126879882813,0.99314453125
1.91311383247,0.127856445313,0.993876953125
1.91521787643,0.125415039063,0.990703125
1.91729784012,0.132250976563,0.973369140625
1.91937088966,0.132006835938,0.986796875
1.921448946,0.147631835938,0.99607421875
1.92352485657,0.126879882813,1.00095703125
1.92565488815,0.127856445313,0.99265625
1.92774295807,0.126879882813,0.990947265625
1.92982292175,0.126147460938,0.9955859375
1.931899786,0.127856445313,0.986064453125
1.93397498131,0.129809570313,0.98435546875
1.93610787392,0.131274414063,0.998759765625
1.93818998337,0.126391601563,0.9858203125
1.94039201736,0.122729492188,0.9877734375
1.94247484207,0.122241210938,0.995830078125
1.94460487366,0.124438476563,0.990947265625
1.94668793678,0.124682617188,0.990947265625
1.94875478745,0.124926757813,0.992900390625
1.95083594322,0.130297851563,0.9897265625
1.95291590691,0.130053710938,0.996318359375
1.95498895645,0.128588867188,0.983134765625
1.95706892014,0.130541992188,0.9916796875
1.95916390419,0.128833007813,0.99509765625
1.96123600006,0.128833007813,1.00095703125
1.96331882477,0.131762695313,0.987529296875
1.96539497375,0.126879882813,0.971416015625
1.96747279167,0.125659179688,0.99802734375
1.96955299377,0.126147460938,0.993388671875
1.97162294388,0.126147460938,0.989482421875
1.97370195389,0.132983398438,0.983134765625
1.97577881813,0.124438476563,0.9897265625
1.97786092758,0.127124023438,0.995341796875
1.97996783257,0.127612304688,0.983623046875
1.98205900192,0.126879882813,0.998515625
1.98413681984,0.121997070313,0.996806640625
1.98621487617,0.126879882813,0.995341796875
1.98829197884,0.132495117188,0.973369140625
1.99036288261,0.127368164063,0.9897265625
1.9924428463,0.127368164063,0.99314453125
1.99451994896,0.126147460938,0.99119140625
1.9965929985,0.132250976563,0.994853515625
1.99868392944,0.129809570313,0.99412109375
2.0007557869,0.124438476563,0.99509765625
2.00307178497,0.124194335938,0.99314453125
2.00517487526,0.105395507813,1.02708007813
2.00726389885,0.163989257813,0.995830078125
2.0093460083,0.0941650390625,0.82126953125
2.01142191887,0.164965820313,1.13987304688
2.01349782944,0.0309326171875,1.09934570313
2.01564788818,0.121508789063,1.103984375
2.01772499084,0.140795898438,0.895244140625
2.01980686188,0.0968505859375,0.9330859375
2.02187180519,0.136889648438,1.09104492188
2.02395701408,0.129809570313,0.97703125
2.02603983879,0.128100585938,1.00706054688
2.02811479568,0.131274414063,0.921123046875
2.03020882607,0.115405273438,1.04612304688
2.03229379654,0.149096679688,1.02952148438
2.03437280655,0.124682617188,0.98142578125
2.03645181656,0.151538085938,0.91794921875
2.03854179382,0.103442382813,0.930888671875
2.04061484337,0.154956054688,0.955546875
2.04269480705,0.113940429688,1.07541992188
2.0447769165,0.162524414063,0.9701953125
2.04685688019,0.0975830078125,0.969462890625
2.04893183708,0.126147460938,0.92625
2.05101084709,0.129077148438,1.10520507813
2.05309581757,0.102465820313,0.973369140625
2.0552008152,0.180590820313,0.927958984375
2.057284832,0.0609619140625,0.97654296875
2.05935692787,0.170336914063,1.06638671875
2.06144285202,0.0560791015625,1.00193359375
2.06351590157,0.207202148438,1.01340820313
2.06566095352,0.0558349609375,1.00022460938
2.06773781776,0.184741210938,0.96384765625
2.06981992722,0.0582763671875,0.99119140625
2.07189488411,0.192553710938,1.014140625
2.07397198677,0.0963623046875,0.968486328125
2.0760538578,0.154467773438,1.05979492188
2.07814288139,0.0568115234375,0.926982421875
2.08022594452,0.164721679688,0.97068359375
2.08231091499,0.121508789063,1.01291992188
2.08439397812,0.106860351563,1.09934570313
2.0870218277,0.149096679688,1.13254882813
2.08920693398,0.0985595703125,0.84958984375
2.09129285812,0.155932617188,0.917705078125
2.09355688095,0.136157226563,0.98240234375
2.09574389458,0.0868408203125,0.927470703125
2.09786891937,0.167163085938,1.0815234375
2.1000688076,0.141040039063,1.05735351563
2.10230779648,0.116137695313,0.8061328125
2.10447692871,0.0927001953125,0.896708984375
2.10672783852,0.147143554688,1.02463867188
2.10889196396,0.139331054688,0.987041015625
2.11102199554,0.134936523438,0.8666796875
2.11317491531,0.109301757813,1.18137695313
2.11540293694,0.156665039063,0.984599609375
2.11758995056,0.194018554688,1.15427734375
2.11974191666,0.0238525390625,0.817119140625
2.12202095985,0.254565429688,1.02854492188
2.1242878437,-0.131420898437,1.10666992188
2.12654995918,0.245288085938,0.936748046875
2.12887692451,0.0497314453125,0.884013671875
2.13096094131,0.242358398438,1.32908203125
2.1337018013,0.133715820313,0.97703125
2.13938879967,0.0992919921875,0.791240234375
2.14160180092,0.0477783203125,1.30076171875
2.14440798759,0.193774414063,1.16624023438
2.14671897888,0.166430664063,1.02659179688
2.14929199219,0.0651123046875,1.08591796875
2.15150880814,0.131274414063,0.953349609375
2.15374588966,0.180834960938,0.83005859375
2.15615081787,0.112475585938,1.04319335938
2.15834283829,0.127612304688,0.9135546875
2.16050696373,0.170825195313,1.14939453125
2.16277480125,0.215502929688,1.11375
2.16490197182,0.0402099609375,0.703837890625
2.16706180573,0.0040771484375,1.04416992188
2.16921281815,0.310473632813,1.33079101563
2.17134380341,0.130541992188,1.33518554688
2.17369580269,0.173754882813,0.8715625
2.17577791214,-0.120922851562,0.766826171875
2.17784190178,0.362231445313,1.11399414063
2.179915905,0.0626708984375,1.28220703125
2.18197178841,0.200610351563,0.77830078125
2.18411493301,0.0680419921875,0.81638671875
2.18618297577,0.0760986328125,1.09934570313
2.18823885918,0.271899414063,0.971171875
2.19030785561,0.127368164063,1.30100585938
2.19236898422,0.133959960938,0.965556640625
2.19443893433,0.141772460938,0.771708984375
2.19649887085,0.250415039063,0.968974609375
2.19857978821,-0.0403564453125,1.23850585938
2.20064091682,0.209643554688,0.863017578125
2.20270395279,0.0328857421875,1.00071289063
2.20476484299,0.307543945313,0.964580078125
2.2068297863,0.0626708984375,1.0893359375
2.20888590813,0.0302001953125,0.884013671875
2.21094584465,0.189379882813,0.979228515625
2.21300601959,0.152758789063,1.014140625
2.21518588066,0.218188476563,1.04587890625
2.2172498703,-0.0852783203125,1.19944335938
2.21931695938,0.0199462890625,0.878642578125
2.221367836,0.325854492188,0.974345703125
2.2234389782,0.0709716796875,1.02463867188
2.22549891472,0.258959960938,0.9526171875
2.22756695747,-0.0823486328125,1.04221679688
2.22962284088,0.118334960938,1.06736328125
2.23170280457,0.152758789063,0.876689453125
2.23376488686,0.285571289063,0.956279296875
2.23583698273,0.0709716796875,1.05466796875
2.23789596558,0.114184570313,1.27561523438
2.23996686935,0.0040771484375,0.49607421875
2.2420258522,0.263842773438,1.17185546875
2.24413299561,0.190112304688,1.35203125
2.24621200562,0.302661132813,1.42185546875
2.24830889702,-0.208569335937,0.442607421875
2.25036692619,0.328540039063,1.170390625
2.25243091583,0.238940429688,1.150859375
2.25449490547,-0.0708740234375,0.919169921875
2.25657486916,0.371508789063,1.02610351563
2.2586619854,-0.144848632812,0.713115234375
2.26073694229,0.341479492188,1.2309375
2.26282000542,-0.0174072265625,1.35374023438
2.26489782333,0.192553710938,0.230205078125
2.26697397232,0.0414306640625,1.16794921875
2.26905179024,0.284838867188,1.52927734375
2.27115488052,0.245776367188,1.34641601563
2.27323389053,-0.100903320312,0.782939453125
2.27531695366,0.267260742188,0.688701171875
2.27739191055,0.168383789063,1.53263427734
2.27947092056,0.114672851563,0.60447265625
2.2815527916,0.0619384765625,0.865703125
2.28362298012,0.125659179688,1.28708984375
2.28570580482,0.215258789063,1.11155273438
2.28779292107,0.0421630859375,0.6283984375
2.28986001015,0.142504882813,0.8871875
2.29194092751,0.0809814453125,1.44919921875
2.29401183128,0.220385742188,1.01096679688
2.29618382454,-0.0379150390625,1.09543945313
2.29825496674,0.299731445313,0.806376953125
2.30033898354,-0.0147216796875,1.02463867188
2.30242490768,0.378833007813,1.37717773438
2.30451393127,-0.122631835937,0.449443359375
2.30659079552,0.266528320313,1.287578125
2.30867099762,0.0809814453125,0.8647265625
2.31073784828,0.0939208984375,1.09421875
2.31281280518,0.122485351563,1.00138427734
2.31489086151,0.169116210938,0.810771484375
2.31696295738,0.0797607421875,1.18455078125
2.3190639019,0.308032226563,1.16086914063
2.32114696503,0.0392333984375,1.240703125
2.3232178688,0.164477539063,0.93015625
2.32530379295,0.0497314453125,0.500712890625
2.32740592957,0.248950195313,1.53263427734
2.32955384254,0.0870849609375,0.879130859375
2.33163499832,0.0104248046875,0.57517578125
2.33370780945,0.125903320313,1.52122070313
2.33580589294,0.165942382813,0.81052734375
2.33788180351,0.186206054688,0.69822265625
2.33996295929,0.0387451171875,1.15305664063
2.34205579758,-0.0039794921875,0.79099609375
2.34413385391,0.148120117188,0.967998046875
2.34634590149,0.191821289063,1.45041992188
2.34847283363,0.0499755859375,0.478984375
2.35057282448,0.0782958984375,1.0209765625
2.35264396667,0.0941650390625,1.33274414063
2.35472178459,0.226489257813,0.58640625
2.35680389404,0.153735351563,1.19260742188
2.3588809967,0.0516845703125,0.87546875
2.36095380783,0.210620117188,0.659404296875
2.36303901672,-0.0218017578125,1.029765625
2.36518597603,0.233569335938,1.22385742188
2.36726689339,0.0231201171875,0.494853515625
2.36934089661,0.131274414063,1.30076171875
2.37142395973,0.120288085938,1.17356445313
2.37350797653,0.158374023438,0.372783203125
2.37564897537,0.161059570313,1.42454101563
2.37773394585,0.0883056640625,1.04825927734
2.3798148632,0.271899414063,0.5698046875
2.38189291954,-0.0198486328125,1.29880859375
2.38396692276,0.237963867188,1.52122070313
2.38606095314,0.0641357421875,0.668193359375
2.3881289959,0.149829101563,0.77
2.39022278786,0.0040771484375,1.53263427734
2.39230298996,0.235034179688,0.307841796875
2.39438390732,0.0111572265625,0.7494921875
2.39646100998,0.242114257813,1.52610351563
2.39856100082,0.206713867188,0.345134277344
2.40063881874,-0.0349853515625,0.852763671875
2.40271186829,0.188403320313,1.51755859375
2.40479588509,0.0409423828125,0.548259277344
2.40686488152,0.0685302734375,0.6381640625
2.40894293785,0.105395507813,0.70603515625
2.41102099419,0.185473632813,1.53263427734
2.41309690475,0.108325195313,0.33640625
2.41520285606,0.167651367188,0.776103515625
2.41728591919,0.108569335938,1.53263427734
2.41935992241,0.127856445313,0.767009277344
2.42144298553,0.115161132813,0.53416015625
2.42352199554,-0.0423095703125,1.5287890625
2.42566990852,0.195971679688,1.11075927734
2.4277408123,0.150073242188,0.07859375
2.42982387543,0.107104492188,1.52170898438
2.4319088459,0.0172607421875,1.53263427734
2.4339799881,0.243579101563,1.1889453125
2.43606591225,0.0597412109375,0.289287109375
2.43813586235,0.210131835938,1.03586914063
2.44022989273,-0.0716064453125,1.53263427734
2.44230294228,0.103930664063,0.451396484375
2.44437384605,0.235766601563,0.481669921875
2.44645190239,0.176440429688,1.52317382813
2.44853687286,0.0763427734375,0.829509277344
2.45059895515,0.108813476563,0.391826171875
2.45268082619,0.0106689453125,1.37620117188
2.45475578308,0.209887695313,1.52244140625
2.45683479309,-0.0664794921875,1.53263427734
2.45891094208,0.0868408203125,0.4623828125
2.46097898483,0.139086914063,0.4369921875
2.46307492256,0.191088867188,1.53263427734
2.46515989304,0.222094726563,1.014140625
2.46723079681,0.106372070313,0.4135546875
2.46931099892,0.130297851563,1.303203125
2.47138690948,0.109545898438,1.33958007813
2.47347378731,0.275073242188,0.886455078125
2.47556591034,-0.0811279296875,0.498271484375
2.47763800621,0.164721679688,1.20090820313
2.47973489761,0.0082275390625,1.334453125
2.48181390762,0.240161132813,1.521953125
2.48389101028,0.141528320313,0.736796875
2.48597598076,0.0233642578125,0.77537109375
2.48807382584,0.161791992188,0.873759765625
2.49015593529,0.0162841796875,1.35764648438
2.49223279953,0.113940429688,1.16453125
2.49432182312,0.0944091796875,0.294169921875
2.49640083313,0.104418945313,1.18821289063
2.49848079681,0.393969726563,1.52952148438
2.50056886673,0.0233642578125,0.584208984375
2.50265979767,0.171313476563,0.75876953125
2.50473594666,0.0951416015625,0.654521484375
2.50681495667,0.0094482421875,0.569560546875
2.50888180733,0.173022460938,1.53263427734
2.51096200943,-0.0332763671875,0.9897265625
2.51303982735,0.374926757813,0.494365234375
2.51517295837,0.345629882813,1.12424804688
2.51725292206,-0.133129882812,0.97556640625
2.51933479309,0.160327148438,1.47483398438
2.52142286301,0.0914794921875,0.68015625
2.52349495888,-0.0254638671875,0.496806640625
2.52562189102,0.336840820313,1.52
2.52771401405,0.0355712890625,1.1381640625
2.52978992462,0.368090820313,1.36741210938
2.53186893463,0.0470458984375,0.7162890625
2.53394889832,0.209643554688,1.00828125
2.53603100777,0.0934326171875,0.653544921875
2.5381000042,-0.149975585937,1.27561523438
2.54018878937,0.285083007813,1.50217773438
2.54227685928,0.182299804688,0.311748046875
2.54435801506,0.112963867188,0.934306640625
2.54654979706,0.290942382813,1.34958984375
2.54863381386,-0.0266845703125,0.795634765625
2.55072593689,0.118823242188,1.04465820313
2.55281686783,-0.0337646484375,1.36057617188
2.55499196053,0.0751220703125,1.05637695313
2.55707597733,0.247973632813,0.47703125
2.55917596817,0.143481445313,1.0873828125
2.56124591827,0.328540039063,1.36301757813
2.56333088875,-0.0374267578125,0.727763671875
2.56541180611,0.172534179688,1.10227539063
2.56749391556,0.170581054688,0.48337890625
2.56957888603,-0.128979492187,1.21873046875
2.57166695595,0.233569335938,0.93552734375
2.57374286652,-0.0156982421875,1.33176757813
2.57583093643,0.478930664063,0.971416015625
2.57791781425,-0.0213134765625,0.808330078125
2.57998585701,0.157641601563,1.17258789063
2.5820889473,0.199145507813,0.492900390625
2.58419585228,-0.144116210937,1.365703125
2.58627891541,0.117114257813,1.38376953125
2.58835101128,0.0533935546875,0.520732421875
2.59042882919,0.102709960938,0.8803515625
2.5925078392,0.607104492187,1.28782226563
2.59465384483,-0.0381591796875,0.791728515625
2.5967259407,0.273364257813,0.7885546875
2.59881401062,-0.179760742187,1.53263427734
2.6008939743,-0.0081298828125,1.03904296875
2.60297393799,0.281665039063,0.57810546875
2.60510587692,-0.0030029296875,1.11423828125
2.6071999073,0.511645507812,1.2319140625
2.60928487778,-0.0371826171875,0.653056640625
2.61135387421,-0.0303466796875,1.52610351563
2.61343789101,0.301440429688,0.84421875
2.61552095413,-0.120190429687,0.5307421875
2.61759996414,0.142749023438,0.46580078125
2.61968588829,0.123950195313,0.886455078125
2.62176585197,0.315600585938,1.35032226563
2.62385582924,0.159350585938,0.644755859375
2.62594389915,0.0155517578125,1.51682617188
2.62802290916,0.137377929688,0.776591796875
2.63010597229,-0.0926025390625,0.814921875
2.6321978569,0.0055419921875,0.99021484375
2.63427591324,0.322436523438,1.12888671875
2.63635087013,0.219897460938,0.96580078125
2.63843798637,0.254809570313,0.988994140625
2.64051580429,-0.0750244140625,1.49583007813
2.6425909996,0.0353271484375,1.1830859375
2.64467000961,0.0250732421875,0.657939453125
2.64674282074,0.0365478515625,0.790751953125
2.6488199234,0.193286132813,1.31248046875
2.65089797974,0.273852539063,0.7309375
2.65297079086,0.292407226563,0.904521484375
2.65519189835,-0.113842773437,1.518046875
2.6572728157,0.351977539063,0.54392578125
2.65934586525,-0.189282226562,0.77537109375
2.6614279747,0.0011474609375,1.41135742188
2.66350579262,0.226000976563,1.4389453125
2.6656358242,0.340014648438,0.95798828125
2.66771388054,0.293139648438,0.602763671875
2.6697947979,-0.0808837890625,1.53263427734
2.67186784744,0.270678710938,0.84861328125
2.67394781113,-0.165600585937,0.560283203125
2.67603182793,-0.0493896484375,1.10862304688
2.67810678482,0.311694335938,1.27024414063
2.68020701408,-0.0042236328125,0.45310546875
2.68228983879,0.442553710938,1.410625
2.68436694145,-0.0679443359375,1.35764648438
2.6864528656,0.180834960938,1.19333984375
2.68854093552,-0.175122070312,0.791728515625
2.69061398506,-0.0838134765625,0.765361328125
2.69269394875,0.375170898438,1.53263427734
2.69477796555,0.150317382813,0.4819140625
2.69685578346,0.371752929688,0.980693359375
2.69893980026,-0.0181396484375,1.529765625
2.70101284981,0.187670898438,0.734599609375
2.70310783386,-0.179272460937,0.881572265625
2.70519280434,0.0250732421875,0.933330078125
2.70726680756,0.190844726563,1.25950195313
2.70935201645,0.129565429688,0.44919921875
2.71143984795,0.217211914063,0.57078125
2.71351790428,0.0865966796875,1.17966796875
2.71565389633,0.112475585938,1.23459960938
2.71773481369,-0.226391601562,0.939921875
2.71982192993,0.109057617188,0.66013671875
2.72190690041,0.183764648438,1.52830078125
2.7239818573,0.317797851563,0.548259277344
2.72610187531,0.246997070313,0.78806640625
2.72819781303,0.0358154296875,1.33518554688
2.73028087616,0.134692382813,0.955546875
2.73235583305,-0.189526367187,1.05271484375
2.73444390297,0.164965820313,1.03879882813
2.73652982712,0.0216552734375,0.903056640625
2.73859882355,0.272875976563,1.24290039063
2.74068498611,0.136645507813,0.934794921875
2.74285984039,0.0448486328125,0.87400390625
2.74494791031,0.136157226563,0.894755859375
2.74703383446,-0.130444335937,1.10544921875
2.749106884,0.111254882813,0.9975390625
2.7512049675,0.144458007813,1.00046875
2.75329089165,0.162036132813,0.987529296875
2.75537800789,0.0719482421875,1.16404296875
2.75745582581,-0.0423095703125,0.99412109375
2.75954794884,0.0944091796875,1.21506835938
2.76162099838,-0.0933349609375,0.47654296875
2.7636950016,0.287524414063,1.41819335938
2.76578092575,0.164721679688,0.765849609375
2.76785588264,0.164965820313,1.04197265625
2.76993894577,0.116625976563,1.16575195313
2.7720220089,-0.0572021484375,1.057109375
2.77416181564,0.125903320313,1.10251953125
2.77623581886,-0.0572021484375,0.50486328125
2.77830982208,0.215014648438,1.00315429688
2.78039097786,0.143725585938,1.05002929688
2.78247594833,0.217456054688,1.092265625
2.78461194038,0.0458251953125,0.872294921875
2.78668999672,-0.0449951171875,0.738017578125
2.78875994682,0.0165283203125,1.41599609375
2.79083800316,-0.0293701171875,0.688884277344
2.79291796684,0.212084960938,1.00559570313
2.79500889778,0.156909179688,1.08909179688
2.79709386826,0.184252929688,1.07932617188
2.79919791222,0.0553466796875,0.871806640625
2.80127882957,0.0699951171875,1.0209765625
2.80334687233,-0.0637939453125,0.538798828125
2.80542588234,0.256518554688,1.53263427734
2.80750584602,0.198168945313,0.5971484375
2.80958485603,0.162280273438,0.955546875
2.81166791916,0.0995361328125,1.19016601563
2.81374692917,-0.147290039062,1.17087890625
2.81583380699,0.0648681640625,1.00388671875
2.81791400909,-0.0564697265625,0.472880859375
2.81997990608,0.258471679688,1.52854492188
2.8220808506,0.189868164063,0.58689453125
2.82418489456,0.170825195313,0.967998046875
2.82626485825,0.0370361328125,0.853251953125
2.82833790779,-0.0515869140625,0.74802734375
2.83041882515,-0.0528076171875,1.3647265625
2.83248591423,0.0416748046875,0.842998046875
2.8346118927,0.151782226563,0.75681640625
2.8366959095,0.125170898438,1.23435546875
2.83878278732,0.135668945313,1.15134765625
2.84085893631,0.0162841796875,0.872783203125
2.84293580055,0.0167724609375,0.708720703125
2.84500980377,-0.133618164062,1.28293945313
2.84710693359,0.0721923828125,1.07950927734
2.84918284416,0.140307617188,0.6205859375
2.85125589371,0.287036132813,0.96580078125
2.85332989693,0.0614501953125,0.989970703125
2.85541200638,-0.180004882812,1.13206054688
2.85748791695,0.111743164063,1.36692382813
2.85957479477,-0.196606445312,0.169169921875
2.86165690422,0.280932617188,1.525859375
2.86374688148,0.114428710938,0.8041796875
2.86582779884,0.232104492188,0.88767578125
2.86791300774,0.101245117188,0.894755859375
2.86998701096,-0.125317382812,1.1264453125
2.87207984924,-0.0301025390625,1.42014648438
2.87416386604,0.236254882813,1.47141601563
2.87624382973,0.129077148438,0.48484375
2.87832999229,0.0741455078125,1.00046875
2.88040781021,0.120776367188,1.36716796875
2.88247990608,-0.251782226562,1.21140625
2.88461184502,0.195239257813,0.720134277344
2.88670897484,-0.190747070312,0.6010546875
2.88879179955,0.219897460938,1.53196289063
2.89087080956,0.167651367188,0.3354296875
2.89295291901,0.0267822265625,0.97947265625
2.89508795738,0.144702148438,0.78416015625
2.89717578888,-0.104321289062,0.84568359375
2.89925599098,-0.0818603515625,1.39377929688
2.9013338089,-0.0647705078125,0.729716796875
2.90341687202,0.346850585938,0.80369140625
2.90549683571,-0.242260742187,1.11838867188
2.90758395195,0.347094726563,1.45969726563
2.90967583656,-0.304516601562,0.7006640625
2.91175580025,0.105395507813,0.767802734375
2.91383695602,-0.118725585937,1.29514648438
2.91592979431,-0.0508544921875,1.29825927734
2.91800093651,0.192065429688,0.274638671875
2.92009496689,0.146166992188,0.67380859375
2.92217993736,0.272875976563,1.00754882813
2.92426490784,-0.0777099609375,1.2690234375
2.92634487152,-0.0589111328125,1.19504882813
2.92843198776,-0.209301757812,0.19529296875
2.93051099777,-0.279125976562,1.42942382813
2.93259596825,0.156420898438,1.19944335938
2.93469882011,0.113940429688,0.720134277344
2.93678498268,0.234301757813,0.9760546875
2.93892979622,-0.163159179687,1.1049609375
2.94101881981,0.0895263671875,0.568828125
2.94310188293,-0.0545166015625,1.53263427734
2.94518780708,-0.0344970703125,0.27341796875
2.94725990295,0.106860351563,0.963359375
2.94934082031,0.131274414063,1.40989257813
2.95143485069,-0.282543945312,0.940166015625
2.95351696014,0.0858642578125,1.00876953125
2.95565795898,-0.168286132812,0.1733203125
2.95773100853,-0.0476806640625,1.53123046875
2.95981097221,-0.109204101562,0.64109375
2.96188783646,0.119311523438,0.81833984375
2.96396589279,0.180102539063,0.77634765625
2.96606087685,0.0485107421875,0.66501953125
2.96813201904,-0.258374023437,1.03147460938
2.9702129364,-0.0061767578125,1.53263427734
2.9722878933,0.0951416015625,0.057109375
2.97435688972,-0.0598876953125,1.11619140625
2.97643780708,0.0792724609375,1.53263427734
2.9785118103,-0.0977294921875,0.7338671875
2.98059201241,0.0021240234375,0.659404296875
2.98268580437,-0.253247070312,0.857890625
2.98476982117,-0.0081298828125,1.52830078125
2.98684191704,0.0194580078125,0.029521484375
2.98892378807,0.0665771484375,0.88962890625
2.99100995064,-0.0894287109375,0.5991015625
2.99308586121,-0.0142333984375,1.41135742188
2.99518084526,-0.157299804687,0.893779296875
2.99726080894,-0.0266845703125,1.04807617188
2.99934601784,-0.0081298828125,0.58005859375
3.00142788887,-0.158032226562,1.2905078125
3.00350785255,0.0089599609375,1.38328125
3.0056438446,-0.138012695312,0.6616015625
3.00773286819,-0.0318115234375,1.0190234375
3.00980997086,-0.312084960937,0.73630859375
3.01189184189,0.0055419921875,1.28245117188
3.01397180557,-0.313549804687,1.25706054688
3.01611399651,0.0529052734375,1.04661132813
3.01819586754,-0.0967529296875,0.586162109375
3.02027487755,-0.162915039062,1.2826953125
3.02235078812,-0.217114257812,1.13059570313
3.0244448185,0.122241210938,0.923259277344
3.02653098106,-0.0711181640625,0.46873046875
3.0285987854,-0.210522460937,1.52927734375
3.03069591522,0.0331298828125,1.20676757813
3.03278279305,-0.159985351562,0.523173828125
3.03485989571,0.0160400390625,0.94529296875
3.03693699837,-0.119458007812,0.37107421875
3.03903198242,-0.343090820312,1.32590820313
3.04111194611,-0.222241210937,1.44065429688
3.0432009697,0.104174804688,0.51755859375
3.04528784752,-0.0974853515625,1.018046875
3.04736185074,-0.182690429687,1.25510742188
3.04944682121,-0.260571289062,1.01926757813
3.05153489113,0.0878173828125,0.688884277344
3.05360078812,-0.154125976562,0.699443359375
3.05570197105,-0.205395507812,1.52317382813
3.0577878952,-0.0982177734375,1.05833007813
3.05986499786,-0.0564697265625,0.78904296875
3.06193900108,-0.355297851562,0.804423828125
3.06401991844,-0.292797851562,0.970439453125
3.06615185738,-0.0860107421875,0.99607421875
3.06821584702,3.17766113281,1.23166992188
3.07029795647,-0.178540039062,0.813884277344
3.07237482071,0.149096679688,0.81541015625
3.07445788383,-0.344311523437,1.46287109375
3.07654285431,-0.110180664062,0.759990234375
3.07863688469,-0.0598876953125,0.942607421875
3.08070683479,-0.0366943359375,0.635478515625
3.0827858448,0.0265380859375,1.03806640625
3.0848608017,0.226000976563,1.162578125
3.08694291115,-0.132153320312,0.994853515625
3.0890288353,0.0333740234375,1.014140625
3.0910987854,-0.0659912109375,0.5248828125
3.09317588806,-0.409008789062,1.26438476563
3.09526586533,-0.145825195312,1.32737304688
3.09734678268,-0.0135009765625,0.781474609375
3.09942579269,-0.205639648437,0.987041015625
3.1015048027,0.0863525390625,1.19138671875
3.1035900116,-0.218823242187,0.850078125
3.10568189621,-0.180981445312,1.2787890625
3.10776090622,-0.266186523437,1.07029296875
3.10983896255,0.180102539063,0.87205078125
3.11192393303,0.0660888671875,1.11912109375
3.11399579048,-0.143872070312,1.0405078125
3.11612892151,-0.187329101562,1.05491210938
3.11822986603,-0.0706298828125,0.642009277344
3.12031197548,-0.206127929687,0.88669921875
3.12239193916,-0.197827148437,1.25486328125
3.12446784973,-0.0647705078125,1.37180664063
3.12656497955,-0.205151367187,0.518779296875
3.1286509037,-0.115551757812,1.03538085938
3.13073182106,-0.281567382812,0.4233203125
3.13281393051,-0.299389648437,1.4252734375
3.13495993614,-0.185864257812,1.18015625
3.13705086708,0.0072509765625,0.896220703125
3.1391248703,-0.118969726562,0.7182421875
3.14120388031,-0.220288085937,1.42502929688
3.14329695702,-0.0569580078125,0.991435546875
3.14537000656,-0.156811523437,0.798259277344
3.14744901657,-0.141186523437,0.594462890625
3.14952898026,-0.241528320312,1.51560546875
3.15161991119,-0.0303466796875,1.17893554688
3.15369796753,-0.245678710937,0.920390625
3.15578389168,-0.0947998046875,0.996318359375
3.15785193443,-0.325024414062,0.52732421875
3.15993881226,-0.186352539062,1.18333007813
3.16202998161,-0.296704101562,1.16111328125
3.16415500641,-0.113842773437,1.16013671875
3.16623401642,-0.188549804687,0.584208984375
3.16831684113,-0.147045898437,1.23337890625
3.17040300369,-0.157788085937,1.06272460938
3.17248082161,-0.149243164062,1.15763427734
3.17464089394,-0.0049560546875,0.910380859375
3.17671298981,-0.0821044921875,0.783671875
3.17879486084,-0.0283935546875,0.961162109375
3.18086791039,-0.224438476562,1.17869140625
3.18294882774,-0.213696289062,1.12498046875
3.18503785133,-0.0618408203125,0.6147265625
3.18710899353,-0.214672851562,0.782939453125
3.18919181824,-0.189770507812,1.39524414063
3.19128489494,-0.0933349609375,1.23948242188
3.19335985184,-0.330883789062,0.47654296875
3.19544887543,-0.0757568359375,1.22141601563
3.19753193855,-0.259838867187,0.803935546875
3.19962382317,-0.136547851562,1.31516601563
3.20170879364,-0.197094726562,1.2905078125
3.20379400253,-0.143872070312,0.946513671875
3.20587301254,-0.0110595703125,0.62693359375
3.20794892311,-0.350903320312,1.31931640625
3.21003484726,-0.100415039062,1.01365234375
3.21211791039,-0.268383789062,0.876384277344
3.214209795,0.0990478515625,0.73484375
3.21629285812,-0.323559570312,1.07322265625
3.21837282181,0.0399658203125,1.52952148438
3.22045278549,3.52287597656,0.509501953125
3.22254395485,0.0116455078125,1.04392578125
3.22462487221,-0.391430664062,0.4037890625
3.22670578957,-0.0633056640625,1.0639453125
3.22878479958,-0.285717773437,1.28440429688
3.23087286949,-0.0554931640625,1.21775390625
3.23294687271,-0.234692382812,0.47263671875
3.23503398895,-0.170727539062,1.19407226563
3.23711895943,-0.104077148437,1.03953125
3.23921298981,-0.372387695312,1.19163085938
3.2413008213,0.217944335938,0.54783203125
3.24337601662,-0.338940429687,0.922587890625
3.2454559803,0.198413085938,1.52854492188
3.24755597115,3.53898925781,1.334453125
3.24962592125,-0.0484130859375,1.13962890625
3.25169801712,-0.377514648437,0.71287109375
3.2537817955,0.0763427734375,0.754375
3.25585484505,-0.268627929687,1.23728515625
3.25793886185,0.123461914063,1.43333007813
3.26002979279,-0.458813476562,0.5717578125
3.2621049881,0.0345947265625,1.05051757813
3.26420283318,-0.366772460937,0.8246875
3.26628994942,-0.123852539062,1.52341796875
3.26837086678,0.0668212890625,0.616435546875
3.27044796944,-0.150463867187,0.75388671875
3.27253293991,-0.324291992187,0.2631640625
3.27466082573,-0.177319335937,1.36033203125
3.27674293518,-0.173901367187,1.11399414063
3.278829813,-0.252514648437,0.995830078125
3.28091692924,0.250659179688,0.707744140625
3.28299498558,-0.406811523437,0.986552734375
3.28512787819,0.161059570313,1.37766601563
3.28722786903,-0.424145507812,0.8334765625
3.28931093216,-0.0506103515625,0.841533203125
3.29138898849,-0.383862304687,0.629619140625
3.29346489906,0.149829101563,0.68943359375
3.29556393623,-0.343823242187,1.19163085938
3.29765200615,0.0729248046875,1.451640625
3.29972195625,-0.365063476562,0.53318359375
3.30180501938,-0.162670898437,1.10447265625
3.30388879776,-0.334545898437,0.787578125
3.30596494675,-0.147045898437,1.52415039063
3.30805492401,0.147143554688,0.457744140625
3.31014895439,-0.209545898437,1.01877929688
3.31223082542,0.0841552734375,1.20212890625
3.3143119812,-0.355297851562,0.93015625
3.31639194489,-0.106518554687,0.94236328125
3.3184709549,-0.328930664062,1.31321289063
3.32056093216,0.170825195313,0.565166015625
3.32264590263,-0.265209960937,0.8627734375
3.3247218132,0.180102539063,1.432109375
3.32680892944,3.44621582031,0.936259765625
3.3288807869,0.0294677734375,0.89255859375
3.33102297783,3.53605957031,0.443095703125
3.33309793472,-0.0620849609375,1.51780273438
3.33520197868,-0.193188476562,0.722880859375
3.33728790283,-0.0545166015625,0.998515625
3.33935379982,0.0250732421875,0.693583984375
3.34142899513,0.0038330078125,0.919658203125
3.34349989891,-0.336987304687,0.711162109375
3.34563994408,-0.205395507812,1.53263427734
3.34771180153,0.0978271484375,0.6166796875
3.34978699684,-0.207836914062,0.730205078125
3.35186481476,0.154223632813,1.23020507813
3.35394978523,3.43547363281,1.16575195313
3.3560359478,0.0221435546875,0.90623046875
3.35810494423,-0.446850585937,0.390361328125
3.36019682884,-0.142407226562,1.48484375
3.36228394508,-0.366040039062,0.932353515625
3.36436700821,0.164965820313,1.26853515625
3.36644887924,3.37614746094,0.86814453125
3.3685297966,0.124682617188,0.982890625
3.37060499191,-0.431958007812,0.50095703125
3.37268900871,-0.302075195312,1.48069335938
3.37478280067,-0.0108154296875,1.0170703125
3.37685799599,-0.256420898437,0.780986328125
3.37893795967,0.0128662109375,0.87009765625
3.38101696968,3.51970214844,1.3100390625
3.38310194016,0.0211669921875,0.995341796875
3.38518095016,-0.359936523437,0.548259277344
3.3872628212,0.0126220703125,1.05125
3.38933491707,-0.183178710937,1.0248828125
3.39142084122,0.0848876953125,1.09592773438
3.39349985123,3.39665527344,0.984111328125
3.3956348896,0.149584960938,1.05466796875
3.39771080017,3.50773925781,0.499736328125
3.39979100227,-0.161206054687,1.18259765625
3.40186786652,-0.380688476562,1.10056640625
3.4039478302,-0.0279052734375,1.14744140625
3.40604281425,-0.291333007812,0.553447265625
3.40812182426,-0.255200195312,1.31565429688
3.41020894051,-0.0772216796875,1.033671875
3.41228795052,-0.163647460937,1.51462890625
3.41436886787,-0.238842773437,1.0053515625
3.41644692421,-0.113598632812,0.790263671875
3.41852784157,-0.158520507812,0.863017578125
3.42059898376,-0.318188476562,1.31028320313
3.42269897461,-0.114086914062,0.944072265625
3.42478299141,-0.305493164062,0.747294921875
3.42685699463,0.0116455078125,0.818095703125
3.42893099785,-0.449536132812,1.22532226563
3.43102693558,0.0255615234375,1.38499023438
3.43309998512,3.40031738281,0.44578125
3.43518185616,0.109057617188,1.28904296875
3.43726491928,3.52336425781,0.577373046875
3.43933987617,-0.176342773437,1.13889648438
3.44143295288,-0.315991210937,1.21897460938
3.44352293015,-0.207104492187,1.029765625
3.44565987587,-0.201733398437,0.682353515625
3.44774079323,-0.193920898437,1.21409179688
3.4498269558,-0.246166992187,0.947734375
3.45191383362,-0.203930664062,1.23899414063
3.45399785042,0.0397216796875,0.45505859375
3.45613694191,-0.288403320312,1.0698046875
3.45821285248,-0.322827148437,0.654521484375
3.46029901505,-0.208325195312,1.31833984375
3.4623799324,-0.132641601562,1.01365234375
3.4644639492,-0.318188476562,0.8139453125
3.46654987335,0.0900146484375,0.774150390625
3.46862101555,3.51018066406,1.05344726563
3.47071290016,0.0819580078125,1.52317382813
3.4728000164,3.47038574219,0.5307421875
3.47487592697,0.0707275390625,1.10935546875
3.47695088387,-0.346997070312,0.776591796875
3.47904992104,-0.179028320312,1.51975585938
3.48113679886,-0.0088623046875,1.32590820313
3.48321080208,-0.0916259765625,1.20627929688
3.48529791832,-0.407788085937,0.531962890625
3.48737883568,-0.0479248046875,1.26536132813
3.48946094513,-0.361157226562,0.8627734375
3.4915459156,-0.209790039062,1.31541015625
3.49362397194,0.0865966796875,0.529765625
3.49571180344,-0.391674804687,0.91892578125
3.49779701233,0.0465576171875,1.4350390625
3.49986982346,3.49724121094,0.8080859375
3.50194597244,0.0404541015625,0.901591796875
3.50403785706,3.47600097656,0.9252734375
3.50617599487,0.137133789063,0.68455078125
3.50825691223,3.47014160156,1.08298828125
3.51033401489,0.171313476563,1.38279296875
3.51241779327,3.36906738281,0.670146484375
3.51449298859,0.111499023438,1.07346679688
3.51658082008,-0.418530273437,0.66697265625
3.51867794991,-0.118725585937,1.44919921875
3.52075886726,-0.115795898437,0.76462890625
3.52283287048,-0.215893554687,0.887431640625
3.52491688728,-0.102124023437,0.9838671875
3.52707886696,0.0961181640625,1.36545898438
3.52917194366,-0.332348632812,0.70505859375
3.53125,-0.224682617187,1.32590820313
3.53333497047,0.0153076171875,0.60056640625
3.53541898727,-0.299633789062,1.004375
3.53749394417,0.0150634765625,1.06443359375
3.53956699371,3.44914550781,1.0834765625
3.54164385796,0.113208007813,0.972880859375
3.54372882843,-0.447583007812,0.4965625
3.54581093788,-0.140454101562,1.29294921875
3.54789495468,-0.304760742187,1.135234375
3.54996991158,0.0067626953125,1.04416992188
3.55206298828,3.45793457031,0.852763671875
3.55414891243,0.192553710938,0.966533203125
3.55622291565,3.36955566406,0.461162109375
3.55830097198,0.0089599609375,1.53263427734
3.56037688255,-0.257885742187,0.8403125
3.56245684624,-0.117993164062,0.865458984375
3.5645878315,-0.154125976562,0.846171875
3.56668782234,-0.402416992187,1.20969726563
3.5687789917,0.0231201171875,1.05833007813
3.57085895538,3.49797363281,0.610759277344
3.57293391228,0.0936767578125,0.992412109375
3.57502985001,-0.182934570312,0.9760546875
3.57710385323,-0.0860107421875,0.847392578125
3.57918286324,-0.406079101562,1.21995117188
3.58127188683,0.0016357421875,0.99119140625
3.5833439827,3.45451660156,0.52830078125
3.58541798592,0.0194580078125,1.2065234375
3.58746886253,3.46403808594,1.00828125
3.5895318985,0.227954101563,1.38572265625
3.59159994125,3.41350097656,0.40818359375
3.59366083145,0.0245849609375,1.34397460938
3.59578800201,-0.184155273437,0.95212890625
3.5978679657,-0.299145507812,1.05466796875
3.59994888306,0.0609619140625,0.951640625
3.60202598572,0.0560791015625,1.2319140625
3.60413980484,-0.304272460937,0.49119140625
3.60621595383,-0.233715820312,1.3744921875
3.60830283165,-0.0274169921875,1.03025390625
3.6103758812,-0.458081054687,0.790263671875
3.61245393753,0.127856445313,0.84080078125
3.61460399628,3.48503417969,1.0121875
3.61668086052,0.231860351563,1.36765625
3.6187608242,3.39445800781,0.8627734375
3.62083101273,0.113452148438,0.8979296875
3.62291479111,3.47917480469,0.52
3.62499094009,0.0262939453125,0.95408203125
3.62706494331,3.48552246094,1.11326171875
3.629144907,0.218188476563,1.48752929688
3.63123893738,3.41008300781,0.551982421875
3.63331389427,0.0199462890625,1.01194335938
3.63540101051,-0.340649414062,1.02854492188
3.63749098778,-0.145092773437,1.322734375
3.63958287239,-0.0608642578125,0.48142578125
3.64166593552,-0.195141601562,1.00999023438
3.64374780655,0.149340820313,1.22068359375
3.64583086967,3.27360839844,0.822001953125
3.64791297913,-0.161938476562,0.872783203125
3.64999389648,-0.334301757812,1.08518554688
3.65207791328,0.133715820313,0.69138671875
3.65418291092,-0.425610351562,1.04783203125
3.65627288818,0.184985351563,1.18650390625
3.6583468914,3.37517089844,0.924541015625
3.66042590141,0.176928710938,0.9545703125
3.66251778603,3.40129394531,0.56052734375
3.66464400291,-0.0698974609375,1.52903320313
3.66671991348,-0.217602539062,0.723125
3.66880297661,-0.130444335937,1.0112109375
3.67088484764,3.35710449219,0.725078125
3.67295885086,0.128588867188,1.0951953125
3.6750869751,3.52824707031,0.57908203125
3.67716598511,-0.185620117187,1.53263427734
3.67924880981,0.0372802734375,0.582255859375
3.68132281303,-0.335522460937,0.844951171875
3.6834089756,0.253344726563,1.09861328125
3.68548989296,3.34147949219,1.07883789063
3.68758487701,0.158374023438,1.06614257813
3.68967485428,3.46647949219,0.37595703125
3.6917488575,-0.0642822265625,1.29172851563
3.69382691383,-0.297436523437,0.974345703125
3.6959168911,0.203295898438,1.18528320313
3.69800400734,3.24772949219,0.88474609375
3.70007896423,0.344897460938,1.16282226563
3.70218086243,3.30607910156,0.343486328125
3.70427083969,-0.0003173828125,1.4682421875
3.70634078979,-0.224926757812,0.963359375
3.70842194557,-0.180004882812,1.018046875
3.71051287651,0.0262939453125,0.719951171875
3.71257781982,3.41520996094,1.14353515625
3.71466088295,0.103686523438,1.10862304688
3.7167429924,3.51359863281,1.486796875
3.71882081032,-0.0550048828125,0.890849609375
3.72090196609,-0.190258789062,0.85203125
3.7229847908,-0.0630615234375,0.79001953125
3.72511601448,3.50090332031,1.24631835938
3.72727799416,0.0594970703125,1.09934570313
3.72935581207,3.48234863281,0.552958984375
3.73142886162,0.0038330078125,0.985087890625
3.73350691795,3.52312011719,1.18528320313
3.73566579819,0.173266601563,1.34250976563
3.73774790764,3.43645019531,1.06370117188
3.7398250103,0.206958007813,1.09080078125
3.74190878868,3.29704589844,0.391826171875
3.7439827919,0.0145751953125,1.27024414063
3.74610495567,-0.418530273437,1.15305664063
3.74819278717,0.0809814453125,1.15525390625
3.75027799606,-0.425122070312,0.44529296875
3.75235581398,-0.166821289062,1.45823242188
3.75444483757,-0.134350585937,0.947490234375
3.75652980804,-0.317700195312,0.923259277344
3.75862193108,0.104174804688,0.725810546875
3.76070380211,0.100024414063,1.15720703125
3.76278996468,-0.329907226562,0.66111328125
3.76487088203,-0.347241210937,1.21995117188
3.7669608593,0.0123779296875,1.0405078125
3.76903986931,3.51091308594,0.7826953125
3.77111387253,0.0087158203125,0.849833984375
3.77318787575,-0.415356445312,1.07224609375
3.77527785301,0.141284179688,1.42014648438
3.77736186981,3.37614746094,0.682109375
3.7794380188,0.175708007813,1.08005859375
3.78152680397,3.52238769531,0.70310546875
3.78360700607,-0.0930908203125,1.5190234375
3.78568887711,3.39909667969,1.08396484375
3.78776979446,0.303393554688,1.35837890625
3.78984189034,3.30217285156,0.52390625
3.79192185402,0.0875732421875,1.23508789063
3.79399991035,-0.300610351562,0.8569140625
3.79614400864,-0.282543945312,1.23923828125
3.79822397232,0.0724365234375,0.600322265625
3.80030179024,-0.360913085937,0.994365234375
3.80238294601,0.0758544921875,1.20383789063
3.80445981026,3.46721191406,1.03733398438
3.80655694008,0.209643554688,0.852275390625
3.80864191055,-0.344311523437,0.817119140625
3.81071400642,0.0489990234375,0.779765625
3.81279492378,-0.450024414062,1.02732421875
3.81487298012,0.128344726563,1.35618164063
3.81695389748,3.44963378906,0.91794921875
3.81903195381,0.159594726563,0.80662109375
3.82110881805,3.44621582031,0.802958984375
3.82319498062,0.0592529296875,1.53147460938
3.82527899742,-0.268139648437,0.505107421875
3.82736182213,-0.0161865234375,1.00046875
3.8294839859,-0.256665039062,0.533427734375
3.8316628933,0.264086914063,1.37571289063
3.83375191689,-0.445141601562,0.657939453125
3.83582687378,-0.122387695312,1.26145507813
3.8379149437,-0.0159423828125,0.734111328125
3.83998894691,-0.259594726562,1.04880859375
3.84206581116,0.0067626953125,0.895
3.84415483475,3.52849121094,1.27219726563
3.84622693062,0.183764648438,0.8647265625
3.84831094742,3.32805175781,0.477763671875
3.8503909111,0.112475585938,1.41575195313
3.85246992111,3.50529785156,0.97654296875
3.85465693474,0.230639648438,1.34153320313
3.85674095154,3.22307128906,0.79978515625
3.85881495476,0.345874023438,1.0746875
3.86090493202,3.31828613281,0.436259765625
3.86297392845,0.0480224609375,1.52708007813
3.86511087418,-0.267651367187,0.761455078125
3.86719083786,-0.206127929687,0.932841796875
3.86927390099,-0.0249755859375,0.774638671875
3.87134385109,3.52653808594,1.19578125
3.87342381477,-0.0203369140625,1.057109375
3.8755068779,-0.106518554687,1.53263427734
3.87758493423,-0.217358398437,0.544658203125
3.87968492508,0.0089599609375,1.04368164063
3.881772995,-0.194409179687,0.85154296875
3.88385391235,-0.402416992187,1.16965820313
3.88594198227,0.138842773438,1.09104492188
3.88804578781,3.31047363281,0.419169921875
3.89011883736,0.115893554688,1.28293945313
3.89220690727,3.40812988281,1.01291992188
3.89429593086,0.248217773438,1.2934375
3.89637994766,3.39445800781,0.5756640625
3.89845085144,-0.0069091796875,1.08323242188
3.90053582191,3.33439941406,0.41599609375
3.90262579918,0.0697509765625,1.35935546875
3.90470290184,-0.441967773437,1.01584960938
3.90679788589,0.0485107421875,1.18821289063
3.90888094902,-0.401928710937,0.5268359375
3.9109609127,-0.236889648437,1.316875
3.91304683685,0.0275146484375,1.01072265625
3.91517686844,3.45695800781,0.767009277344
3.91725587845,0.176440429688,0.91990234375
3.91933679581,3.37883300781,1.037578125
3.92141699791,0.235034179688,0.66697265625
3.92350101471,3.32927246094,1.24265625
3.92575788498,0.255053710938,1.23166992188
3.9278459549,3.41765136719,0.472880859375
3.92992281914,-0.0320556640625,0.934306640625
3.93199682236,-0.311108398437,1.30515625
3.93413996696,0.0040771484375,1.28123046875
3.93622279167,-0.408276367187,0.551982421875
3.93831086159,-0.129467773437,1.16599609375
3.94039583206,-0.341870117187,0.425517578125
3.94249081612,-0.0147216796875,1.24241210938
3.94461798668,-0.390454101562,1.129375
3.94669985771,-0.0100830078125,1.25120117188
3.94878578186,-0.322338867187,0.480205078125
3.95086598396,-0.300122070312,1.213359375
3.95295000076,-0.0896728515625,1.02073242188
3.95503997803,-0.402661132812,1.11075927734
3.95711994171,0.0775634765625,0.554912109375
3.95920586586,-0.390454101562,1.04587890625
3.96129488945,0.139086914063,1.33176757813
3.96338200569,-0.270092773437,1.25828125
3.96545982361,-0.151196289062,1.17698242188
3.96755886078,-0.383618164062,0.648173828125
3.96964788437,0.0070068359375,0.826640625
3.97171592712,3.49772949219,1.10154296875
3.97379589081,0.276538085938,1.45676757813
3.97588396072,3.27800292969,0.576884765625
3.97795200348,0.203540039063,1.066875
3.98003292084,-0.453442382812,0.84568359375
3.98210883141,-0.156323242187,1.40696289063
3.9842069149,-0.0947998046875,0.56931640625
3.98628401756,-0.135083007812,1.006328125
3.98835778236,3.30437011719,0.50974609375
3.99043083191,0.164477539063,1.33127929688
3.99252080917,-0.380688476562,0.858134765625
3.9946539402,-0.218090820312,1.10154296875
3.99672794342,0.0143310546875,0.759501953125
3.99880385399,-0.290844726562,0.912822265625
