0.000437021255493,0.001796875,0.989326171875
0.00258207321167,0.000576171875,1.00568359375
0.00468301773071,0.001552734375,0.996162109375
0.0067310333252,-0.002353515625,1.00006835937
0.00878596305847,-0.001865234375,0.996162109375
0.010833978653,0.005458984375,0.99640625
0.0128819942474,0.00130859375,0.996650390625
0.0149331092834,-0.00064453125,0.9973828125
0.0169820785522,0.003994140625,0.999091796875
0.0190279483795,0.001064453125,1.01374023437
0.0210781097412,0.0105859375,0.999091796875
0.0231380462646,-0.0011328125,1.00543945312
0.0252320766449,-0.00162109375,0.99591796875
0.0272800922394,0.002041015625,1.00080078125
0.0293281078339,-0.013583984375,1.0003125
0.0313720703125,0.0027734375,0.99005859375
0.0334229469299,-0.001865234375,1.00666015625
0.0354890823364,0.002041015625,0.993232421875
0.0375530719757,-0.00357421875,0.998115234375
0.0396199226379,-0.001865234375,0.990302734375
0.0416839122772,0.0027734375,0.99396484375
0.0437519550323,0.007900390625,0.99884765625
0.0458180904388,0.0047265625,0.998359375
0.0478830337524,0.00033203125,0.99640625
0.0499789714813,0.00375,1.01569335937
0.0520520210266,0.001064453125,0.99787109375
0.0541219711304,-0.000888671875,0.99591796875
0.0561881065369,0.001796875,0.990791015625
0.0582540035248,0.01205078125,1.01666992187
0.0603239536285,-0.013828125,1.01471679687
0.062392950058,0.002529296875,0.99982421875
0.0644600391388,0.001552734375,0.9993359375
0.0665218830109,-0.0011328125,1.0032421875
0.0685820579529,0.000576171875,1.00177734375
0.0706429481506,-0.001376953125,0.9934765625
0.0727059841156,-0.0011328125,0.988837890625
0.0747730731964,0.00033203125,0.9973828125
0.0768399238586,0.003994140625,0.998115234375
0.0789060592651,0.0008203125,1.0159375
0.0809690952301,0.003017578125,0.988349609375
0.0830891132355,-0.000400390625,1.00080078125
0.0851590633392,0.013759765625,0.99005859375
0.0872230529785,-0.0128515625,0.995673828125
0.0892860889435,0.00228515625,0.996162109375
0.0913519859314,-0.000888671875,0.9993359375
0.0934178829193,8.7890625e-05,1.002265625
0.0954909324646,0.005458984375,0.99640625
0.0975580215454,-0.0011328125,0.9934765625
0.0996239185333,0.005703125,0.997626953125
0.10169005394,0.001552734375,1.00470703125
0.103759050369,0.00033203125,0.99884765625
0.105819940567,-0.001865234375,1.00080078125
0.107882022858,0.0066796875,0.998115234375
0.109945058823,0.001552734375,0.993720703125
0.112011909485,0.00326171875,0.995673828125
0.1141269207,0.0008203125,0.998115234375
0.116193056107,0.00033203125,0.9993359375
0.11825799942,0.003994140625,0.996162109375
0.120322942734,0.005703125,0.994208984375
0.12239408493,-0.004794921875,0.99787109375
0.124460935593,0.002041015625,1.00983398437
0.126533031464,-0.0011328125,0.99640625
0.128598928452,0.00326171875,1.00763671875
0.130662918091,0.002041015625,1.0012890625
0.13272690773,0.001552734375,0.998115234375
0.134780883789,0.00130859375,1.006171875
0.136827945709,0.003994140625,0.99494140625
0.138873100281,0.013759765625,0.9954296875
0.140918970108,-0.016025390625,0.98615234375
0.142962932587,0.006923828125,0.9993359375
0.145082950592,0.0008203125,1.0003125
0.147147893906,0.001064453125,0.992744140625
0.149214029312,0.009609375,0.99787109375
0.151307106018,0.005458984375,0.99640625
0.153377056122,0.00033203125,0.99005859375
0.15544295311,-0.0030859375,0.99396484375
0.157507896423,0.001552734375,1.00299804687
0.159580945969,-0.000888671875,1.00177734375
0.161648988724,-0.006015625,0.98908203125
0.163717985153,-0.0050390625,0.998603515625
0.165791034698,0.001552734375,0.99884765625
0.167857885361,0.001552734375,0.994453125
0.169925928116,0.004970703125,1.00104492187
0.171997070312,0.013515625,0.9915234375
0.174119949341,0.002529296875,1.01081054687
0.176192998886,-0.015048828125,1.00055664062
0.178265094757,0.002041015625,0.995673828125
0.180330991745,0.0008203125,0.996650390625
0.182395935059,-0.00162109375,0.997138671875
0.184462070465,-0.000400390625,1.0012890625
0.186526060104,0.003017578125,1.0012890625
0.188589096069,0.003994140625,0.998603515625
0.190654993057,0.002529296875,1.0012890625
0.192718982697,-0.002353515625,1.0012890625
0.194907903671,0.0047265625,0.997626953125
0.196981906891,0.001552734375,1.01471679687
0.199053049088,-0.01041015625,0.9925
0.201117038727,-0.000888671875,1.00055664062
0.203188896179,0.004482421875,1.0032421875
0.20525598526,-0.00455078125,0.9925
0.207321882248,0.002529296875,1.00543945312
0.209398984909,0.003994140625,1.00348632812
0.211468935013,-0.001865234375,0.999091796875
0.213588953018,0.003505859375,1.00275390625
0.215656995773,0.00228515625,0.996650390625
0.217720985413,0.007412109375,1.00299804687
0.219790935516,0.013271484375,0.994453125
0.221858024597,-0.000400390625,1.01666992187
0.22392988205,0.000576171875,0.9973828125
0.22599697113,-0.00015625,0.998359375
0.228063106537,0.00130859375,0.9973828125
0.230127096176,0.00326171875,0.99396484375
0.232188940048,0.00130859375,1.00104492187
0.234260082245,0.00228515625,1.00568359375
0.236324071884,-0.000888671875,1.00641601562
0.238394021988,0.002529296875,1.00421875
0.240461111069,-0.000888671875,0.996650390625
0.242527008057,0.004970703125,1.00006835937
0.244648933411,0.00033203125,0.99591796875
0.246715068817,0.00130859375,0.998359375
0.248784065247,0.00326171875,0.9954296875
0.250849962234,-0.00162109375,0.994208984375
0.252942085266,-0.00064453125,0.994453125
0.25500702858,0.0105859375,1.013984375
0.257071971893,0.013515625,0.991279296875
0.259139060974,-0.0011328125,0.999580078125
0.261207103729,-0.002109375,1.00470703125
0.263276100159,-0.00650390625,0.999580078125
0.265341043472,0.003994140625,1.00299804687
0.267416954041,0.00228515625,1.00055664062
0.269489049911,-0.00162109375,1.0012890625
0.271553993225,-0.00015625,0.9925
0.273626089096,-0.0050390625,0.99298828125
0.275687932968,-0.00015625,1.00788085937
0.277756929398,-0.0011328125,1.01081054687
0.279824972153,-0.017001953125,0.99005859375
0.281889915466,-0.016513671875,1.0149609375
0.283957958221,0.005703125,1.00470703125
0.286025047302,0.01205078125,1.01422851562
0.288096904755,0.001552734375,0.994208984375
0.290162086487,8.7890625e-05,0.995185546875
0.292234897614,0.005458984375,0.994208984375
0.294302940369,-0.00064453125,0.998359375
0.296367883682,0.00130859375,0.99494140625
0.29843211174,-0.0030859375,0.99787109375
0.300497055054,-0.000400390625,1.00788085937
0.302565097809,0.012783203125,1.00568359375
0.304639101028,0.003505859375,0.98810546875
0.306706905365,0.00716796875,1.01544921875
0.308773040771,0.00423828125,0.99494140625
0.310836076736,0.000576171875,0.99591796875
0.312896966934,8.7890625e-05,0.99689453125
0.314966917038,0.001064453125,1.00080078125
0.317029953003,-0.004794921875,0.998359375
0.319092988968,0.00375,1.01032226562
0.321162939072,0.00521484375,1.00250976562
0.323235034943,0.000576171875,0.992744140625
0.325301885605,0.001064453125,0.99640625
0.327366113663,0.007900390625,1.00885742187
0.329435110092,0.00130859375,1.0032421875
0.331500053406,-0.0011328125,0.99787109375
0.333622932434,0.00228515625,0.986396484375
0.335690021515,-0.000400390625,1.00763671875
0.337757110596,-0.003330078125,0.998115234375
0.339821100235,-0.014560546875,0.991767578125
0.341887950897,0.01205078125,0.9973828125
0.343955039978,-0.00162109375,0.998359375
0.34601688385,0.007900390625,1.00275390625
0.348082065582,-0.00015625,0.995185546875
0.35014295578,0.002529296875,0.998359375
0.352205991745,0.001796875,0.998359375
0.354273080826,0.00326171875,1.00275390625
0.356337070465,-0.000400390625,0.9954296875
0.358407974243,-0.001376953125,0.992744140625
0.360471010208,0.009853515625,1.00055664062
0.362540960312,-0.016513671875,0.994697265625
0.364614009857,0.01205078125,0.99396484375
0.366679906845,-0.006015625,1.01642578125
0.368746995926,0.000576171875,0.995185546875
0.37081193924,-0.00064453125,0.992744140625
0.372876882553,0.004482421875,1.01374023437
0.374949932098,0.00130859375,0.999091796875
0.377017021179,0.00326171875,1.00275390625
0.379081010818,-0.00357421875,1.00006835937
0.381150960922,-0.000400390625,0.996650390625
0.383218050003,-0.0011328125,1.00080078125
0.385278940201,0.005703125,1.00055664062
0.387343883514,0.00326171875,1.00006835937
0.389410018921,0.004482421875,1.002265625
0.391472101212,0.0047265625,0.9954296875
0.393654108047,0.0008203125,0.993720703125
0.395723104477,0.000576171875,0.99396484375
0.397789001465,0.001796875,0.99689453125
0.399851083755,0.001796875,0.997138671875
0.401933908463,0.00375,0.99689453125
0.404159069061,-0.001376953125,1.00104492187
0.406261920929,0.001064453125,1.0032421875
0.408324956894,0.0027734375,0.99298828125
0.410387992859,0.010830078125,1.01227539062
0.41245508194,-0.0148046875,0.9993359375
0.414525032043,0.00521484375,0.986640625
0.416589975357,0.00912109375,0.9954296875
0.418653011322,-0.00162109375,0.990546875
0.42071890831,0.001064453125,0.9993359375
0.422785043716,-0.008701171875,1.0169140625
0.424853086472,-0.01626953125,1.00275390625
0.426918029785,0.00130859375,0.995185546875
0.428985118866,-0.004794921875,0.988349609375
0.431049108505,0.002041015625,0.994208984375
0.433114051819,0.002041015625,0.99103515625
0.435178995132,0.001796875,0.998359375
0.437246084213,0.0008203125,1.00568359375
0.439311027527,-0.001865234375,1.00104492187
0.441379070282,0.002041015625,1.0003125
0.44344496727,0.000576171875,0.999091796875
0.445504903793,0.0066796875,1.01447265625
0.447571992874,-0.0011328125,0.99640625
0.449635982513,-0.000400390625,0.98908203125
0.451703071594,-0.00015625,0.997626953125
0.453814029694,-0.002841796875,1.00275390625
0.455878973007,-0.00015625,0.997626953125
0.457942962646,0.003505859375,0.991279296875
0.460006952286,0.000576171875,1.0012890625
0.462074041367,-0.002353515625,0.997626953125
0.464162111282,0.00375,0.994453125
0.466223955154,-0.00455078125,1.00055664062
0.468295097351,0.005947265625,0.999091796875
0.470360994339,-0.00064453125,0.9934765625
0.472425937653,-0.005771484375,0.99591796875
0.474493026733,0.000576171875,0.99884765625
0.476557016373,-0.011630859375,0.98615234375
0.478616952896,0.012783203125,1.00373046875
0.480679988861,-0.002353515625,0.99591796875
0.48273897171,8.7890625e-05,1.00666015625
0.484810113907,0.002041015625,0.99396484375
0.486872911453,0.000576171875,0.994208984375
0.48893404007,0.00033203125,1.00495117187
0.491004943848,0.001552734375,0.997626953125
0.493128061295,8.7890625e-05,1.002265625
0.49520111084,0.003994140625,0.991279296875
0.497267007828,-0.0030859375,1.0159375
0.499330997467,8.7890625e-05,0.996162109375
0.501399993896,0.00326171875,0.987373046875
0.503469944,-0.000400390625,0.999580078125
0.505536079407,-0.0040625,0.9954296875
0.507599115372,-0.006015625,1.00202148437
0.509669065475,0.006435546875,0.99982421875
0.511734962463,-0.00259765625,1.00006835937
0.513808965683,0.001552734375,0.99494140625
0.515875101089,-0.00357421875,0.990791015625
0.517939090729,-0.000400390625,0.99640625
0.519999027252,-0.0040625,1.00202148437
0.52206492424,-0.00162109375,0.99689453125
0.524136066437,-0.00015625,1.002265625
0.526201963425,0.001796875,1.0149609375
0.528268098831,0.002041015625,1.00080078125
0.530334949493,0.011318359375,1.01569335937
0.532409906387,0.001064453125,1.008125
0.534481048584,0.001064453125,0.986640625
0.536547899246,0.009853515625,0.99640625
0.538614988327,-0.00357421875,0.986396484375
0.540683031082,-0.003330078125,1.00202148437
0.542751073837,0.00326171875,1.00177734375
0.5448179245,0.0008203125,0.9973828125
0.546884059906,-0.002841796875,1.0071484375
0.54895401001,0.002529296875,0.994208984375
0.551017999649,0.00326171875,0.999580078125
0.553164958954,-0.000400390625,1.0012890625
0.555236101151,-0.003818359375,0.993720703125
0.557302951813,0.001064453125,1.0012890625
0.559365034103,0.00521484375,0.98908203125
0.561427116394,0.00033203125,0.99640625
0.563491106033,0.007412109375,1.013984375
0.565551042557,0.010341796875,1.013984375
0.567612886429,-0.012119140625,1.0110546875
0.569679021835,0.001796875,1.002265625
0.571743965149,0.002529296875,0.99005859375
0.573812007904,0.00423828125,1.01154296875
0.575876951218,0.00326171875,1.00934570312
0.577946901321,-0.0040625,1.00348632812
0.580014944077,-0.00015625,0.993232421875
0.582078933716,-0.00259765625,0.9973828125
0.584150075912,0.002529296875,1.01544921875
0.586214065552,-0.0148046875,0.994697265625
0.588278055191,0.0027734375,1.01471679687
0.590473890305,0.003994140625,0.99689453125
0.592547893524,0.007412109375,1.00788085937
0.594624042511,0.003994140625,0.9954296875
0.596688985825,0.00228515625,0.999580078125
0.598759889603,-0.0050390625,1.00006835937
0.600828886032,0.0047265625,0.98615234375
0.602895021439,0.00716796875,0.993232421875
0.604962110519,0.002529296875,1.0110546875
0.607021093369,-0.003330078125,0.993720703125
0.609080076218,0.003505859375,0.996650390625
0.611145019531,-0.002109375,1.01520507812
0.613217115402,0.004970703125,1.00690429687
0.615287065506,0.0047265625,0.989814453125
0.617352962494,0.003505859375,0.998359375
0.619416952133,-0.017001953125,0.98712890625
0.621480941772,0.00375,1.0071484375
0.623600006104,0.00521484375,1.00446289062
0.625673055649,0.00423828125,0.996162109375
0.627738952637,0.00375,0.9915234375
0.62980389595,0.003505859375,1.00055664062
0.63187289238,-0.00455078125,0.999091796875
0.633941888809,0.001552734375,1.00397460937
0.636013031006,0.00521484375,0.991279296875
0.638078927994,0.00033203125,1.0051953125
0.640142917633,-0.005283203125,1.00788085937
0.642211914062,0.013515625,1.01422851562
0.644290924072,-0.001376953125,0.99591796875
0.646352052689,0.0027734375,0.996162109375
0.648413896561,-0.013583984375,0.999580078125
0.650475025177,0.001064453125,0.998603515625
0.652539014816,0.00423828125,1.00885742187
0.654642105103,-0.001376953125,0.996650390625
0.656711101532,0.000576171875,1.00885742187
0.65878200531,0.00375,1.00275390625
0.660846948624,0.001064453125,1.0032421875
0.662911891937,-0.000888671875,0.9954296875
0.664978027344,-0.01236328125,0.988837890625
0.667042016983,0.00228515625,0.992255859375
0.669106006622,-0.017001953125,1.01227539062
0.671174049377,0.0105859375,1.01520507812
0.67324590683,-0.0108984375,1.00543945312
0.675317049026,0.004970703125,0.9915234375
0.677383899689,0.001796875,1.01374023437
0.679454088211,-0.006015625,0.98810546875
0.681519985199,0.002529296875,1.00397460937
0.68359708786,-0.000888671875,1.00250976562
0.685662984848,0.002041015625,0.996162109375
0.687722921371,0.003994140625,0.99103515625
0.689786911011,0.00326171875,1.002265625
0.69185090065,-0.00015625,0.99982421875
0.693917989731,0.008388671875,0.986396484375
0.695980072021,0.004482421875,0.999091796875
0.698044061661,-0.000888671875,1.01349609375
0.700109004974,0.0066796875,0.994453125
0.702173948288,-0.00162109375,0.99982421875
0.704241991043,0.000576171875,0.999580078125
0.706306934357,0.001552734375,0.99640625
0.708369970322,0.00521484375,1.00055664062
0.710438966751,0.003994140625,0.998115234375
0.712502002716,0.0047265625,1.0051953125
0.714631080627,-0.00064453125,0.99591796875
0.71669793129,0.001796875,0.995185546875
0.718761920929,-0.0011328125,1.00421875
0.720823049545,0.0027734375,0.9895703125
0.72288608551,0.00033203125,0.989326171875
0.72495007515,0.003994140625,1.00568359375
0.727011919022,0.00423828125,0.991767578125
0.729075908661,0.003994140625,0.99396484375
0.731141090393,8.7890625e-05,0.996162109375
0.733215093613,0.003017578125,1.01520507812
0.735285997391,0.003017578125,1.01422851562
0.737358093262,-0.00162109375,1.0032421875
0.739423036575,0.0008203125,0.999580078125
0.741488933563,0.0008203125,0.99787109375
0.743603944778,0.00033203125,0.99005859375
0.745672941208,0.00033203125,0.999580078125
0.747735977173,-0.003818359375,0.98712890625
0.749802112579,-0.003330078125,1.00495117187
0.751871109009,-0.0167578125,1.0032421875
0.753938913345,-0.01041015625,0.99103515625
0.7560338974,-0.0050390625,0.99591796875
0.758100986481,-0.015537109375,0.998359375
0.76016497612,-0.006015625,0.99005859375
0.762229919434,-0.006015625,0.98908203125
0.764293909073,-0.00943359375,0.999091796875
0.766355991364,-0.00552734375,1.00006835937
0.768424034119,-0.002353515625,0.999091796875
0.770487070084,-0.011875,0.998603515625
0.772552967072,-0.008701171875,0.99884765625
0.774631023407,-0.0069921875,1.00080078125
0.776694059372,-0.002841796875,1.00153320312
0.778764009476,-0.011630859375,1.01642578125
0.780827999115,-0.007236328125,0.997626953125
0.782893896103,-0.008701171875,0.996650390625
0.784960985184,-0.002841796875,0.9915234375
0.787081956863,-0.00748046875,0.987861328125
0.78915810585,-0.009921875,0.999580078125
0.791223049164,-0.01041015625,1.0169140625
0.793291091919,-0.001865234375,0.996162109375
0.795356988907,-0.013583984375,0.996162109375
0.797420978546,-0.008701171875,0.999580078125
0.799483060837,-0.0069921875,1.0071484375
0.801546096802,-0.002109375,1.00885742187
0.803622961044,-0.007724609375,0.986640625
0.805685997009,-0.00796875,0.996162109375
0.80775308609,-0.008212890625,1.00470703125
0.80982208252,-0.0050390625,0.99787109375
0.811889886856,-0.013828125,0.998115234375
0.813958883286,0.001796875,1.00153320312
0.816030025482,0.012783203125,1.01154296875
0.818094968796,0.002529296875,0.987373046875
0.820158958435,-0.00845703125,1.00495117187
0.822230100632,-0.0011328125,1.00055664062
0.8243060112,8.7890625e-05,1.00006835937
0.826381921768,-0.000400390625,0.995185546875
0.828449964523,0.005458984375,0.997138671875
0.83051609993,-0.004794921875,1.00397460937
0.832587003708,-0.005283203125,0.997626953125
0.834659099579,0.00912109375,0.99787109375
0.836723089218,0.009853515625,1.002265625
0.838787078857,-0.007236328125,1.0169140625
0.840851068497,-0.00650390625,0.990302734375
0.842914104462,-0.00015625,1.00739257812
0.844985961914,-0.00162109375,1.00690429687
0.847058057785,-0.008212890625,0.985908203125
0.84912109375,-0.0167578125,1.00543945312
0.851191997528,0.00033203125,1.00592773437
0.853270053864,-0.003818359375,0.99201171875
0.855360984802,-0.00064453125,1.00495117187
0.857434988022,0.0008203125,1.00666015625
0.859503984451,0.00326171875,0.9817578125
0.861571073532,0.001064453125,1.00592773437
0.8636469841,0.006435546875,0.99689453125
0.865713119507,0.004482421875,0.997626953125
0.867779016495,-0.01578125,1.01447265625
0.869843006134,0.00375,1.013984375
0.871907949448,-0.015537109375,0.99884765625
0.873977899551,0.009365234375,0.986396484375
0.876041889191,0.01107421875,1.00592773437
0.87811088562,0.005947265625,1.00446289062
0.880178928375,-0.00064453125,1.00080078125
0.882244110107,0.003505859375,1.00104492187
0.884314060211,0.006923828125,0.990546875
0.886377096176,0.015712890625,0.996162109375
0.88844203949,0.00326171875,0.99787109375
0.890508890152,0.0125390625,1.00861328125
0.892575979233,0.013515625,1.01154296875
0.894649982452,0.022548828125,0.99494140625
0.896714925766,0.02572265625,0.997626953125
0.898780107498,-0.000888671875,0.99494140625
0.900846004486,0.02474609375,1.006171875
0.902909994125,0.001064453125,1.0012890625
0.904975891113,0.018154296875,0.989326171875
0.907041072845,0.004970703125,1.0130078125
0.909105062485,0.0301171875,1.00592773437
0.911175966263,0.00765625,1.00348632812
0.913247108459,0.035732421875,0.995673828125
0.915307998657,0.017421875,0.99689453125
0.917367935181,0.021328125,0.998359375
0.919433116913,0.025234375,1.00202148437
0.921506881714,0.020107421875,0.99982421875
0.923623085022,0.015224609375,0.990302734375
0.925689935684,0.029140625,0.995673828125
0.927755117416,0.0428125,1.00885742187
0.929824113846,0.012783203125,0.999091796875
0.931889057159,0.022060546875,1.006171875
0.933957099915,0.021083984375,0.994697265625
0.936022996902,0.0379296875,0.9837109375
0.938087940216,0.02474609375,0.990546875
0.940151929855,0.03890625,1.0091015625
0.942215919495,0.0203515625,1.002265625
0.94428396225,0.037685546875,0.993232421875
0.946352005005,0.023525390625,0.993232421875
0.948416948318,0.0301171875,1.00958984375
0.950479984283,0.024990234375,0.995185546875
0.952542066574,0.02962890625,0.992744140625
0.954612970352,0.043056640625,0.9993359375
0.956675052643,0.041591796875,0.994697265625
0.958736896515,0.034755859375,1.01129882812
0.960805892944,0.0428125,0.993720703125
0.962874889374,0.048671875,0.9817578125
0.964945077896,0.019130859375,0.995673828125
0.96701002121,0.04427734375,0.987861328125
0.969077110291,0.039150390625,0.99787109375
0.971143960953,0.0476953125,0.99689453125
0.973212003708,0.036220703125,0.9993359375
0.975277900696,0.045498046875,0.985908203125
0.977341890335,0.038173828125,0.99689453125
0.979406118393,0.04330078125,1.00104492187
0.981476068497,0.042568359375,1.01227539062
0.983660936356,0.0496484375,1.00250976562
0.985738992691,0.05306640625,0.963447265625
0.987807035446,0.0379296875,0.95490234375
0.989873886108,0.0281640625,1.0364453125
0.991940975189,0.066494140625,1.00421875
0.994052886963,0.0740625,0.999580078125
0.996119022369,0.047939453125,1.01154296875
0.99818611145,0.040615234375,1.00543945312
1.00025391579,0.053310546875,0.980048828125
1.00231695175,0.05453125,1.02497070312
1.00438690186,0.06966796875,1.00885742187
1.00645589828,0.054287109375,0.9641796875
1.00852108002,0.05453125,0.998359375
1.01058602333,0.05990234375,1.00788085937
1.0126581192,0.05404296875,0.993232421875
1.01472711563,0.059658203125,0.962958984375
1.01679205894,0.064052734375,1.0091015625
1.01885795593,0.050869140625,1.0188671875
1.02092409134,0.05697265625,0.98859375
1.02298998833,0.058681640625,1.01276367187
1.02511000633,0.067470703125,1.002265625
1.02717804909,0.0750390625,0.975166015625
1.02924489975,0.053798828125,0.9993359375
1.03131008148,0.05892578125,1.01862304687
1.0333840847,0.046962890625,0.99103515625
1.03544998169,0.078212890625,0.9778515625
1.03751301765,0.05111328125,0.989326171875
1.03957509995,0.06234375,1.00202148437
1.0416469574,0.0457421875,0.989814453125
1.04370903969,0.08333984375,0.979560546875
1.04577803612,0.07259765625,0.99689453125
1.04784393311,0.06966796875,0.9934765625
1.04990911484,0.055751953125,0.995673828125
1.05197405815,0.076748046875,1.00104492187
1.05409407616,0.07015625,0.996650390625
1.05615997314,0.074306640625,0.9973828125
1.05825209618,0.065029296875,0.997626953125
1.06031608582,0.085537109375,0.992255859375
1.06238293648,0.06087890625,0.998115234375
1.06445193291,0.08724609375,0.99884765625
1.06652092934,0.07357421875,0.999091796875
1.06858706474,0.07259765625,1.00006835937
1.07065701485,0.07650390625,0.989814453125
1.07272100449,0.087978515625,1.00055664062
1.07479310036,0.063564453125,1.00958984375
1.07685709,0.077724609375,0.989326171875
1.07892203331,0.07748046875,0.99884765625
1.08098506927,0.086513671875,0.998603515625
1.08309197426,0.07943359375,0.99591796875
1.08515906334,0.0711328125,0.990791015625
1.08721995354,0.076748046875,0.990546875
1.08928608894,0.081630859375,1.00055664062
1.09135389328,0.08041015625,0.988837890625
1.09342098236,0.08578125,0.99396484375
1.09548711777,0.079921875,0.99201171875
1.09754991531,0.0808984375,0.990791015625
1.09961605072,0.0906640625,1.00373046875
1.10168194771,0.087734375,0.977607421875
1.10374903679,0.08041015625,0.99640625
1.10581302643,0.082119140625,0.997626953125
1.10787892342,0.081875,0.9876171875
1.10994505882,0.083095703125,0.999580078125
1.11201000214,0.086025390625,0.998603515625
1.11415410042,0.0828515625,0.9915234375
1.11622095108,0.087978515625,0.9973828125
1.11828494072,0.085048828125,0.98615234375
1.12034702301,0.080166015625,1.00690429687
1.12241196632,0.08578125,0.988837890625
1.12447595596,0.087734375,0.99494140625
1.12653589249,0.08724609375,0.990546875
1.12859797478,0.088466796875,0.99005859375
1.13066101074,0.084072265625,0.99298828125
1.13272500038,0.09115234375,0.99298828125
1.13479208946,0.083583984375,0.993720703125
1.13685894012,0.090419921875,0.993232421875
1.13892197609,0.08236328125,1.002265625
1.1409869194,0.08724609375,0.996650390625
1.14309692383,0.087978515625,0.9934765625
1.14516305923,0.091640625,0.99787109375
1.14722800255,0.0867578125,1.00104492187
1.14929699898,0.099208984375,0.9895703125
1.15136194229,0.08529296875,1.00690429687
1.15343308449,0.091640625,0.994208984375
1.1554980278,0.105068359375,1.00104492187
1.15759396553,0.081142578125,1.01178710937
1.15966200829,0.09115234375,0.994697265625
1.1617269516,0.092373046875,0.9856640625
1.16378998756,0.098232421875,0.988349609375
1.1658539772,0.095546875,0.997626953125
1.16791796684,0.105068359375,0.998603515625
1.16998195648,0.0887109375,0.994208984375
1.17204809189,0.09994140625,0.992744140625
1.17412400246,0.09359375,0.99884765625
1.17618608475,0.1004296875,0.9876171875
1.17825007439,0.1043359375,1.01569335937
1.18032097816,0.103115234375,0.991767578125
1.18239092827,0.09505859375,1.0012890625
1.18446993828,0.098720703125,1.01447265625
1.18661808968,0.093837890625,0.98859375
1.18869996071,0.098232421875,1.0032421875
1.19076895714,0.095791015625,0.994697265625
1.19283604622,0.09994140625,0.990791015625
1.19490408897,0.111171875,1.00373046875
1.19696807861,0.0975,0.99591796875
1.1990339756,0.107509765625,0.9934765625
1.20109796524,0.1062890625,0.989814453125
1.20316195488,0.10970703125,0.9817578125
1.20522403717,0.09798828125,0.99640625
1.20728492737,0.0926171875,0.991279296875
1.20934796333,0.101650390625,0.989814453125
1.21141290665,0.1101953125,0.999580078125
1.21348190308,0.10580078125,0.988349609375
1.21554708481,0.1082421875,0.99396484375
1.21761393547,0.1004296875,0.999580078125
1.21967601776,0.11703125,0.997626953125
1.22174501419,0.104580078125,1.00080078125
1.22381210327,0.10921875,0.9837109375
1.22587490082,0.101162109375,1.00397460937
1.22794890404,0.118251953125,0.969794921875
1.23001694679,0.10091796875,0.974921875
1.2320830822,0.08822265625,1.037421875
1.2341530323,0.114833984375,1.00275390625
1.23621892929,0.131923828125,0.96955078125
1.23828101158,0.1355859375,0.995673828125
1.24034309387,0.092861328125,1.04401367187
1.24240994453,0.10287109375,0.970771484375
1.24447703362,0.09994140625,0.971015625
1.24654102325,0.126796875,1.00543945312
1.24860906601,0.10287109375,0.9680859375
1.250674963,0.110439453125,0.995185546875
1.25274801254,0.113369140625,1.02838867187
1.25482392311,0.1160546875,0.98322265625
1.25689005852,0.118984375,0.967109375
1.25899004936,0.12630859375,1.00885742187
1.26106095314,0.12435546875,1.01544921875
1.26312994957,0.101650390625,0.98029296875
1.26519608498,0.14876953125,0.967353515625
1.26726603508,0.14388671875,0.999091796875
1.26933193207,0.149501953125,0.991767578125
1.2713971138,0.1209375,0.981513671875
1.27346491814,0.13119140625,1.01422851562
1.27553296089,0.1316796875,0.994453125
1.27759408951,0.130458984375,0.984443359375
1.27965807915,0.1316796875,0.99298828125
1.281717062,0.12826171875,1.00055664062
1.28378891945,0.1160546875,1.008125
1.28585290909,0.122890625,0.97541015625
1.28791809082,0.14583984375,0.967841796875
1.28998303413,0.1492578125,1.01544921875
1.29204511642,0.136318359375,1.01544921875
1.29411792755,0.13998046875,0.997138671875
1.29618406296,0.130947265625,0.981513671875
1.29824995995,0.10970703125,0.974189453125
1.30031609535,0.13802734375,0.99005859375
1.30238199234,0.132900390625,1.00666015625
1.30444788933,0.12728515625,1.0003125
1.30651402473,0.146572265625,0.985908203125
1.30857896805,0.130947265625,0.98517578125
1.31064105034,0.1414453125,0.988837890625
1.31270194054,0.15951171875,0.983466796875
1.31476593018,0.1531640625,0.987861328125
1.31682991982,0.1433984375,0.98322265625
1.31889510155,0.153896484375,0.989814453125
1.32096004486,0.15169921875,0.989814453125
1.32302594185,0.13021484375,0.987861328125
1.32516694069,0.148525390625,1.15705078125
1.32723093033,0.592067871094,0.5794140625
1.32929396629,-0.0226171875,0.632880859375
1.33135890961,-0.02896484375,0.23859375
1.33342599869,0.208095703125,1.53272216797
1.33548808098,-0.076572265625,1.38361328125
1.33755397797,0.82796875,-0.24041015625
1.33961892128,3.30184570313,1.53272216797
1.34169197083,0.35873046875,0.729560546875
1.34376502037,0.19515625,0.25568359375
1.34582901001,0.320400390625,1.53272216797
1.34789204597,0.049404296875,0.985847167969
1.34995508194,-0.447421875,0.41291015625
1.3520181179,0.079189453125,1.41217773437
1.35413408279,0.638515625,1.07184570312
1.35619997978,0.359951171875,1.01251953125
1.3582611084,0.483486328125,0.67560546875
1.36032509804,3.0769921875,0.802802734375
1.36239004135,1.10995117187,1.36432617187
1.36446690559,-0.125400390625,0.47443359375
1.366533041,0.61703125,1.24762695312
1.36860394478,3.4910546875,1.0315625
1.37066888809,0.41,0.95783203125
1.37273192406,0.0047265625,0.979560546875
1.37479805946,0.26498046875,0.9563671875
1.37686896324,0.270107421875,1.16315429687
1.37893795967,-0.10220703125,0.840400390625
1.38100504875,0.184169921875,0.940009765625
1.3831140995,0.116298828125,1.111640625
1.38518095016,0.492763671875,0.899970703125
1.38724398613,-0.1319921875,1.03180664062
1.38938689232,-0.088779296875,1.05622070312
1.39146304131,0.210537109375,0.872626953125
1.39357805252,0.20736328125,0.980537109375
1.39564490318,0.266201171875,1.0579296875
1.39770793915,0.076748046875,0.96466796875
1.39977097511,0.08822265625,0.99494140625
1.4018330574,0.156826171875,0.9309765625
1.40389800072,0.009853515625,1.0559765625
1.40595889091,0.31234375,1.08502929687
1.40802788734,-0.05142578125,0.86994140625
1.41009402275,0.40658203125,0.954658203125
1.41215991974,-0.148349609375,1.06745117187
1.41423296928,0.392177734375,1.04840820312
1.41630411148,0.0418359375,1.05060546875
1.41836810112,0.38900390625,0.93634765625
1.42043209076,-0.0694921875,0.970771484375
1.4224998951,0.210048828125,0.995185546875
1.42461705208,0.045986328125,1.05329101562
1.42668604851,0.29232421875,0.91828125
1.42875289917,0.060146484375,0.99689453125
1.43081688881,0.15462890625,1.03424804687
1.43289089203,0.103603515625,0.95978515625
1.43495893478,0.15072265625,1.0032421875
1.43702697754,0.1726953125,0.947822265625
1.43908810616,0.18685546875,0.994453125
1.44114995003,0.097744140625,1.0462109375
1.44321203232,0.128994140625,1.006171875
1.44527196884,0.124111328125,0.995673828125
1.44733691216,0.15951171875,0.96369140625
1.44939994812,0.16244140625,0.9583203125
1.45146489143,0.146328125,1.00568359375
1.45357990265,0.115810546875,1.0032421875
1.45564699173,0.15072265625,0.96515625
1.45771193504,0.153896484375,0.988837890625
1.4598031044,0.115322265625,1.02155273437
1.46187591553,0.1219140625,1.01520507812
1.46394896507,0.12044921875,0.955390625
1.46601605415,0.16927734375,0.97931640625
1.46807909012,0.169033203125,1.0091015625
1.47014498711,0.153896484375,0.999580078125
1.47220993042,0.1043359375,0.9973828125
1.4742770195,0.140224609375,0.984443359375
1.47634005547,0.1512109375,0.98224609375
1.4784040451,0.146083984375,0.98908203125
1.48046588898,0.13021484375,0.995673828125
1.48252701759,0.122890625,0.991767578125
1.48463606834,0.129482421875,0.991279296875
1.48669910431,0.131435546875,0.994208984375
1.48876404762,0.16,0.986396484375
1.49082398415,0.12875,1.00568359375
1.49288892746,0.14876953125,0.99689453125
1.49495792389,0.134609375,0.990791015625
1.4970240593,0.1355859375,1.00934570312
1.4990940094,0.1180078125,0.9954296875
1.50115990639,0.15072265625,0.98078125
1.50322699547,0.146328125,0.990546875
1.50529193878,0.146083984375,0.9973828125
1.5073568821,0.124111328125,0.992744140625
1.50942206383,0.15072265625,0.981025390625
1.51149010658,0.14193359375,0.993720703125
1.5136051178,0.127041015625,1.00641601562
1.5156750679,0.1199609375,0.9925
1.51774096489,0.13705078125,0.973212890625
1.51980400085,0.164150390625,0.994208984375
1.52186489105,0.14974609375,0.9954296875
1.52392792702,0.13509765625,0.98615234375
1.52599000931,0.1394921875,0.97541015625
1.52805399895,0.11849609375,0.980048828125
1.53011894226,0.137294921875,0.99689453125
1.5321829319,0.131923828125,0.9846875
1.534252882,0.15755859375,1.00739257812
1.5363240242,0.134853515625,0.9798046875
1.53838896751,0.124599609375,1.00495117187
1.54046106339,0.11947265625,0.9876171875
1.5425260067,0.129482421875,0.95685546875
1.54463791847,0.17171875,1.02033203125
1.5467031002,0.1668359375,0.971015625
1.54876589775,0.1238671875,0.9837109375
1.55083107948,0.123134765625,0.996650390625
1.55289697647,0.13802734375,1.00568359375
1.55496501923,0.14583984375,0.976142578125
1.55702900887,0.13119140625,1.01227539062
1.55909490585,0.106533203125,0.920478515625
1.56116008759,0.189541015625,0.9895703125
1.56322598457,0.151455078125,1.055
1.56528997421,0.142666015625,0.978828125
1.56735491753,0.122890625,0.943671875
1.56942009926,0.129482421875,0.99591796875
1.5714840889,0.162197265625,1.02326171875
1.57359790802,0.110927734375,0.9563671875
1.5756649971,0.165859375,0.963447265625
1.57772898674,0.137783203125,1.00739257812
1.57979989052,0.167080078125,1.00568359375
1.58186602592,0.1160546875,1.01374023437
1.5839369297,0.12728515625,1.01325195312
1.58601307869,0.151455078125,0.98029296875
1.58807706833,0.15072265625,0.968330078125
1.59014201164,0.1277734375,1.0071484375
1.59220790863,0.115078125,1.0071484375
1.59432911873,0.1394921875,0.980537109375
1.59639906883,0.148037109375,0.96564453125
1.5984621048,0.14974609375,1.01447265625
1.600522995,0.14388671875,1.00690429687
1.6025929451,0.13705078125,0.985908203125
1.60465908051,0.1570703125,0.9837109375
1.60672497749,0.15365234375,1.0012890625
1.6087911129,0.127529296875,0.98908203125
1.61086392403,0.119716796875,0.98078125
1.61293005943,0.145595703125,1.00006835937
1.61500191689,0.1414453125,0.98712890625
1.61706590652,0.14974609375,0.981513671875
1.61913108826,0.144375,0.99201171875
1.6211950779,0.136806640625,0.99640625
1.62326097488,0.135341796875,0.994453125
1.62532711029,0.138759765625,0.98517578125
1.62739109993,0.1355859375,0.98908203125
1.62945508957,0.13265625,0.99982421875
1.63151788712,0.131435546875,0.993232421875
1.63358998299,0.12630859375,1.00104492187
1.6356549263,0.142421875,0.99982421875
1.63771700859,0.14486328125,0.990302734375
1.63978099823,0.1531640625,0.9876171875
1.64184498787,0.1375390625,0.96955078125
1.64390993118,0.135341796875,0.984443359375
1.64597511292,0.143642578125,0.98615234375
1.6480410099,0.136318359375,0.994208984375
1.65010595322,0.129970703125,0.996162109375
1.65217208862,0.137783203125,0.99982421875
1.65423893929,0.139248046875,0.993720703125
1.65630698204,0.145595703125,0.990546875
1.6583750248,0.144130859375,0.9973828125
1.6604681015,0.13509765625,0.995673828125
1.66253590584,0.13607421875,0.982001953125
1.66460800171,0.12728515625,0.9993359375
1.66667294502,0.134365234375,0.997626953125
1.6687400341,0.139736328125,0.991279296875
1.67080497742,0.13802734375,0.994208984375
1.67286491394,0.13998046875,0.988837890625
1.67492890358,0.143154296875,0.9915234375
1.67699098587,0.141689453125,0.990791015625
1.67905592918,0.134365234375,0.98908203125
1.68112301826,0.126552734375,0.99591796875
1.68318891525,0.1316796875,0.990546875
1.68525409698,0.14291015625,0.9973828125
1.68731999397,0.142421875,1.00080078125
1.68938493729,0.1277734375,0.98908203125
1.69144797325,0.14974609375,0.98126953125
1.69356989861,0.1336328125,0.992744140625
1.69563508034,0.136318359375,0.9925
1.69770002365,0.154384765625,0.990302734375
1.69976496696,0.1355859375,0.999091796875
1.70183110237,0.130458984375,0.992255859375
1.7039000988,0.130703125,0.98859375
1.70596599579,0.130703125,0.986884765625
1.70802998543,0.1375390625,0.993232421875
1.71008992195,0.14388671875,0.990791015625
1.71215200424,0.14828125,0.974921875
1.71421790123,0.134853515625,0.991279296875
1.71628189087,0.152431640625,1.00104492187
1.71835207939,0.152919921875,0.971015625
1.72041606903,0.133388671875,0.99201171875
1.72248601913,0.13314453125,0.991767578125
1.72460389137,0.129970703125,0.990791015625
1.72667098045,0.12875,0.98322265625
1.72873806953,0.13998046875,0.99201171875
1.73080396652,0.137294921875,0.98908203125
1.73286890984,0.136806640625,0.9895703125
1.73493504524,0.136806640625,0.98908203125
1.73700094223,0.13998046875,0.988837890625
1.73906803131,0.132412109375,1.0003125
1.7411339283,0.137783203125,0.9915234375
1.74320197105,0.1414453125,0.984931640625
1.74526309967,0.129482421875,0.998359375
1.74732398987,0.12630859375,0.988349609375
1.74938797951,0.142666015625,0.98810546875
1.7514500618,0.13998046875,0.985419921875
1.75356292725,0.140712890625,0.991767578125
1.75562906265,0.1492578125,0.997138671875
1.75769400597,0.13265625,1.00373046875
1.75975799561,0.1375390625,0.98419921875
1.76185011864,0.13216796875,0.992744140625
1.7639169693,0.142421875,1.00006835937
1.7659881115,0.139248046875,0.99005859375
1.76805710793,0.140224609375,0.987861328125
1.77012300491,0.142666015625,0.992255859375
1.77218604088,0.136318359375,0.986396484375
1.77425909042,0.13314453125,0.997138671875
1.77632403374,0.131435546875,0.9895703125
1.77838897705,0.1365625,0.99591796875
1.78045511246,0.13705078125,0.989326171875
1.78252005577,0.125087890625,0.9934765625
1.78463411331,0.13802734375,0.9934765625
1.7867000103,0.14779296875,0.99201171875
1.78876495361,0.137783203125,0.9895703125
1.79082489014,0.128994140625,0.9915234375
1.79288697243,0.14095703125,0.984931640625
1.79495310783,0.13021484375,0.99591796875
1.79707694054,0.138759765625,0.983955078125
1.79914999008,0.125576171875,0.991279296875
1.80121397972,0.145595703125,0.99640625
1.80328392982,0.14095703125,0.990546875
1.80535101891,0.13802734375,0.99298828125
1.80741810799,0.135830078125,0.995185546875
1.80948495865,0.1394921875,1.0003125
1.81155204773,0.13119140625,0.995185546875
1.81362009048,0.134609375,0.997138671875
1.81568598747,0.141201171875,0.99201171875
1.81774997711,0.13900390625,0.98859375
1.81981492043,0.145595703125,0.99103515625
1.82188010216,0.14046875,0.993720703125
1.82394599915,0.139248046875,0.997626953125
1.82601094246,0.1414453125,0.995673828125
1.82807302475,0.152919921875,0.98712890625
1.83013391495,0.130703125,0.99201171875
1.83219504356,0.138759765625,0.977607421875
1.83425998688,0.152431640625,0.995673828125
1.83632493019,0.1473046875,0.985419921875
1.83839011192,0.150478515625,0.99298828125
1.84045505524,0.1238671875,1.0032421875
1.8425180912,0.1414453125,0.98908203125
1.84463405609,0.1414453125,0.99396484375
1.8466989994,0.133388671875,0.984443359375
1.84876298904,0.132900390625,0.98517578125
1.85082793236,0.135830078125,0.998359375
1.85289311409,0.139248046875,0.99201171875
1.85495996475,0.1316796875,0.9895703125
1.85702610016,0.137294921875,0.9895703125
1.85909104347,0.13900390625,0.9954296875
1.86115598679,0.13509765625,0.989326171875
1.86324810982,0.134853515625,0.99689453125
1.86530995369,0.127041015625,0.974921875
1.86737298965,0.137783203125,0.992255859375
1.86943507195,0.148037109375,0.992744140625
1.87150096893,0.137294921875,0.990791015625
1.87361598015,0.138759765625,0.9876171875
1.87567996979,0.145107421875,0.990546875
1.8777449131,0.1336328125,0.99640625
1.87981009483,0.134365234375,0.981025390625
1.88187909126,0.13509765625,0.98810546875
1.88394594193,0.135341796875,0.981025390625
1.88600993156,0.1375390625,0.99787109375
1.8880739212,0.13021484375,0.986640625
1.89013791084,0.135830078125,0.98859375
1.89220190048,0.153408203125,0.990302734375
1.89427089691,0.13802734375,0.989326171875
1.89633607864,0.12533203125,0.99396484375
1.89840197563,0.15072265625,0.986640625
1.90046191216,0.134853515625,0.992255859375
1.90255093575,0.137294921875,0.98712890625
1.90472197533,0.13314453125,0.9895703125
1.90683603287,0.132412109375,0.99689453125
1.90890407562,0.1336328125,0.98908203125
1.91096901894,0.14486328125,0.99396484375
1.91311502457,0.134365234375,0.987861328125
1.91518807411,0.141201171875,0.998603515625
1.91724991798,0.1277734375,0.997626953125
1.9193110466,0.1512109375,0.994208984375
1.9213719368,0.13314453125,0.9915234375
1.92343592644,0.135830078125,0.991767578125
1.92549991608,0.136806640625,0.9925
1.92756509781,0.142421875,0.99494140625
1.92963004112,0.13705078125,0.987861328125
1.93169498444,0.142421875,0.984443359375
1.93376207352,0.147060546875,1.00055664062
1.93583893776,0.144130859375,0.990302734375
1.93790602684,0.135341796875,0.988837890625
1.93997311592,0.132900390625,1.00104492187
1.94204306602,0.135341796875,0.99201171875
1.94411611557,0.134365234375,0.991279296875
1.94618010521,0.1375390625,0.985908203125
1.94825100899,0.133388671875,0.990546875
1.9503159523,0.126796875,0.987861328125
1.95237898827,0.14193359375,0.9925
1.95444393158,0.144375,0.99689453125
1.95650291443,0.13412109375,0.983955078125
1.95856690407,0.140224609375,0.991767578125
1.96063089371,0.136806640625,0.99396484375
1.96273708344,0.134365234375,0.990546875
1.96480703354,0.137294921875,0.989814453125
1.96687889099,0.14291015625,0.99982421875
1.9689450264,0.143154296875,0.978095703125
1.97100996971,0.15072265625,0.99103515625
1.97313904762,0.13314453125,0.97150390625
1.97520804405,0.137783203125,0.99201171875
1.97727298737,0.1531640625,0.98859375
1.97933888435,0.13998046875,0.990791015625
1.98140597343,0.140712890625,0.998603515625
1.98347496986,0.138759765625,0.985419921875
1.98554110527,0.1414453125,0.99298828125
1.98760509491,0.140224609375,0.99103515625
1.98967003822,0.135830078125,0.98810546875
1.99173402786,0.13607421875,0.9925
1.99379897118,0.137294921875,0.997626953125
1.99586105347,0.1531640625,0.99884765625
1.99792289734,0.12923828125,0.97296875
2.00010895729,0.1355859375,1.0003125
2.00240802765,0.142421875,0.996162109375
2.00449609756,0.127041015625,0.963935546875
2.00656700134,0.172451171875,1.16706054687
2.00864100456,0.100185546875,0.74298828125
2.01070904732,0.206875,1.00299804687
2.01278400421,0.070400390625,1.18756835937
2.01486206055,0.204677734375,0.887275390625
2.01692891121,0.102138671875,0.8958203125
2.01900100708,0.1492578125,1.0930859375
2.02106690407,0.10970703125,1.06623046875
2.02313494682,0.17220703125,0.861884765625
2.02519893646,0.0984765625,1.013984375
2.02726411819,0.105556640625,0.948798828125
2.02932906151,0.16537109375,0.973212890625
2.03139305115,0.119716796875,1.0559765625
2.0334610939,0.1375390625,1.01813476562
2.03553509712,0.157802734375,0.907294921875
2.03760790825,0.114345703125,0.99396484375
2.03967809677,0.163662109375,1.021796875
2.04174995422,0.104580078125,1.02912109375
2.04381990433,0.17904296875,0.913154296875
2.04588794708,0.109462890625,1.01178710937
2.04796099663,0.140712890625,1.041328125
2.05002808571,0.162197265625,0.976142578125
2.05209803581,0.07748046875,0.9925
2.05416798592,0.171474609375,0.9846875
2.056235075,0.115322265625,0.964423828125
2.05830311775,0.177333984375,1.00177734375
2.06037211418,0.090419921875,1.01813476562
2.06244206429,0.156337890625,0.995673828125
2.06451511383,0.13119140625,0.946357421875
2.06658005714,0.137783203125,1.0012890625
2.06864595413,0.178798828125,1.04181640625
2.07071304321,0.0691796875,0.96076171875
2.07277989388,0.201748046875,0.971015625
2.07485699654,0.08626953125,0.966865234375
2.07692694664,0.19125,1.05182617187
2.07900595665,0.074306640625,0.924384765625
2.08107495308,0.206875,0.955146484375
2.08314490318,0.171962890625,0.838935546875
2.08521604538,0.076259765625,1.13922851562
2.08728909492,0.2225,1.053046875
2.08935689926,0.044521484375,0.810126953125
2.09142494202,0.193935546875,1.06818359375
2.09349393845,0.13216796875,1.04328125
2.0955619812,0.141689453125,0.97296875
2.09763002396,0.12728515625,0.924384765625
2.09969592094,0.1590234375,1.02155273437
2.10176491737,0.143154296875,1.06037109375
2.10383200645,0.087978515625,0.95197265625
2.10589694977,0.15560546875,0.98712890625
2.10796189308,0.1375390625,0.88703125
2.11002993584,0.139736328125,1.0676953125
2.11209797859,0.163173828125,1.08283203125
2.11416697502,0.1414453125,1.02643554687
2.11624097824,0.09359375,0.848212890625
2.11830997467,0.193203125,1.01251953125
2.12037706375,0.12435546875,1.13776367187
2.1224501133,0.083828125,0.8294140625
2.12452411652,0.245693359375,1.03473632812
2.12659907341,-0.0187109375,1.02375
2.12866997719,0.325283203125,1.04474609375
2.13073992729,-0.0275,0.912421875
2.13280892372,0.308193359375,0.931953125
2.13488006592,-0.014560546875,1.14337890625
2.13695001602,0.231044921875,0.99640625
2.13901996613,0.135830078125,0.968330078125
2.14108896255,0.212490234375,1.08600585937
2.14315795898,0.02865234375,0.65607421875
2.14522790909,0.192958984375,1.19293945312
2.14730191231,0.0535546875,1.03473632812
2.14937210083,0.238369140625,0.9466015625
2.15143895149,0.066982421875,0.945869140625
2.1535089016,0.243984375,1.08063476562
2.15558290482,0.00423828125,0.8958203125
2.15765309334,0.226162109375,1.0227734375
2.15972208977,0.146572265625,1.03986328125
2.1617898941,0.07162109375,0.802314453125
2.16386008263,0.15267578125,1.23322265625
2.16592597961,0.115810546875,0.877265625
2.16799807549,0.247158203125,0.891181640625
2.17006707191,0.010830078125,0.844306640625
2.17213511467,0.16732421875,1.02594726562
2.17421007156,0.1492578125,1.0442578125
2.17627692223,0.15169921875,0.98859375
2.17834305763,0.114345703125,0.992255859375
2.18040704727,0.09896484375,0.834541015625
2.1824760437,0.220302734375,1.0911328125
2.18459105492,0.206630859375,1.09650390625
2.18665504456,0.037197265625,0.790595703125
2.18871998787,0.143642578125,0.985419921875
2.19078588486,0.18734375,1.32672851562
2.1928589344,0.13607421875,0.797919921875
2.19492888451,0.243740234375,0.79572265625
2.19699692726,0.110439453125,0.789130859375
2.19906711578,0.23568359375,1.26764648437
2.20113992691,0.105556640625,0.931953125
2.20320892334,0.150966796875,0.889228515625
2.2053809166,0.002529296875,1.0051953125
2.20745706558,0.226162109375,1.13166015625
2.20952510834,0.15560546875,0.892158203125
2.21159505844,0.128017578125,0.87873046875
2.21367096901,0.0594140625,1.05939453125
2.21574091911,0.298671875,1.10260742187
2.21781611443,-0.06021484375,0.95099609375
2.2198870182,0.337734375,0.75373046875
2.22195506096,0.22591796875,0.93537109375
2.2240819931,0.19564453125,0.919990234375
2.22615194321,0.05794921875,0.9524609375
2.22822093964,0.255947265625,1.36041992187
2.23029208183,-0.105380859375,0.64533203125
2.23236203194,0.346279296875,1.056953125
2.23443198204,0.009609375,0.968330078125
2.23649597168,0.40365234375,1.02423828125
2.23855900764,-0.23013671875,1.06110351562
2.24062800407,0.304287109375,0.91291015625
2.24269509315,-0.01236328125,1.04401367187
2.24476909637,0.316005859375,0.907294921875
2.24683499336,0.2039453125,1.00568359375
2.24889993668,0.05013671875,0.8753125
2.25096702576,0.19271484375,1.08209960937
2.25308609009,0.14876953125,0.890205078125
2.25516009331,0.275478515625,0.95734375
2.25722694397,0.01302734375,1.17633789062
2.25929999352,0.020595703125,0.803046875
2.26137304306,0.22103515625,1.19049804687
2.26344895363,0.086025390625,0.787666015625
2.26551699638,0.3865625,1.05915039062
2.26758790016,-0.0362890625,0.989814453125
2.26965808868,0.11361328125,0.91779296875
2.27172589302,0.095302734375,1.064765625
2.27379608154,0.271572265625,0.9221875
2.27586102486,-0.045810546875,0.960029296875
2.27792596817,0.199794921875,1.18903320312
2.27999806404,-0.03091796875,0.661689453125
2.28206300735,0.35921875,1.16510742187
2.28414011002,0.071865234375,1.16657226562
2.28621101379,0.1433984375,0.53498046875
2.28827905655,0.19076171875,1.41071289062
2.29035496712,-0.138095703125,0.843818359375
2.29241895676,0.482021484375,0.92169921875
2.29449009895,-0.060947265625,1.09162109375
2.29655790329,0.212734375,1.01837890625
2.29862594604,-0.037265625,1.006171875
2.30069303513,0.353603515625,0.827705078125
2.30276107788,0.008388671875,0.641669921875
2.30483293533,0.237880859375,0.96955078125
2.30690097809,-0.0665625,1.51911132812
2.30897307396,0.38607421875,0.53546875
2.31104207039,-0.141025390625,0.819892578125
2.31311392784,0.53109375,1.52790039062
2.31518697739,-0.363681640625,0.713935546875
2.31725096703,0.5047265625,0.81037109375
2.31931304932,-0.009921875,1.32501953125
2.32137489319,0.163662109375,0.7024609375
2.32343888283,0.1053125,1.28717773437
2.32551193237,0.0457421875,0.92658203125
2.32757997513,0.332607421875,0.70978515625
2.32964611053,-0.03677734375,1.28229492187
2.33171892166,0.26791015625,1.2610546875
2.33378911018,0.2430078125,1.37360351562
2.3358631134,0.15365234375,0.584541015625
2.33793091774,0.115078125,0.896064453125
2.33999705315,0.149990234375,1.32892578125
2.3420650959,0.22982421875,1.03498046875
2.3441400528,-0.07095703125,0.4505078125
2.34620690346,0.388271484375,1.52887695312
2.34827899933,0.024501953125,0.719794921875
2.35034489632,0.236904296875,1.01251953125
2.35241293907,-0.016025390625,0.840888671875
2.3544819355,0.15560546875,1.30573242187
2.3565518856,0.216640625,0.88751953125
2.35861897469,0.146328125,0.830390625
2.36068201065,0.19271484375,0.737861328125
2.36274909973,0.332119140625,0.968818359375
2.36482095718,0.14779296875,1.53272216797
2.36688995361,0.126796875,0.2815625
2.36895799637,0.118984375,1.02594726562
2.37103009224,0.0398828125,1.45685546875
2.37310791016,0.3230859375,0.77716796875
2.37517595291,-0.057529296875,0.902412109375
2.37724399567,0.295498046875,0.78791015625
2.37930989265,-0.0509375,1.52936523437
2.38138198853,0.396328125,0.699287109375
2.38345098495,-0.14126953125,0.67755859375
2.38551807404,0.25375,1.23029296875
2.38758611679,0.0789453125,1.36310546875
2.38965296745,0.453701171875,1.5012890625
2.39172196388,-0.207431640625,0.857734375
2.39379000664,0.305751953125,0.91486328125
2.39585494995,0.028896484375,1.14704101562
2.39792490005,0.261806640625,0.654609375
2.39999008179,0.12240234375,1.53272216797
2.40205693245,0.1512109375,0.664130859375
2.40412592888,0.009365234375,0.71271484375
2.40619301796,0.28890625,1.38361328125
2.40833997726,0.162685546875,0.8548046875
2.41041707993,0.082607421875,1.0598828125
2.41248488426,0.084072265625,0.709296875
2.41461610794,0.30306640625,0.609443359375
2.41668391228,0.002529296875,1.1614453125
2.41875100136,0.19759765625,0.989814453125
2.42081904411,0.06087890625,0.775947265625
2.42288708687,0.347255859375,1.334296875
2.4249560833,-0.067294921875,0.687568359375
2.42702102661,0.37435546875,1.2346875
2.42908906937,-0.088779296875,0.968818359375
2.43115496635,0.292080078125,0.70392578125
2.43322491646,0.131923828125,1.52765625
2.43529295921,0.0945703125,0.513984375
2.43736004829,0.065029296875,0.8977734375
2.43942689896,0.088466796875,1.478828125
2.44149208069,0.28109375,0.442939453125
2.44360303879,0.088955078125,0.412421875
2.44566988945,0.25130859375,1.53272216797
2.44773888588,0.001796875,0.53595703125
2.44980502129,0.091640625,1.01276367187
2.45187401772,0.231044921875,1.37946289062
2.45394992828,0.12142578125,0.350166015625
2.45602107048,0.121181640625,1.351875
2.45808792114,0.0379296875,1.12647216797
2.46015501022,0.159267578125,0.400703125
2.4622220993,0.251064453125,1.52594726562
2.46429610252,0.11556640625,0.626472167969
2.46636605263,0.134853515625,0.84845703125
2.46843290329,0.076259765625,1.52716796875
2.47050189972,0.0769921875,1.52301757812
2.47257494926,0.022548828125,0.33576171875
2.47465205193,0.107998046875,1.15973632812
2.47673010826,0.103115234375,1.44831054687
2.47880411148,0.091884765625,0.147041015625
2.48087310791,0.283779296875,1.47370117187
2.48294496536,0.0144921875,1.22736328125
2.48501396179,0.28744140625,0.202216796875
2.48707795143,-0.09439453125,1.52765625
2.4891409874,0.2254296875,0.704597167969
2.49120807648,0.042080078125,0.594794921875
2.49327802658,0.108486328125,1.51715820312
2.4953520298,0.168056640625,0.642097167969
2.49742007256,0.22005859375,0.418037109375
2.49949407578,-0.003330078125,0.217353515625
2.50155997276,0.28451171875,1.53272216797
2.50363397598,0.14193359375,0.2024609375
2.50570201874,0.089931640625,0.678291015625
2.50777101517,0.18099609375,1.53272216797
2.5098400116,0.046474609375,0.377265625
2.51190805435,0.17708984375,0.42560546875
2.51397705078,0.127041015625,1.52619140625
2.51604390144,0.300625,0.329597167969
2.51811599731,0.033779296875,0.266669921875
2.5201818943,0.23470703125,1.5305859375
2.52224588394,0.173671875,0.0170971679687
2.52431106567,0.00912109375,0.73078125
2.52637290955,0.284267578125,1.51837890625
2.52843594551,-0.038974609375,1.53272216797
2.53050303459,0.233486328125,1.01935546875
2.53257203102,0.083095703125,-0.13298828125
2.53464603424,0.29818359375,1.53272216797
2.536714077,-0.037998046875,1.08234375
2.53878188133,0.303310546875,0.051337890625
2.54084992409,-0.034091796875,1.53272216797
2.54291796684,0.33919921875,1.29834716797
2.54499411583,0.014736328125,0.268623046875
2.54706406593,-0.00259765625,0.877265625
2.54913306236,0.2547265625,1.51935546875
2.55119800568,0.218349609375,0.110847167969
2.55326890945,0.292080078125,0.588203125
2.55533695221,-0.03482421875,1.52326171875
2.55740594864,0.1258203125,1.53205078125
2.55946993828,0.086025390625,1.2356640625
2.56153202057,0.278896484375,0.235908203125
2.56359910965,-0.213291015625,1.03595703125
2.56566500664,0.369716796875,1.53272216797
2.56773209572,0.16244140625,-0.0309375
2.56979990005,0.401943359375,0.795478515625
2.57186698914,-0.130283203125,1.52008789062
2.57394099236,0.324306640625,0.532722167969
2.57600998878,0.003505859375,0.41486328125
2.57807707787,0.362392578125,1.51862304687
2.58014798164,-0.08755859375,1.3909375
2.58222007751,0.089443359375,0.313972167969
2.58429193497,0.170009765625,0.8118359375
2.58635807037,0.41341796875,0.551826171875
2.5884270668,-0.1183203125,1.53272216797
2.59049105644,0.163662109375,0.855537109375
2.59255695343,-0.012607421875,0.5784375
2.5946290493,0.2781640625,1.07306640625
2.59669303894,0.09896484375,1.21125
2.59875702858,0.032802734375,1.34796875
2.60082006454,0.110439453125,0.365791015625
2.60288500786,0.302333984375,1.01374023437
2.6049580574,0.29427734375,1.53180664062
2.60703110695,0.0652734375,0.540595703125
2.6091530323,0.021572265625,0.815009765625
2.6112279892,0.15267578125,1.0735546875
2.61329698563,0.107998046875,0.545966796875
2.61536407471,0.028896484375,1.53272216797
2.61743211746,0.087490234375,0.956611328125
2.6194999218,0.376064453125,0.23126953125
2.62156701088,0.278408203125,1.45783203125
2.6236410141,-0.03384765625,1.03693359375
2.62570905685,0.079921875,1.12580078125
2.62777805328,0.23470703125,0.48078125
2.62984704971,0.070400390625,1.01422851562
2.63192200661,0.095302734375,1.53205078125
2.63399410248,0.0398828125,0.517097167969
2.63606405258,0.3836328125,0.493720703125
2.63813209534,0.32455078125,1.52814453125
2.64019989967,-0.004794921875,0.95587890625
2.64226388931,-0.012119140625,1.291328125
2.64433097839,0.035732421875,1.19538085937
2.6464009285,0.329189453125,0.6262890625
2.64847111702,0.011318359375,0.52130859375
2.65053892136,0.11947265625,1.53272216797
2.65260791779,0.29330078125,1.05475585937
2.65468406677,0.193203125,0.550361328125
2.65675401688,0.038173828125,1.07038085937
2.65882611275,0.110439453125,0.991279296875
2.66089391708,0.0271875,1.373359375
2.66296291351,0.184169921875,0.860847167969
2.66508507729,0.2000390625,0.59064453125
2.66715502739,0.09994140625,1.19196289062
2.66922593117,0.19759765625,1.072578125
2.67129707336,0.139736328125,1.05939453125
2.67336511612,0.0418359375,1.41217773437
2.67544007301,0.044033203125,0.761787109375
2.67750811577,0.033046875,0.591376953125
2.6795771122,0.33822265625,1.27375
2.68164110184,0.0945703125,1.25177734375
2.68370699883,0.311611328125,0.735847167969
2.68577003479,0.025478515625,0.880439453125
2.68783593178,0.21322265625,0.99787109375
2.68990111351,0.136806640625,1.1360546875
2.6919670105,-0.010166015625,1.21344726562
2.69409298897,0.03548828125,0.907722167969
2.69616508484,0.075771484375,0.82306640625
2.69823098183,0.429775390625,0.5442578125
2.70029902458,0.224453125,1.38971679687
2.7023730278,-0.079990234375,0.76544921875
2.70444297791,0.249599609375,1.35993164062
2.7065179348,0.045986328125,0.95392578125
2.70859599113,0.01888671875,0.592353515625
2.71066594124,0.23763671875,1.03034179687
2.71273994446,-0.018466796875,1.19245117187
2.71481704712,0.464931640625,1.03400390625
2.71688508987,0.191494140625,0.954658203125
2.71895503998,0.114833984375,0.642097167969
2.72102403641,0.174892578125,0.9309765625
2.72309803963,-0.06705078125,0.597236328125
2.72516608238,0.2332421875,1.52790039062
2.72723698616,0.042568359375,0.9798046875
2.72930288315,0.332119140625,0.580146484375
2.73136806488,0.310390625,1.295234375
2.73343801498,0.013271484375,0.831123046875
2.73550605774,0.304287109375,0.69806640625
2.73757195473,-0.091708984375,1.52228515625
2.73963999748,0.031826171875,0.954597167969
2.74171090126,0.11751953125,0.592841796875
2.74378108978,0.056728515625,1.07965820312
2.745855093,0.5633203125,1.02765625
2.74792408943,0.04623046875,0.938544921875
2.74999308586,0.037197265625,1.50055664062
2.75206494331,-0.156162109375,1.36286132812
2.75414609909,0.0105859375,0.88751953125
2.75621700287,0.25521484375,0.65314453125
2.75828909874,0.029140625,1.217109375
2.76036310196,0.48470703125,1.08747070312
2.76243591309,0.016689453125,0.6360546875
2.76450800896,-0.05630859375,1.53272216797
2.76657509804,0.399501953125,0.546943359375
2.7686419487,-0.140537109375,0.6204296875
2.77070593834,0.00423828125,1.37970703125
2.77277088165,0.26400390625,1.25153320312
2.77484488487,0.170986328125,0.542060546875
2.77691197395,0.47640625,1.22418945312
2.77898597717,0.074306640625,1.53272216797
2.78105401993,0.229091796875,0.458076171875
2.78312397003,-0.076328125,0.957587890625
2.78519105911,-0.025546875,1.12897460937
2.78726291656,0.3777734375,1.05231445312
2.78933596611,0.076259765625,0.833076171875
2.79140496254,0.421474609375,1.16486328125
2.79347300529,-0.208896484375,0.938972167969
2.79554104805,0.40658203125,0.543037109375
2.79761600494,-0.209873046875,1.36310546875
2.79968190193,0.081630859375,1.22321289062
2.80175495148,0.122890625,0.7708203125
2.80382490158,0.1394921875,1.06305664062
2.80589795113,0.423671875,1.0637890625
2.80796408653,-0.136630859375,1.28864257812
2.81003808975,0.259609375,0.43830078125
2.81216788292,-0.09244140625,1.3059765625
2.81424689293,0.0223046875,1.04376953125
2.81630897522,0.31087890625,0.74689453125
2.81837296486,-0.004794921875,1.12409179687
2.82044410706,0.49203125,1.06354492187
2.82251691818,0.04330078125,0.724921875
2.82464194298,0.211513671875,0.9251171875
2.82670998573,-0.195712890625,1.22052734375
2.82877588272,0.06380859375,1.22565429687
2.83084893227,0.066494140625,0.58625
2.83291602135,0.252041015625,0.525947265625
2.83498692513,0.27328125,1.40387695312
2.83705806732,-0.001376953125,1.33991210937
2.83913111687,0.271083984375,0.338203125
2.84119796753,-0.092685546875,1.201484375
2.84326601028,0.016689453125,1.22931640625
2.84533190727,0.07650390625,0.73859375
2.84739899635,0.214443359375,0.82599609375
2.84946608543,0.366787109375,1.48590820312
2.85154008865,0.085537109375,0.610847167969
2.85362005234,0.139736328125,0.806953125
2.85568499565,-0.03384765625,1.27790039062
2.85775399208,-0.018466796875,1.04547851562
2.85982489586,0.115078125,0.78107421875
2.8618888855,0.122890625,0.4387890625
2.86395597458,0.346279296875,1.25763671875
2.86602401733,-0.016513671875,1.3001171875
2.86809206009,0.172939453125,0.6721875
2.87015795708,-0.1163671875,1.05573242187
2.87223005295,0.028896484375,0.89728515625
2.8743019104,0.261318359375,1.16461914062
2.87637495995,0.03158203125,0.45734375
2.8784430027,0.408291015625,1.517890625
2.8805129528,-0.07681640625,0.9544140625
2.88257908821,0.247646484375,0.77814453125
2.8846540451,-0.07681640625,1.1966015625
2.88672089577,0.006435546875,0.8919140625
2.88878703117,0.197841796875,1.09845703125
2.89085793495,0.29525390625,0.647041015625
2.89292311668,0.264248046875,0.99396484375
2.89498710632,0.047939453125,1.1633984375
2.89704990387,0.085537109375,0.9290234375
2.8991150856,-0.03482421875,1.32184570312
2.90119194984,-0.091953125,0.4270703125
2.90326309204,0.251796875,1.4583203125
2.9053299427,0.198330078125,0.544501953125
2.90739607811,0.44759765625,1.08844726562
2.90947008133,0.048916015625,1.17584960937
2.91154193878,-0.07974609375,0.884833984375
2.91361808777,-0.027255859375,1.38385742187
2.91568994522,0.0125390625,0.4231640625
2.91775798798,0.331142578125,1.38361328125
2.91982293129,0.1805078125,1.2786328125
2.9218890667,0.092373046875,1.04303710937
2.92396306992,0.10140625,0.890693359375
2.92602992058,0.110439453125,0.78546875
2.92809796333,-0.06998046875,1.17633789062
2.93016910553,0.142666015625,1.11139648437
2.93223810196,0.13998046875,0.685126953125
2.93430399895,0.149990234375,1.3059765625
2.93636798859,0.1590234375,1.07990234375
2.93843197823,-0.030185546875,0.878974609375
2.94049811363,0.1726953125,0.7219921875
2.94256496429,-0.08072265625,1.2122265625
2.94463610649,0.15072265625,1.22022216797
2.94670701027,0.17806640625,0.6301953125
2.94877505302,0.413662109375,1.00055664062
2.95084691048,0.077236328125,0.883125
2.95291495323,-0.13833984375,1.017890625
2.95498490334,0.1316796875,1.53272216797
2.95705389977,-0.19205078125,0.11505859375
2.95912194252,0.3777734375,1.52375
2.9611890316,0.18587890625,0.858466796875
2.9632589817,0.251796875,0.842109375
2.96532797813,0.116298828125,0.977607421875
2.96739792824,-0.185703125,1.05548828125
2.96949696541,0.134853515625,1.4563671875
2.97156405449,-0.10611328125,0.255439453125
2.97363209724,0.251552734375,1.52423828125
2.97569704056,0.127041015625,1.34918945312
2.97776603699,0.140224609375,1.33234375
2.97983193398,-0.099033203125,0.849677734375
2.98189902306,0.12435546875,0.8958203125
2.98396801949,-0.127353515625,0.794013671875
2.98603606224,0.27767578125,1.53272216797
2.98810696602,0.140224609375,0.28693359375
2.99017190933,0.1629296875,1.1458203125
2.99223899841,0.17416015625,1.3255078125
2.99430894852,-0.18619140625,1.01862304687
2.99638009071,0.2312890625,0.983955078125
2.99844789505,-0.205966796875,0.58576171875
3.00051593781,0.3191796875,1.5266796875
3.00258708,0.1902734375,0.3567578125
3.0046620369,0.23763671875,1.05426757812
3.00673389435,-0.011142578125,0.814033203125
3.00880002975,0.031826171875,0.88361328125
3.01086401939,-0.099033203125,1.35236328125
3.01292800903,0.132900390625,0.93
3.01506090164,0.111171875,0.6223828125
3.01713109016,0.054775390625,1.38654296875
3.01919794083,0.192470703125,1.18903320312
3.02126598358,-0.13931640625,0.82013671875
3.02333903313,0.16830078125,0.7649609375
3.02540898323,-0.213291015625,1.0950390625
3.02748203278,0.224697265625,1.37647216797
3.02954792976,0.188076171875,0.301337890625
3.03161501884,0.204677734375,0.8665234375
3.03368902206,0.142666015625,0.96955078125
3.03575897217,-0.19107421875,0.814033203125
3.03782510757,0.105556640625,1.51447265625
3.03989005089,-0.15298828125,0.34162109375
3.04196190834,0.24203125,1.18317382812
3.04410600662,-0.019931640625,1.224921875
3.04617404938,0.26400390625,1.11041992187
3.0482480526,-0.0382421875,0.8098828125
3.05031704903,0.00228515625,0.87384765625
3.05238699913,-0.12955078125,1.33454101562
3.05446600914,-0.00015625,0.876472167969
3.05653500557,0.170009765625,0.54083984375
3.05860209465,0.27767578125,0.767158203125
3.06066989899,0.160732421875,1.2395703125
3.06273388863,-0.275302734375,1.0071484375
3.06480002403,0.021328125,1.2649609375
3.06686496735,-0.240634765625,0.217353515625
3.0689330101,0.285,1.53272216797
3.07099699974,0.150234375,0.8040234375
3.07311010361,0.099453125,0.914130859375
3.07517910004,0.021572265625,1.11505859375
3.07724690437,-0.099033203125,0.71076171875
3.07931494713,-0.060458984375,1.39484375
3.08138203621,0.01400390625,0.595222167969
3.08345103264,0.156337890625,0.953193359375
3.08552193642,0.178798828125,1.008125
3.0875890255,0.222255859375,1.181953125
3.08965802193,-0.328037109375,1.0540234375
3.09173107147,0.231533203125,1.08649414062
3.09380292892,-0.44107421875,0.2473828125
3.09585499763,0.19271484375,1.53272216797
3.09790301323,0.1590234375,0.52521484375
3.09994888306,0.107998046875,0.949287109375
3.10199689865,0.172451171875,1.17780273437
3.10414004326,-0.405673828125,0.789375
3.10620808601,0.146572265625,1.31842773437
3.10828495026,-0.29849609375,0.392097167969
3.11035299301,0.17171875,1.29328125
3.11242198944,-0.25552734375,1.14142578125
3.1144900322,0.270595703125,1.2337109375
3.11655497551,-0.171298828125,0.981025390625
3.11862206459,0.067958984375,1.00690429687
3.12069511414,-0.261875,0.474921875
3.12276291847,-0.0714453125,1.53272216797
3.12483406067,0.268642578125,0.467841796875
3.12690401077,0.27572265625,0.83234375
3.12897205353,-0.3116796875,1.4221875
3.13103890419,-0.173740234375,0.8977734375
3.13311195374,0.2332421875,0.977119140625
3.13518309593,0.043544921875,0.532722167969
3.13725090027,-0.016513671875,1.44879882812
3.13932299614,-0.3683203125,1.04352539062
3.14139294624,0.09798828125,1.09528320312
3.14346599579,-0.21451171875,0.672431640625
3.14553403854,0.2527734375,1.256171875
3.14760088921,-0.359287109375,0.574287109375
3.14966988564,-0.19205078125,1.53272216797
3.15173602104,0.00619140625,0.497138671875
3.15380692482,-0.037265625,1.05133789062
3.15587902069,0.086025390625,1.10041015625
3.15794706345,-0.03873046875,0.949775390625
3.1600151062,-0.15494140625,1.1067578125
3.16208291054,-0.11001953125,0.626472167969
3.16415810585,-0.205966796875,1.18439453125
3.1662299633,-0.156650390625,1.24274414062
3.16830205917,0.013515625,0.881416015625
3.17036795616,-0.093173828125,0.854560546875
3.17243599892,-0.03970703125,1.23834960937
3.17451095581,-0.219150390625,0.1878125
3.17657709122,-0.22037109375,1.53272216797
3.17863893509,-0.27017578125,0.67462890625
3.18070197105,-0.006748046875,1.05915039062
3.18277001381,0.015712890625,0.95978515625
3.18483495712,-0.27798828125,1.07599609375
3.18690109253,-0.04458984375,1.12775390625
3.18896698952,-0.145419921875,0.454597167969
3.19103503227,-0.349765625,1.24909179687
3.19311189651,-0.373203125,1.19000976562
3.1951880455,-0.000888671875,0.892097167969
3.19725799561,-0.1671484375,0.85822265625
3.19932603836,-0.09244140625,1.0247265625
3.20139193535,-0.138828125,0.442451171875
3.2034599781,-0.244296875,1.53272216797
3.20552802086,-0.11490234375,0.497138671875
3.20759510994,-0.16470703125,1.05060546875
3.2096619606,-0.025791015625,1.38971679687
3.21173596382,0.015224609375,0.76154296875
3.21380805969,0.047939453125,0.91388671875
3.2159640789,0.0301171875,0.80744140625
3.21803998947,-0.335849609375,1.30451171875
3.22010803223,-0.087314453125,0.83625
3.22217488289,-0.11880859375,0.982001953125
3.22424411774,-0.048984375,1.32135742187
3.22631001472,0.087978515625,1.42755859375
3.22837400436,0.131923828125,0.475166015625
3.23044109344,-0.222080078125,1.22443359375
3.23250794411,-0.168369140625,0.76251953125
3.23463392258,-0.22525390625,1.31598632812
3.23671793938,-0.136142578125,1.185859375
3.23878502846,0.08431640625,0.8587109375
3.24085307121,0.018642578125,0.900458984375
3.2429189682,0.291103515625,1.04834716797
3.24499106407,-0.34830078125,0.948310546875
3.24705791473,-0.173740234375,1.17975585937
3.2491300106,-0.4025,0.85431640625
3.25119590759,-0.196201171875,1.03888671875
3.25326490402,0.14486328125,1.28815429687
3.25533795357,0.229091796875,0.849677734375
3.25740408897,3.486171875,1.02765625
3.25947499275,-0.111728515625,0.8821484375
3.26154208183,3.52254882813,1.15583007812
3.26362204552,-0.187412109375,0.97443359375
3.26568889618,0.1277734375,1.18854492187
3.26776003838,0.0066796875,0.72443359375
3.26982998848,0.315029296875,1.24811523437
3.27190089226,-0.3956640625,0.5403515625
3.27396798134,3.51791015625,1.41168945312
3.27604007721,-0.40298828125,0.90265625
3.27810788155,-0.27701171875,0.612373046875
3.2801759243,0.0428125,0.795234375
3.28224205971,0.29525390625,1.12091796875
3.28431200981,3.48568359375,0.77423828125
3.28638100624,-0.3155859375,1.025703125
3.288449049,3.48934570313,1.14337890625
3.29052305222,-0.0558203125,0.91779296875
3.29259204865,-0.231357421875,1.2805859375
3.29466700554,-0.0616796875,0.48859375
3.29673504829,-0.119296875,1.428046875
3.29880309105,-0.181064453125,0.68537109375
3.30087208748,-0.10806640625,1.10529296875
3.30293798447,0.05306640625,0.937568359375
3.3050069809,-0.20865234375,1.01129882812
3.30707907677,0.00912109375,1.2278515625
3.30914402008,0.001552734375,1.51618164062
3.31121301651,-0.222568359375,0.322333984375
3.31328105927,-0.01529296875,1.07868164062
3.31535291672,-0.0460546875,1.41754882812
3.31742811203,-0.2081640625,0.76447265625
3.31949591637,-0.0226171875,0.98859375
3.3215610981,3.5262109375,0.5325390625
3.32363510132,-0.15201171875,1.51984375
3.32570505142,-0.08755859375,0.697822265625
3.32777500153,-0.008701171875,0.923347167969
3.32984304428,-0.014560546875,0.875556640625
3.33191108704,-0.269931640625,1.39264648437
3.3339869976,-0.0821875,0.96125
3.33605408669,-0.307529296875,0.46369140625
3.33812093735,0.056484375,0.378486328125
3.34018802643,0.0066796875,1.08869140625
3.34225511551,-0.097080078125,1.15021484375
3.34432291985,-0.190830078125,1.2180859375
3.34638690948,-0.11734375,0.753486328125
3.34844899178,-0.29947265625,0.4876171875
3.35051393509,-0.165927734375,1.46686523437
3.35258293152,-0.326572265625,1.02790039062
3.35466098785,0.0828515625,1.00543945312
3.35673499107,-0.114169921875,0.582587890625
3.35880303383,-0.1730078125,1.46784179687
3.36087608337,-0.1808203125,1.11823242187
3.3629488945,-0.082431640625,0.720222167969
3.36502599716,-0.04361328125,0.651435546875
3.36709904671,0.03890625,1.01178710937
3.36916995049,-0.122958984375,0.911689453125
3.37123990059,-0.18814453125,1.34650390625
3.37330889702,-0.02994140625,0.94953125
3.3753759861,-0.28189453125,0.51837890625
3.37744307518,0.04427734375,1.19000976562
3.3795170784,-0.34927734375,1.04010742187
3.38159108162,0.0379296875,1.4173046875
3.3836619854,-0.268955078125,0.5169140625
3.38572788239,-0.04068359375,1.0266796875
3.38779091835,-0.257724609375,1.00446289062
3.38985705376,-0.024814453125,1.38654296875
3.39192390442,-0.087802734375,0.455390625
3.39399504662,-0.068515625,1.14411132812
3.39606809616,-0.1398046875,0.4778515625
3.3981359005,-0.1163671875,1.22418945312
3.40020799637,-0.159091796875,1.26325195312
3.40228104591,-0.050693359375,0.93244140625
3.40438389778,-0.037265625,0.4837109375
3.40651798248,-0.17984375,1.221015625
3.40860700607,0.0965234375,1.4192578125
3.41068005562,-0.27310546875,0.727607421875
3.41275191307,0.0516015625,0.750068359375
3.41482305527,3.48495117188,0.81671875
3.41690397263,-0.05533203125,1.52790039062
3.41910600662,-0.21353515625,1.33844726562
3.42118811607,0.048671875,1.1438671875
3.42325901985,-0.238193359375,0.74591796875
3.42532992363,-0.01822265625,0.92609375
3.42739796638,-0.397373046875,0.986396484375
3.42946791649,-0.113193359375,1.41486328125
3.43153595924,-0.064853515625,0.555
3.43360805511,0.04427734375,1.15265625
3.43567609787,0.011806640625,0.79962890625
3.43774604797,-0.329013671875,1.30255859375
3.43981289864,0.065517578125,0.961494140625
3.44188189507,-0.418125,0.373115234375
3.44395089149,0.01546875,0.4114453125
3.44601607323,-0.097080078125,1.21271484375
3.44807910919,0.13607421875,1.12067382812
3.4501490593,-0.40884765625,1.01666992187
3.4522190094,0.149990234375,1.01813476562
3.45429491997,3.43221679688,0.423408203125
3.45636796951,0.033779296875,1.44391601562
3.45844006538,-0.308017578125,1.03620117187
3.46051192284,0.008388671875,1.07379882812
3.46258592606,-0.009677734375,0.50763671875
3.46465992928,-0.271396484375,1.37921875
3.4667289257,-0.045810546875,1.1829296875
3.46879792213,-0.261630859375,0.751472167969
3.47086405754,0.1863671875,0.701484375
3.47292995453,-0.017978515625,1.03620117187
3.47500801086,0.115810546875,0.77521484375
3.47707891464,-0.37125,1.3743359375
3.4791469574,0.03939453125,0.94171875
3.48121404648,-0.377109375,0.715888671875
3.48328304291,0.165859375,0.856025390625
3.48534798622,-0.27994140625,1.22833984375
3.48741197586,0.169521484375,1.35797851562
3.48948192596,-0.363193359375,0.51837890625
3.4915471077,0.036953125,1.14923828125
3.49362206459,-0.399814453125,0.832099609375
3.49569010735,-0.103916015625,1.36725585937
3.49776291847,0.053310546875,0.57306640625
3.49983096123,0.215419921875,1.40094726562
3.5019030571,-0.351962890625,0.5696484375
3.50397205353,0.007900390625,1.02936523437
3.50604510307,-0.259677734375,1.04791992187
3.50812005997,-0.197421875,1.31671875
3.5101890564,0.17611328125,0.544013671875
3.51225805283,-0.188876953125,0.89044921875
3.5143289566,0.335537109375,1.3528515625
3.51639795303,3.48104492188,1.0598828125
3.51847100258,0.165859375,0.722724609375
3.52053904533,3.4012109375,0.571357421875
3.52260708809,0.07552734375,1.52790039062
3.52468204498,-0.246494140625,0.93048828125
3.52674889565,0.011806640625,1.02619140625
3.52881598473,3.47591796875,0.73712890625
3.53087902069,0.153896484375,0.960517578125
3.53294491768,3.44076171875,0.650947265625
3.53501605988,-0.025302734375,1.53272216797
3.53708600998,-0.151767578125,0.756416015625
3.53915405273,0.003017578125,1.11603515625
3.54122209549,-0.0128515625,0.73029296875
3.54329204559,-0.355625,1.28034179687
3.54536509514,-0.030185546875,1.06793945312
3.54743599892,-0.349033203125,0.688972167969
3.54950594902,0.26791015625,0.854072265625
3.55157494545,-0.40298828125,1.1438671875
3.55364704132,0.26986328125,1.48004882812
3.55572009087,3.53353515625,1.30573242187
3.55779504776,0.04818359375,0.91291015625
3.55985999107,3.54012695313,0.5383984375
3.56193304062,0.257900390625,1.20905273437
3.56400990486,-0.4386328125,1.1048046875
3.56607699394,0.16537109375,1.27326171875
3.56814002991,-0.266513671875,0.608466796875
3.57020401955,-0.0694921875,1.12287109375
3.57226800919,-0.20572265625,0.99640625
3.57433605194,-0.224521484375,1.33795898437
3.57640790939,0.174892578125,0.515205078125
3.57847690582,-0.0968359375,1.01837890625
3.58054590225,0.192470703125,1.3157421875
3.58261299133,-0.425205078125,0.90705078125
3.58468294144,0.0066796875,0.866767578125
3.58675098419,-0.08462890625,1.08942382812
3.58882594109,0.259609375,0.724189453125
3.59089207649,-0.221103515625,1.08063476562
3.59296488762,0.333583984375,1.1907421875
3.59508395195,3.36971679688,0.84064453125
3.59715604782,0.236904296875,0.995185546875
3.59922504425,3.314296875,0.591376953125
3.60128998756,0.09310546875,1.50958984375
3.60336208344,-0.355625,0.822333984375
3.60542607307,0.16146484375,1.1887890625
3.60748791695,-0.12857421875,0.673408203125
3.60955405235,-0.2316015625,1.35602539062
3.61162304878,-0.07291015625,0.93
3.61369109154,0.03060546875,1.46198242187
3.61576104164,-0.16421875,0.772529296875
3.6178278923,0.025966796875,1.05353515625
3.61996889114,0.08333984375,0.82111328125
3.62204504013,-0.375400390625,1.1966015625
3.62412190437,0.05990234375,1.00958984375
3.62618994713,3.5105859375,0.767097167969
3.62825608253,0.28353515625,0.80841796875
3.63032603264,3.45711914063,1.25446289062
3.63240194321,0.361416015625,1.36237304687
3.6344769001,3.4617578125,0.466865234375
3.63654494286,0.095546875,1.322578125
3.63861298561,3.38436523438,0.700751953125
3.64068889618,0.263759765625,1.1048046875
3.64275407791,-0.437900390625,1.17633789062
3.64482998848,0.148037109375,1.162421875
3.64689803123,-0.27701171875,0.66193359375
3.64896607399,-0.157626953125,1.24469726562
3.65103888512,-0.127841796875,0.806953125
3.65311098099,-0.33853515625,1.37384765625
3.6551759243,0.27376953125,0.471015625
3.65723705292,-0.219150390625,1.12555664062
3.6593079567,0.273037109375,1.18708007812
3.66138100624,3.48641601563,0.9622265625
3.66345405579,0.13021484375,0.915107421875
3.66552400589,3.40877929688,0.695625
3.66759705544,0.35775390625,0.71564453125
3.66966605186,-0.3722265625,1.00568359375
3.67173194885,0.447109375,1.28717773437
3.67380595207,3.31991210938,0.769599609375
3.67588090897,0.150234375,1.00470703125
3.67795109749,3.45174804688,0.647041015625
3.68002390862,0.046474609375,1.44733398437
3.68209600449,-0.27017578125,0.7688671875
3.68417096138,0.033779296875,1.32624023437
3.68624305725,-0.0890234375,0.632880859375
3.68831110001,-0.278720703125,1.26666992187
3.69038200378,0.003017578125,0.972724609375
3.6924469471,-0.415927734375,0.958564453125
3.6945130825,-0.1026953125,0.961982421875
3.69657707214,0.044033203125,0.947822265625
3.69864106178,0.023525390625,0.7415234375
3.70070505142,-0.345126953125,1.42194335937
3.7027759552,0.005703125,0.832099609375
3.7048459053,3.53719726563,0.80890625
3.70691800117,0.318203125,0.821357421875
3.70898509026,3.43270507813,1.25421875
3.71105599403,0.419521484375,1.33380859375
3.71312689781,3.43465820313,0.48224609375
3.71520090103,0.1336328125,1.29108398437
3.71727204323,3.5115625,0.759345703125
3.71933889389,-0.083896484375,1.42194335937
3.72141194344,0.151943359375,0.508857421875
3.72348403931,0.270595703125,1.25397460937
3.72555804253,-0.391025390625,0.6966015625
3.72762608528,-0.031650390625,0.97443359375
3.72969698906,-0.2003515625,1.17267578125
3.73176288605,-0.28384765625,1.15387695312
3.73383498192,0.27474609375,0.54669921875
3.73590111732,-0.222080078125,1.22541015625
3.73796796799,0.233486328125,1.06012695312
3.74003791809,3.4969140625,1.01642578125
3.74210596085,0.128017578125,0.85822265625
3.74418091774,3.43465820313,0.760322265625
3.74625492096,0.165859375,1.189765625
3.74832201004,3.49520507813,0.906318359375
3.75039601326,0.289638671875,1.03302734375
3.75246405602,3.41219726563,1.06891601562
3.75459909439,0.20638671875,0.890693359375
3.75666689873,3.37655273438,0.65119140625
3.75873994827,0.126552734375,1.26666992187
3.76081204414,-0.34732421875,1.01740234375
3.76287698746,0.186123046875,1.26154296875
3.76494693756,-0.212802734375,0.42169921875
3.76701498032,-0.293125,1.45612304687
3.76908493042,0.0594140625,1.0208203125
3.77115297318,3.52499023438,0.8274609375
3.77323007584,0.433193359375,0.666572265625
3.77533006668,3.46590820313,1.2356640625
3.77740502357,0.1453515625,0.8821484375
3.77947092056,3.53353515625,1.263984375
3.78153610229,0.1336328125,0.926826171875
3.78360509872,3.39315429688,0.69806640625
3.78567290306,0.52279296875,0.998359375
3.78773999214,3.44930664063,1.12189453125
3.78981399536,0.297939453125,1.28205078125
3.79188108444,3.49154296875,0.784736328125
3.79394888878,0.05111328125,1.04108398437
3.79602193832,-0.192783203125,0.88556640625
3.79809403419,-0.318515625,1.42096679687
3.80016708374,0.239833984375,0.5794140625
3.80223298073,-0.18130859375,1.15729492187
3.80430698395,0.232998046875,0.680244140625
3.80637788773,0.002041015625,1.1516796875
3.80844688416,-0.32974609375,0.892890625
3.81051301956,-0.123203125,1.24420898437
3.81258702278,0.156337890625,0.710517578125
3.81466388702,-0.14908203125,0.971259765625
3.81673288345,0.28451171875,1.084296875
3.8188021183,3.44271484375,1.115546875
3.82086801529,0.228115234375,0.88458984375
3.82298803329,3.34212890625,0.7141796875
3.82512307167,0.22005859375,1.1096875
3.82718992233,3.49325195313,1.21564453125
3.82926392555,0.28744140625,1.1204296875
3.83132910728,3.259609375,0.861640625
3.83339500427,0.2762109375,0.913154296875
3.83546495438,3.36458984375,0.650703125
3.83753299713,0.177333984375,1.41266601562
3.83960700035,-0.30435546875,0.908759765625
3.84167599678,0.062099609375,1.14459960937
3.84375190735,-0.12173828125,0.611640625
3.8458199501,-0.293857421875,1.37458007812
3.8478910923,0.080166015625,1.03131835937
3.84996604919,3.5203515625,0.911201171875
3.85203099251,0.42708984375,0.6907421875
3.8541469574,3.4803125,1.12799804687
3.85622000694,0.4734765625,1.28791015625
3.85828709602,-0.384189453125,1.46784179687
3.86036109924,0.040126953125,0.876044921875
3.86243009567,3.5105859375,0.70001953125
3.86450004578,0.458583984375,1.049140625
3.86656904221,3.45052734375,1.04450195312
3.8686439991,0.388759765625,1.35700195312
3.87071990967,3.36703125,0.664130859375
3.8727850914,0.1678125,1.09577148437
3.87485790253,-0.34341796875,0.799384765625
3.87692308426,-0.142734375,1.35456054687
3.87899208069,0.127529296875,0.751533203125
3.88106107712,-0.13931640625,1.00641601562
3.88313794136,0.320400390625,0.891181640625
3.8852159977,0.03890625,1.14801757812
3.88728690147,-0.29556640625,0.883857421875
3.88935399055,-0.184482421875,1.41681640625
3.89142394066,0.239833984375,0.5628125
3.89349389076,-0.19693359375,1.05353515625
3.89556097984,0.319912109375,1.09870117187
3.89763402939,3.47860351563,1.0149609375
3.89970803261,0.1512109375,0.95587890625
3.90177488327,3.48934570313,0.627265625
3.90385007858,0.105556640625,1.2473828125
3.90591788292,-0.42642578125,1.0637890625
3.90798401833,0.324794921875,1.20685546875
3.91005110741,-0.332919921875,0.566962890625
3.91211700439,-0.033115234375,1.3098828125
3.91419196129,3.44271484375,0.7903515625
3.91625595093,0.19515625,1.1477734375
3.91831994057,3.50814453125,0.947578125
3.92038607597,0.32455078125,1.37262695312
3.92245793343,-0.266025390625,0.52912109375
3.92457890511,-0.132724609375,1.23444335937
3.92665600777,-0.170810546875,1.10236328125
3.92872405052,-0.246982421875,0.986640625
3.93079090118,0.319912109375,0.58966796875
3.93285799026,-0.347568359375,1.16291015625
3.93492698669,0.2928125,1.21002929687
3.9369969368,3.37362304688,0.800849609375
3.93906807899,0.24740234375,0.948798828125
3.94113492966,-0.32388671875,0.838935546875
3.94320392609,0.2879296875,0.809638671875
3.94526910782,3.5428125,1.05133789062
3.94734096527,0.390224609375,1.33161132812
3.94941401482,3.392421875,0.814521484375
3.95148205757,0.166591796875,0.98419921875
3.95359802246,3.48861328125,0.895576171875
3.95566797256,0.056240234375,1.40338867187
3.95774006844,-0.087314453125,0.703193359375
3.95980596542,0.07796875,1.08600585937
3.96187496185,0.01302734375,0.747138671875
3.96394395828,-0.300693359375,1.32599609375
3.96600604057,0.049404296875,0.908271484375
3.96807003021,-0.038974609375,1.35553710937
3.97014307976,-0.01138671875,0.600654296875
3.97221302986,0.039150390625,1.01178710937
3.97428894043,0.2000390625,0.982001953125
3.97635698318,3.48470703125,1.14850585937
3.97843003273,0.1726953125,0.867255859375
3.98049807549,3.41610351563,0.701728515625
3.98257088661,0.283046875,1.2005078125
3.98464298248,3.4344140625,1.06891601562
3.98671793938,0.34798828125,1.21369140625
3.98878693581,-0.392734375,0.53205078125
3.99085402489,0.032314453125,1.41681640625
3.99292206764,-0.252353515625,0.841865234375
3.99499297142,-0.1437109375,1.13751953125
3.99705910683,3.53475585938,0.838935546875
3.9991300106,0.333095703125,1.42389648437
