0.00035285949707,0.0084716796875,1.00486328125,0.02568
0.00353598594666,-0.0044677734375,1.01096679688,0.14168
0.00665092468262,-0.0042236328125,0.99802734375,-0.05832
0.00974893569946,0.0057861328125,0.9897265625,0.02168
0.012818813324,-0.0017822265625,1.00681640625,0.02168
0.0158808231354,-0.0047119140625,0.99998046875,-0.03032
0.0189528465271,-0.0095947265625,0.9955859375,-0.93832
0.0220439434052,-0.0078857421875,0.9965625,0.04168
0.0251138210297,-0.0034912109375,1.00559570313,0.02168
0.0281908512115,-0.0071533203125,0.998515625,0.01368
0.0312738418579,-0.0012939453125,0.986552734375,-0.00631999999999
0.0343518257141,-0.0047119140625,1.00120117188,-0.93432
0.0374178886414,-0.0076416015625,1.00315429688,0.02568
0.040522813797,0.0060302734375,0.9994921875,0.03768
0.0436189174652,-0.0203369140625,0.99021484375,0.06968
0.0467150211334,-0.0198486328125,0.99802734375,0.03368
0.0498008728027,-0.0008056640625,0.996318359375,0.02968
0.0528569221497,-0.0027587890625,1.00461914063,0.02168
0.0559468269348,-7.32421875e-05,0.9916796875,-0.01432
0.0592060089111,-0.0069091796875,0.996318359375,-0.07432
0.062304019928,-0.0020263671875,1.00681640625,0.14568
0.0654039382935,-0.0027587890625,1.00193359375,0.01368
0.0684938430786,0.0011474609375,1.00071289063,0.00568000000001
0.0716488361359,-0.0012939453125,1.01731445313,0.13368
0.0747458934784,-0.0022705078125,1.00071289063,-0.02632
0.0778439044952,0.0045654296875,0.99705078125,-0.03832
0.0809509754181,-0.0034912109375,0.99802734375,0.04568
0.0840349197388,-0.0025146484375,1.0073046875,-0.03832
0.0871229171753,-0.0076416015625,0.99900390625,-0.04632
0.0902199745178,-0.0008056640625,1.00754882813,-0.02232
0.0933108329773,-0.0066650390625,0.993388671875,0.04968
0.09641289711,-0.0008056640625,1.00706054688,0.04568
0.0995049476624,-0.0008056640625,1.00901367188,0.02168
0.102603912354,-0.0047119140625,0.998515625,0.10968
0.105698823929,-0.0054443359375,0.999736328125,0.02168
0.108789920807,-0.0042236328125,0.996318359375,0.02568
0.111878871918,-0.0095947265625,1.00950195313,0.02568
0.114976882935,-0.0022705078125,0.9965625,0.10568
0.118068933487,-0.0061767578125,1.00828125,0.04968
0.121160030365,-0.0191162109375,0.998515625,-0.93832
0.124246835709,-0.0037353515625,0.99509765625,-0.92632
0.127349853516,0.0001708984375,0.998515625,0.06568
0.130447864532,0.0006591796875,0.995341796875,0.09768
0.133536815643,-0.0017822265625,0.99119140625,0.08968
0.136623859406,0.0004150390625,0.999736328125,0.13368
0.139722824097,-0.0022705078125,1.00413085938,0.10168
0.142820835114,-0.0003173828125,0.9936328125,0.07368
0.145925998688,-0.0044677734375,0.998759765625,0.07768
0.149104833603,-7.32421875e-05,1.00291015625,0.04168
0.152206897736,0.0072509765625,0.988017578125,0.06968
0.155290842056,-0.0027587890625,1.01609375,0.08568
0.158372879028,0.0001708984375,0.98923828125,0.11768
0.16147685051,-0.0034912109375,1.0073046875,0.07368
0.164568901062,0.0028564453125,0.999248046875,0.17768
0.167652845383,-7.32421875e-05,0.99802734375,0.00167999999999
0.170749902725,0.0052978515625,0.992900390625,0.03368
0.173843860626,0.0018798828125,1.00291015625,1.06968
0.176947832108,-7.32421875e-05,1.00510742188,0.02568
0.180058956146,-0.0003173828125,1.01755859375,0.04968
0.183139801025,-0.0044677734375,1.00754882813,-0.01832
0.186241865158,0.0009033203125,0.9877734375,0.15768
0.189338922501,-0.0005615234375,1.0033984375,-0.05432
0.192443847656,0.0013916015625,0.989482421875,-0.05432
0.195523023605,0.0028564453125,0.99216796875,-0.03032
0.198623895645,-0.0010498046875,0.990947265625,0.13768
0.20171880722,-0.0076416015625,0.997294921875,0.01368
0.20480799675,-0.0052001953125,0.999248046875,0.02168
0.207891941071,-0.0076416015625,0.999736328125,-0.93832
0.210984945297,-0.0076416015625,0.9877734375,-0.00232
0.214078903198,0.0067626953125,1.01096679688,0.09368
0.217171907425,-0.0015380859375,0.997294921875,-0.00232
0.220259904861,0.0045654296875,0.99412109375,1.08568
0.22335600853,-0.0064208984375,0.995830078125,0.05768
0.226460933685,-0.0088623046875,1.00120117188,1.06568
0.229604959488,-0.0081298828125,1.0121875,-0.93432
0.232695817947,-0.0042236328125,0.996806640625,0.02168
0.235929965973,-0.0008056640625,0.9975390625,0.00968
0.239019870758,-0.0034912109375,0.986796875,0.10968
0.24211192131,-0.0042236328125,1.01755859375,0.16568
0.245203971863,-7.32421875e-05,0.997783203125,-0.05032
0.248312950134,-0.0015380859375,0.997294921875,1.08968
0.251436948776,-0.0047119140625,1.00120117188,0.02568
0.254524946213,-0.0005615234375,0.991435546875,-0.03432
0.257616996765,-0.0034912109375,0.989482421875,-0.94232
0.260721921921,0.0011474609375,0.99998046875,0.05768
0.263822793961,-0.0039794921875,1.00022460938,0.02568
0.266917943954,0.0004150390625,0.9975390625,0.04568
0.270002841949,-0.0020263671875,1.004375,-0.04632
0.273092985153,-0.0005615234375,1.0033984375,-0.01032
0.276181936264,0.0011474609375,1.00193359375,0.02168
0.279265880585,-7.32421875e-05,0.996318359375,-0.03032
0.282371997833,-0.0034912109375,1.00071289063,0.03368
0.285470962524,-0.0003173828125,1.00266601563,0.06968
0.288625955582,0.0013916015625,1.00266601563,-0.00631999999999
0.291728019714,-0.0069091796875,0.999736328125,0.04168
0.294823884964,-0.0059326171875,1.00876953125,-0.01032
0.297914028168,-0.0025146484375,0.99998046875,1.05768
0.300998926163,0.0001708984375,1.00974609375,0.01768
0.304090976715,-0.0049560546875,0.99998046875,-0.00631999999999
0.307174921036,0.0067626953125,1.0014453125,0.00568000000001
0.310263872147,-0.0034912109375,1.01145507813,0.02568
0.313368797302,-0.0010498046875,1.00950195313,-0.06232
0.316468000412,-0.0015380859375,1.00120117188,0.03768
0.319618940353,-0.0049560546875,1.00364257813,1.08568
0.322717905045,0.0011474609375,1.00291015625,0.10568
0.325810909271,0.0004150390625,1.014140625,0.12568
0.328900814056,0.0011474609375,1.01560546875,0.05768
0.33198595047,0.0016357421875,1.002421875,-0.94632
0.335078954697,-0.0027587890625,0.986552734375,-0.04232
0.338160991669,-0.0012939453125,0.997294921875,-0.00631999999999
0.341252803802,0.0006591796875,0.997783203125,0.07768
0.344355821609,-0.0012939453125,0.994609375,0.01368
0.347451925278,-0.0037353515625,0.998759765625,1.09368
0.350569963455,0.0004150390625,0.997294921875,-0.02632
0.353662014008,-0.0061767578125,0.995830078125,-0.04632
0.356748819351,0.0006591796875,0.996318359375,0.11368
0.359853982925,0.0074951171875,1.00510742188,-0.13432
0.36295580864,0.0067626953125,1.00217773438,0.16168
0.366053819656,-0.0034912109375,0.994609375,-0.06632
0.369141817093,-0.0008056640625,0.998515625,-0.92232
0.372232913971,-0.0003173828125,0.998759765625,0.03768
0.375337839127,-0.0066650390625,1.00852539063,-0.01832
0.37843298912,0.0006591796875,1.002421875,0.02968
0.381515026093,-0.0044677734375,1.00486328125,0.02568
0.384608030319,-0.0025146484375,0.99705078125,0.09368
0.387703895569,0.0040771484375,1.01560546875,0.01368
0.39078783989,-0.0113037109375,1.0014453125,0.05368
0.393886804581,-0.0025146484375,0.990947265625,0.10168
0.39697599411,-0.0059326171875,1.01658203125,-0.03832
0.400125026703,-0.0037353515625,0.9916796875,0.04168
0.40321803093,-0.0034912109375,0.99900390625,0.12968
0.40630197525,-0.0054443359375,1.00120117188,0.03368
0.409406900406,-0.0015380859375,0.998759765625,0.00167999999999
0.412494897842,0.0004150390625,1.00291015625,0.02568
0.415591001511,-0.0037353515625,1.00950195313,1.08168
0.418694972992,0.0023681640625,0.987041015625,0.02568
0.421787977219,0.0016357421875,1.00071289063,0.14968
0.424898862839,-0.0030029296875,0.99607421875,0.05368
0.42799282074,0.0001708984375,1.00388671875,1.05768
0.431129932404,-0.0003173828125,0.998759765625,0.12168
0.434225797653,0.0001708984375,1.00217773438,1.03768
0.437325954437,-0.0034912109375,0.995341796875,0.05368
0.440424919128,0.0016357421875,0.998759765625,1.04968
0.443499803543,-0.0015380859375,0.992900390625,0.08568
0.446588993073,0.0031005859375,1.0053515625,0.14568
0.44969201088,-0.0183837890625,0.9936328125,0.11368
0.452808856964,0.0074951171875,1.00193359375,0.02968
0.455888986588,0.0077392578125,0.990947265625,0.04168
0.458978891373,0.0065185546875,0.991923828125,0.04568
0.462071895599,-0.0017822265625,0.99265625,-0.09032
0.465167999268,0.0011474609375,0.99265625,-0.03032
0.468322992325,0.0065185546875,0.990458984375,0.15768
0.471438884735,-0.0039794921875,0.999248046875,-0.03832
0.474521875381,-0.0047119140625,0.995830078125,0.14568
0.477608919144,-0.0037353515625,0.9916796875,0.04568
0.480710983276,-0.0034912109375,1.00583984375,0.00568000000001
0.483799934387,-7.32421875e-05,0.987041015625,0.18168
0.486887931824,0.0018798828125,1.00120117188,-0.00631999999999
0.48999786377,-0.0193603515625,0.988505859375,-0.01032
0.493089914322,0.0006591796875,1.0073046875,-0.03032
0.496184825897,-0.0032470703125,0.9975390625,0.05768
0.499272823334,-0.0037353515625,0.99607421875,0.00167999999999
0.50236582756,-0.0020263671875,0.999248046875,0.03768
0.505470991135,-0.0076416015625,1.00413085938,-0.93032
0.508658885956,-0.0220458984375,0.995341796875,0.04168
0.511753797531,-0.0064208984375,0.996318359375,0.08968
0.514842987061,-0.0125244140625,1.0014453125,0.00968
0.517927885056,-0.0171630859375,0.9897265625,0.04968
0.521020889282,-0.0022705078125,0.99998046875,0.05768
0.524113893509,-0.0076416015625,0.99802734375,1.09768
0.527221918106,-0.0078857421875,0.9994921875,0.11768
0.530318021774,-0.0047119140625,1.00852539063,-0.06232
0.533404827118,-0.0032470703125,1.002421875,0.01368
0.536506891251,-0.0010498046875,0.9994921875,0.04168
0.539654016495,0.0084716796875,0.9965625,-0.93032
0.542740821838,-0.0005615234375,0.99216796875,0.12168
0.545840024948,0.0060302734375,0.99021484375,0.04568
0.548928022385,-0.0020263671875,1.00510742188,0.08568
0.552052021027,-0.0042236328125,0.989482421875,0.04568
0.555135011673,0.0023681640625,1.0033984375,0.02568
0.558224916458,0.0009033203125,1.00120117188,0.06568
0.561337947845,0.0023681640625,0.9955859375,-0.01432
0.564427852631,-0.0017822265625,0.9936328125,-0.05832
0.567508935928,0.0026123046875,0.991435546875,0.01368
0.570653915405,-0.0054443359375,0.995830078125,0.00968
0.573740005493,-0.0010498046875,1.01072265625,-0.00232
0.576845884323,-0.0025146484375,0.998271484375,-0.04632
0.579934835434,-0.0022705078125,0.992900390625,0.00968
0.583009004593,0.0050537109375,0.99607421875,-0.07032
0.586095809937,-0.0039794921875,0.998759765625,0.12568
0.589192867279,-0.0020263671875,0.996318359375,-0.01432
0.592288970947,0.0013916015625,0.995830078125,-0.03032
0.595371961594,0.0016357421875,0.991923828125,-0.03832
0.598464012146,0.0001708984375,1.0170703125,0.04568
0.60155582428,0.0001708984375,0.99900390625,0.04968
0.604635953903,0.0021240234375,1.00120117188,0.16568
0.607729911804,0.0016357421875,0.986552734375,0.03768
0.610823869705,-0.0020263671875,0.9994921875,0.17368
0.613900899887,-0.0027587890625,1.0014453125,0.00167999999999
0.616998910904,-0.0061767578125,1.00583984375,0.03768
0.620151996613,0.0031005859375,1.00657226563,1.09768
0.623245000839,-0.0022705078125,0.99802734375,0.00167999999999
0.626348972321,-0.0054443359375,1.0112109375,0.04168
0.629443883896,-0.0015380859375,1.0033984375,1.06968
0.632532835007,0.0033447265625,0.993876953125,-0.06232
0.635619878769,0.0023681640625,1.00461914063,0.17368
0.638720989227,0.0026123046875,1.0170703125,0.02168
0.641814947128,-0.0054443359375,1.0033984375,0.14968
0.64489197731,0.0016357421875,1.00608398438,-0.05432
0.647991895676,-0.0003173828125,0.99900390625,0.16568
0.651130914688,-0.0032470703125,1.00315429688,-0.00631999999999
0.654224872589,0.0011474609375,0.991923828125,0.08168
0.657329797745,-0.0037353515625,0.998759765625,-0.87432
0.660413980484,-0.0186279296875,0.986552734375,-0.01432
0.663501024246,-0.0012939453125,0.9936328125,0.03368
0.666594982147,0.0048095703125,0.989482421875,-0.00232
0.669690847397,-0.0027587890625,0.992412109375,0.00568000000001
0.672772884369,0.0016357421875,0.993876953125,1.09368
0.675858020782,-0.0042236328125,1.00046875,-0.01432
0.678948879242,-0.0027587890625,1.00461914063,0.04568
0.682051897049,-0.0034912109375,0.999736328125,0.02168
0.685136795044,0.0026123046875,1.00095703125,0.02568
0.688226938248,-0.0012939453125,0.994609375,-0.01032
0.691321849823,0.0006591796875,0.990947265625,-0.05432
0.694408893585,-0.0010498046875,0.99265625,0.02968
0.697510004044,-7.32421875e-05,0.990458984375,0.03768
0.700727939606,-0.0012939453125,0.996318359375,0.02568
0.703840970993,0.0031005859375,0.998759765625,0.00167999999999
0.706933021545,-0.0078857421875,0.9955859375,0.04968
0.710018873215,0.0009033203125,1.00364257813,0.04168
0.713115930557,-0.0017822265625,0.999736328125,-0.03032
0.71620798111,0.0082275390625,0.994853515625,0.04168
0.719290018082,-0.0037353515625,1.00950195313,0.00568000000001
0.722394943237,-0.0154541015625,0.98826171875,0.01768
0.725481987,0.0050537109375,0.99802734375,0.09768
0.728629827499,-0.0039794921875,1.00193359375,0.02968
0.731719970703,-0.0073974609375,0.99265625,0.15368
0.73480796814,-0.0003173828125,1.00217773438,-0.03432
0.737914800644,-0.0081298828125,0.999736328125,-0.06232
0.740998029709,-0.0091064453125,0.99509765625,0.19768
0.744089841843,-0.0073974609375,0.994853515625,0.04968
0.747174978256,-0.0039794921875,1.00120117188,0.11368
0.750259876251,-0.0042236328125,0.99705078125,-0.00631999999999
0.753358840942,-0.0059326171875,0.99607421875,-0.93032
0.756450891495,-0.0015380859375,0.997783203125,0.04168
0.759588003159,-0.0010498046875,0.98826171875,0.01368
0.762674808502,0.0004150390625,0.996806640625,0.02968
0.765749931335,-0.0054443359375,0.98826171875,0.10968
0.768853902817,0.0009033203125,0.994853515625,-0.01432
0.771946907043,-0.0064208984375,0.98923828125,0.00968
0.77503490448,-0.0012939453125,1.00193359375,1.09768
0.778118848801,-0.0010498046875,1.01243164063,0.03768
0.781220912933,0.0009033203125,1.01365234375,1.08168
0.784322023392,0.0033447265625,1.01682617188,0.08568
0.787411928177,0.0045654296875,0.998515625,0.04968
0.790500879288,-0.0027587890625,0.998759765625,0.05768
0.793589830399,-0.0010498046875,1.00266601563,0.02968
0.796684026718,-0.0032470703125,0.998515625,0.04968
0.799781799316,-0.0017822265625,0.99314453125,-0.05032
0.802865982056,-0.0034912109375,0.9994921875,0.06968
0.805960893631,-0.0025146484375,0.99998046875,0.01768
0.809104919434,0.0023681640625,0.983134765625,0.02168
0.812196969986,-0.0054443359375,0.996806640625,1.04968
0.815280914307,-0.0059326171875,0.98728515625,0.06168
0.818372011185,0.0004150390625,0.99900390625,-0.03432
0.821465969086,-0.0010498046875,0.99705078125,0.06568
0.824554920197,-0.0059326171875,1.00071289063,-0.01832
0.827646017075,-0.0039794921875,1.00315429688,0.06568
0.830748796463,-0.0054443359375,1.00461914063,0.03368
0.833858013153,-0.0025146484375,0.996806640625,0.02968
0.836952924728,0.0018798828125,0.986552734375,0.02568
0.840050935745,-0.0059326171875,0.989970703125,0.03768
0.843128919601,-7.32421875e-05,1.01658203125,-0.94232
0.846217870712,-7.32421875e-05,1.01047851563,0.00568000000001
0.849326848984,-0.0030029296875,1.01584960938,0.10168
0.852411985397,-0.0066650390625,0.998515625,0.12168
0.855523824692,-0.0059326171875,0.9897265625,0.07768
0.85861992836,-0.0034912109375,0.9994921875,0.05368
0.861713886261,-0.0095947265625,0.997294921875,0.05368
0.864814996719,-0.0066650390625,1.00193359375,0.04968
0.86789894104,-0.0037353515625,0.99802734375,-0.02232
0.870987892151,-0.0054443359375,1.00168945313,0.07768
0.874084949493,-0.0025146484375,1.00706054688,-0.01432
0.87717795372,0.0070068359375,0.9897265625,1.04568
0.880254983902,-0.0025146484375,1.00095703125,0.04968
0.883348941803,-0.0020263671875,0.994853515625,0.03768
0.886439800262,-0.0003173828125,0.996318359375,0.03368
0.889595985413,0.0033447265625,0.999248046875,-0.01432
0.892684936523,0.0013916015625,0.9955859375,0.04568
0.89576292038,-0.0059326171875,1.00583984375,-0.00232
0.898859024048,-7.32421875e-05,0.997294921875,0.05368
0.901957988739,0.0004150390625,0.994365234375,0.04968
0.905045986176,-0.0164306640625,1.00168945313,-0.13032
0.908134937286,-0.0015380859375,0.986796875,0.00167999999999
0.911226987839,-0.0137451171875,0.9965625,0.05368
0.914332866669,-0.0139892578125,1.00315429688,0.02168
0.917423963547,-0.0088623046875,1.0033984375,0.18568
0.920519828796,-0.0095947265625,1.00803710938,-0.04632
0.923612833023,-0.0032470703125,1.00315429688,-0.04232
0.926708936691,-0.0076416015625,1.006328125,0.03768
0.929805994034,0.0072509765625,1.00291015625,0.13368
0.932950973511,-0.0103271484375,0.9877734375,0.02168
0.936048984528,-0.0100830078125,0.999248046875,0.03368
0.93913602829,-0.0125244140625,0.997294921875,-0.94632
0.942224979401,-0.0125244140625,0.99509765625,0.12568
0.945331811905,-0.0154541015625,0.99705078125,0.14168
0.948412895203,-0.0117919921875,1.00510742188,0.08568
0.951505899429,-0.0132568359375,0.9897265625,0.13368
0.954623937607,-0.0164306640625,1.00608398438,0.13768
0.957716941833,-0.0161865234375,1.00950195313,0.08568
0.960829973221,-0.0191162109375,0.998515625,-0.00631999999999
0.963922023773,-0.0086181640625,0.998515625,1.09368
0.967001914978,-0.0159423828125,1.03000976563,1.08968
0.970160007477,0.0228759765625,1.01560546875,0.08568
0.973244905472,-0.0156982421875,1.00315429688,0.18968
0.976353883743,-0.0081298828125,1.00413085938,0.08168
0.979454994202,0.0087158203125,0.994853515625,0.16968
0.982534885406,0.0074951171875,1.004375,0.21368
0.985617876053,0.0089599609375,1.00022460938,0.18168
0.988717794418,0.0048095703125,0.98826171875,0.20968
0.991820812225,0.0319091796875,1.00120117188,-0.02232
0.994907855988,-0.0017822265625,1.00315429688,0.12568
0.997997999191,-0.0210693359375,0.9955859375,-0.94232
1.00114583969,-0.0047119140625,0.9916796875,1.08968
1.00423884392,-0.0032470703125,1.00022460938,0.00568000000001
1.00734901428,0.0128662109375,0.99705078125,0.03368
1.01045894623,-0.0154541015625,0.9955859375,-0.08232
1.01355099678,-0.0039794921875,1.00852539063,0.07368
1.01664400101,0.0138427734375,0.99607421875,0.15368
1.01973700523,0.0040771484375,1.01755859375,0.04968
1.02283191681,-0.0108154296875,1.002421875,0.11768
1.02592182159,0.0067626953125,0.997294921875,0.22568
1.02900385857,0.0126220703125,1.00657226563,0.08168
1.03210401535,0.0065185546875,0.994365234375,0.13768
1.0351998806,0.0045654296875,0.99802734375,0.09768
1.03828692436,0.0057861328125,0.989482421875,0.21768
1.04139399529,0.0023681640625,0.988505859375,0.11768
1.04448199272,0.0001708984375,0.99607421875,0.17768
1.04757285118,0.0128662109375,0.99607421875,0.07368
1.05066394806,0.0021240234375,0.988017578125,-0.10632
1.05374383926,0.0040771484375,0.9955859375,0.10968
1.05686903,0.0092041015625,0.9916796875,0.17368
1.0599629879,0.0214111328125,0.98728515625,0.03368
1.06305289268,0.0026123046875,1.00803710938,0.11768
1.06614279747,0.0145751953125,1.00266601563,0.13368
1.06943202019,0.0060302734375,0.998759765625,0.21368
1.07252502441,0.0004150390625,1.00193359375,0.18968
1.07561087608,0.0184814453125,0.98728515625,0.19768
1.07871389389,0.0238525390625,1.0014453125,0.10568
1.08180999756,0.0194580078125,0.9975390625,0.18168
1.08489489555,0.0150634765625,0.98923828125,0.21768
1.08799290657,0.0087158203125,0.995830078125,0.14168
1.09114193916,0.0070068359375,0.99119140625,0.19768
1.09422802925,0.0165283203125,1.00852539063,0.10968
1.0973379612,0.0114013671875,0.99314453125,0.12168
1.10042691231,0.0079833984375,0.996806640625,0.11368
1.10350990295,0.0087158203125,0.994853515625,0.04568
1.10659790039,0.0089599609375,0.988994140625,0.10568
1.10969781876,0.0101806640625,0.997294921875,0.16168
1.11278486252,0.0194580078125,0.987529296875,0.13768
1.11586999893,0.0140869140625,1.004375,0.28168
1.11896395683,0.0082275390625,0.993876953125,0.17768
1.12205386162,0.0094482421875,0.994853515625,0.17768
1.12512993813,0.0211669921875,0.994853515625,0.07768
1.12821698189,0.0128662109375,0.9975390625,0.08568
1.13130879402,0.0177490234375,0.995830078125,0.12968
1.13438987732,0.0211669921875,0.990458984375,-0.92632
1.13749098778,0.0128662109375,0.99705078125,0.06968
1.14063501358,0.0138427734375,0.991435546875,0.16968
1.14372801781,0.0172607421875,0.996318359375,0.15368
1.14682483673,0.0165283203125,0.986796875,0.18968
1.1499478817,0.0211669921875,1.00583984375,0.09768
1.15311002731,0.0236083984375,1.00193359375,0.15368
1.15624880791,0.0182373046875,1.00071289063,0.22568
1.15937685966,0.0177490234375,1.0014453125,0.24968
1.1624879837,0.0201904296875,0.998759765625,0.22968
1.16558384895,0.0272705078125,1.0121875,0.15768
1.16867780685,0.0179931640625,0.997294921875,0.22568
1.17175793648,0.0118896484375,0.996806640625,0.13368
1.17497491837,0.0275146484375,1.002421875,0.24568
1.17807388306,0.0233642578125,0.994853515625,0.20568
1.18116784096,0.0331298828125,0.992412109375,0.08568
1.18424987793,0.0262939453125,0.994365234375,0.24168
1.18733787537,0.0328857421875,0.9936328125,0.24568
1.19042801857,0.0236083984375,0.988505859375,0.14968
1.19352483749,0.0275146484375,0.9936328125,0.23368
1.19661188126,0.0248291015625,0.986796875,0.15768
1.1997089386,0.0289794921875,1.01658203125,0.18568
1.20279884338,0.0294677734375,0.989482421875,0.19368
1.20587301254,0.0289794921875,1.00876953125,0.22168
1.20897388458,0.0309326171875,1.00583984375,0.18968
1.21206283569,0.0336181640625,0.994365234375,0.14168
1.21514391899,0.0319091796875,1.00486328125,0.26568
1.21823596954,0.0358154296875,0.995341796875,0.24968
1.22133183479,0.0350830078125,0.99705078125,0.16968
1.22443699837,0.0341064453125,0.994609375,0.17368
1.22752189636,0.0250732421875,1.01462890625,0.18168
1.23071289062,0.0306884765625,1.00071289063,0.28568
1.2338309288,0.0404541015625,1.00193359375,0.31768
1.23692297935,0.0323974609375,0.99509765625,0.19768
1.24000883102,0.0380126953125,1.01072265625,0.11768
1.24309587479,0.0375244140625,0.99314453125,0.14968
1.24618601799,0.0387451171875,0.998759765625,0.16968
1.24927282333,0.0421630859375,1.0014453125,0.24568
1.25235581398,0.0487548828125,0.99705078125,0.22568
1.25549602509,0.0350830078125,0.992900390625,0.21368
1.25863981247,0.0453369140625,0.9799609375,0.24168
1.26173901558,0.0450927734375,1.00315429688,0.23368
1.2648499012,0.0375244140625,0.99314453125,0.23768
1.2679438591,0.0428955078125,0.9975390625,0.32568
1.27103185654,0.0480224609375,0.996318359375,0.28168
1.2741189003,0.0453369140625,0.988017578125,0.27368
1.27721190453,0.0475341796875,0.99900390625,0.22968
1.28031182289,0.0524169921875,0.978251953125,0.33368
1.28339481354,0.0531494140625,0.998759765625,0.26168
1.28647994995,0.0585205078125,1.00291015625,0.28168
1.28962182999,0.0541259765625,0.995830078125,0.20568
1.29271292686,0.0499755859375,0.99265625,0.35368
1.29581785202,0.0555908203125,0.995341796875,0.27768
1.29890584946,0.0592529296875,0.99509765625,0.27768
1.30199193954,0.0594970703125,0.994853515625,0.36168
1.30508685112,0.0543701171875,0.998271484375,0.34168
1.30817389488,0.0673095703125,0.98923828125,0.27368
1.31125593185,0.0575439453125,0.989482421875,0.38568
1.31436085701,0.0463134765625,0.998271484375,0.28568
1.31745290756,0.0624267578125,0.99998046875,0.36968
1.32055091858,0.0690185546875,0.991923828125,0.31768
1.32363200188,0.0563232421875,0.99021484375,0.37768
1.32672190666,0.0687744140625,0.98875,0.18568
1.32983088493,0.0726806640625,0.99705078125,0.34968
1.33292102814,0.0768310546875,0.99607421875,0.27368
1.33600401878,0.0739013671875,0.98435546875,0.33768
1.33914494514,0.0865966796875,1.00779296875,0.38968
1.34223484993,0.0758544921875,0.993876953125,0.28968
1.34533381462,0.0861083984375,0.97849609375,0.38968
1.34841895103,0.0695068359375,0.9877734375,0.24968
1.35150098801,0.0802490234375,0.99705078125,0.30968
1.35459089279,0.0800048828125,0.999736328125,0.43368
1.3577029705,0.0741455078125,0.991923828125,0.38968
1.36080789566,0.0760986328125,0.978251953125,0.18968
1.36388492584,0.0768310546875,0.98484375,0.45368
1.3669719696,0.0851318359375,0.9965625,0.33768
1.37011384964,0.0770751953125,0.9975390625,0.40968
1.37320590019,0.0953857421875,1.0014453125,0.37368
1.37630796432,0.0751220703125,0.989970703125,0.30968
1.37938284874,0.0905029296875,0.979228515625,0.44568
1.38246893883,0.0880615234375,1.00095703125,0.40968
1.38555979729,0.0985595703125,0.982890625,0.36168
1.38864779472,0.100024414063,0.98240234375,0.44568
1.39174079895,0.0902587890625,0.993876953125,0.39768
1.3948328495,0.0997802734375,0.986064453125,0.35368
1.39792180061,0.0978271484375,0.99509765625,0.40968
1.40101385117,0.0956298828125,0.978984375,0.47768
1.40409898758,0.100756835938,0.991435546875,0.42968
1.4071958065,0.101000976563,0.982646484375,0.40168
1.41029500961,0.107592773438,0.981181640625,0.42568
1.41337895393,0.109545898438,0.9877734375,0.37768
1.41648697853,0.115405273438,0.990947265625,0.54968
1.419713974,0.106860351563,0.99216796875,0.40568
1.42282485962,0.117602539063,0.99119140625,0.46968
1.42592597008,0.112963867188,0.975078125,0.54568
1.42901992798,0.118579101563,0.991923828125,0.46568
1.43211698532,0.113452148438,0.9858203125,0.48568
1.43521094322,0.102465820313,0.98533203125,0.43368
1.43831086159,0.116137695313,0.987041015625,0.46968
1.44143390656,0.121264648438,0.990947265625,0.49368
1.44452190399,0.122729492188,0.98337890625,0.43768
1.44761586189,0.128344726563,0.9897265625,0.47768
1.4507188797,0.133471679688,0.983134765625,0.59368
1.45381999016,0.127368164063,0.98533203125,0.44968
1.45693588257,0.129809570313,0.97458984375,0.44968
1.46002984047,0.139819335938,0.98142578125,0.54968
1.46312093735,0.138842773438,0.98337890625,0.58568
1.46622085571,0.168627929688,0.98435546875,0.60168
1.46932291985,0.203540039063,0.98044921875,0.52168
1.47243094444,0.225024414063,0.953349609375,0.66168
1.47552084923,0.203295898438,0.942119140625,0.75368
1.47862291336,0.236499023438,0.955546875,0.82568
1.48172092438,0.219897460938,0.971416015625,0.79768
1.48482084274,0.230151367188,0.969951171875,0.92168
1.48792290688,0.272387695313,0.93748046875,1.16568
1.49100589752,0.312426757813,0.943583984375,1.56568
1.49410200119,0.275073242188,0.9604296875,1.54568
1.49720001221,0.277758789063,0.9506640625,2.04168
1.50030303001,0.313403320313,0.94626953125,2.24568
1.5033929348,0.329516601563,0.95603515625,2.48968
1.50650596619,0.308032226563,0.9575,2.83768
1.50970697403,0.296313476563,0.957255859375,2.14968
1.51281690598,0.315356445313,0.9272265625,3.22968
1.5159099102,0.303149414063,0.952861328125,3.78568
1.51900792122,0.292407226563,0.92478515625,3.25768
1.52211093903,0.317797851563,0.94333984375,4.28968
1.52520799637,0.324145507813,0.9311328125,4.92968
1.52831101418,0.312670898438,0.943583984375,4.18168
1.53140091896,0.281665039063,0.94138671875,5.37768
1.53449082375,0.303637695313,0.94333984375,5.76968
1.53759002686,0.298022460938,0.921123046875,6.12968
1.54069495201,0.324389648438,0.970439453125,6.14168
1.54380488396,0.299243164063,0.939677734375,6.34968
1.54689884186,0.298510742188,0.828349609375,6.60968
1.54999494553,0.297778320313,0.928447265625,7.03768
1.55309486389,0.328295898438,0.996806640625,6.86968
1.55619597435,0.284838867188,0.91697265625,7.53768
1.55933094025,0.293872070313,0.904033203125,7.72168
1.56242489815,0.288256835938,0.96580078125,7.87768
1.56550598145,0.264575195313,1.0209765625,7.28968
1.56865000725,0.222827148438,0.902080078125,9.28968
1.57174181938,0.256030273438,0.96775390625,8.69368
1.57483482361,0.249682617188,0.96921875,8.99768
1.57793402672,0.261645507813,0.95505859375,9.13768
1.58102583885,0.274340820313,0.927958984375,8.42568
1.58412098885,0.246997070313,0.924541015625,9.73768
1.58721995354,0.260668945313,0.9858203125,9.60968
1.59032392502,0.236499023438,0.927958984375,9.92168
1.59343886375,0.262622070313,0.95359375,9.80968
1.59653282166,0.281176757813,0.993388671875,10.04968
1.59968280792,0.296313476563,0.962626953125,9.96168
1.60277199745,0.291674804688,0.8803515625,10.04568
1.60586190224,0.308276367188,0.903544921875,10.16168
1.60897493362,0.304370117188,0.9643359375,10.05768
1.61207389832,0.301684570313,0.95505859375,10.47768
1.61516690254,0.292651367188,0.864970703125,9.36968
1.6182539463,0.324877929688,0.91453125,11.24168
1.62135386467,0.293139648438,0.94236328125,10.73768
1.62446594238,0.285815429688,1.004375,10.80968
1.62755894661,0.296313476563,1.0278125,-5.89832
1.63070201874,-0.139477539062,1.29899169922,4.11768
1.63380002975,0.557543945312,0.721416015625,10.76168
1.63689184189,0.467456054688,1.53336669922,8.41368
1.63999080658,0.229174804688,0.918193359375,-5.33832
1.6430850029,0.867358398437,-0.051533203125,10.25768
1.64617991447,-0.218579101562,0.9496875,9.40968
1.64927101135,0.162768554688,0.975810546875,7.90968
1.65236401558,-0.0161865234375,1.18284179688,7.76168
1.65547585487,0.0114013671875,0.377666015625,7.23368
1.65864396095,0.148120117188,1.20579101563,8.26568
1.66174387932,0.227954101563,0.779033203125,6.32968
1.66485881805,0.466479492188,1.06150390625,7.88568
1.66795897484,0.102954101563,1.51926757813,6.06168
1.6711230278,0.470141601563,0.927958984375,6.44968
1.67422795296,0.428637695313,0.618876953125,6.41368
1.67733001709,0.408862304688,0.6791796875,6.29368
1.68043994904,0.342944335938,1.01975585938,6.55368
1.68354582787,0.334155273438,1.13010742188,5.67368
1.68663787842,0.312670898438,0.822490234375,5.45768
1.68973588943,0.308764648438,0.807841796875,5.19768
1.6928358078,0.243334960938,1.02659179688,6.01768
1.69595193863,0.331469726563,1.04783203125,5.36968
1.6991147995,0.309008789063,0.939921875,4.74168
1.70221781731,0.332202148438,0.947490234375,4.87368
1.70533299446,0.414965820313,0.891826171875,6.08168
1.70843100548,0.340747070313,1.02024414063,5.53368
1.71153092384,0.280688476563,0.965068359375,4.72568
1.7146229744,0.387866210938,0.83103515625,4.59768
1.71772098541,0.333666992188,0.853251953125,4.37768
1.72083497047,0.311694335938,0.96873046875,4.42968
1.72393083572,0.381274414063,0.94138671875,4.31368
1.72701501846,0.286303710938,0.8862109375,3.67768
1.7301659584,0.287036132813,1.01243164063,3.69768
1.73325490952,0.375659179688,0.9448046875,4.38168
1.73635792732,0.316088867188,0.94724609375,4.02568
1.73945879936,0.332446289063,0.922099609375,3.78168
1.74255681038,0.275073242188,0.93650390625,3.60568
1.7456510067,0.327319335938,0.9799609375,3.62568
1.7487449646,0.296069335938,0.959453125,3.35768
1.75185394287,0.319995117188,0.91404296875,3.31368
1.75495481491,0.284106445313,0.946513671875,3.22568
1.7580499649,0.296313476563,0.982158203125,2.92168
1.76123595238,0.282397460938,0.958720703125,2.97368
1.76433396339,0.305102539063,0.947001953125,2.68168
1.76744484901,0.302661132813,0.92966796875,2.62168
1.7705450058,0.310229492188,0.947734375,2.54168
1.77362895012,0.301196289063,0.9682421875,3.11768
1.77672386169,0.268969726563,1.06028320313,1.51368
1.77983093262,0.261401367188,0.88279296875,1.82968
1.78292798996,0.353442382813,0.9565234375,3.08568
1.78603696823,0.320483398438,0.974833984375,1.41368
1.78914284706,0.341479492188,0.952373046875,1.78568
1.7922399044,0.290209960938,0.934794921875,1.38568
1.79534292221,0.308520507813,0.9252734375,1.31368
1.79843997955,0.300708007813,0.980693359375,1.30568
1.80154681206,0.315356445313,0.96140625,0.92568
1.80463695526,0.316821289063,0.9213671875,0.79768
1.80773901939,0.335375976563,0.937724609375,0.68568
1.81083703041,0.310229492188,0.96677734375,0.39368
1.81392979622,0.323901367188,0.95017578125,0.47768
1.81701898575,0.314135742188,0.939189453125,0.32168
1.82017588615,0.305834960938,0.934794921875,0.19368
1.82326793671,0.320727539063,0.951396484375,0.99368
1.82638096809,0.314379882813,0.928935546875,-0.05432
1.82948589325,0.322192382813,0.92625,-0.03032
1.83258485794,0.361254882813,0.91599609375,-0.08232
1.83568096161,0.346606445313,0.912822265625,0.00167999999999
1.83877396584,0.328295898438,0.942607421875,-0.05832
1.84187889099,0.329760742188,0.953837890625,-0.13432
1.84496879578,0.317309570313,0.94724609375,-0.14232
1.84806990623,0.316577148438,0.957744140625,-0.29432
1.85117197037,0.319750976563,0.95505859375,-0.34232
1.85426497459,0.328784179688,0.93650390625,-0.35032
1.85737490654,0.324877929688,0.91404296875,-0.47032
1.86050200462,0.340747070313,0.932841796875,-0.47432
1.86360192299,0.344897460938,0.92234375,-0.48232
1.86670279503,0.346118164063,0.93796875,-0.54632
1.86980199814,0.314379882813,0.929423828125,-0.65832
1.87289690971,0.319995117188,0.937724609375,-0.74632
1.87598896027,0.308520507813,0.947978515625,-0.68232
1.87914085388,0.313647460938,0.945537109375,-0.79432
1.88223600388,0.310961914063,0.94724609375,-1.96632
1.8853328228,0.311694335938,0.930888671875,-0.85832
1.88844299316,0.327075195313,0.93796875,-0.97432
1.89153885841,0.332934570313,0.920634765625,0.06568
1.89462685585,0.337817382813,0.920634765625,-1.00632
1.89772701263,0.337329101563,0.935771484375,-1.00632
1.90082788467,0.332934570313,0.9272265625,-1.91832
1.90394091606,0.339038085938,0.92576171875,0.00568000000001
1.90702986717,0.311694335938,0.941142578125,-0.97032
1.91014099121,0.334155273438,0.955546875,-1.01432
1.91323685646,0.322436523438,0.9272265625,-1.02632
1.91641592979,0.310961914063,0.944072265625,-1.03832
1.91952800751,0.326342773438,0.926494140625,-1.01032
1.92262291908,0.330249023438,0.91794921875,-0.95832
1.92571783066,0.309985351563,0.96287109375,-1.03032
1.92883086205,0.346850585938,0.9330859375,-0.77432
1.93192601204,0.320483398438,0.901591796875,-1.09432
1.93501496315,0.313647460938,0.912578125,-0.83832
1.93811297417,0.354174804688,0.959453125,-0.82232
1.94121289253,0.344653320313,0.952373046875,-0.82232
1.9443218708,0.321459960938,0.92673828125,-0.82632
1.94741797447,0.352221679688,0.930888671875,-0.86632
1.9505147934,0.346850585938,0.9311328125,-0.77432
1.95361495018,0.347827148438,0.92771484375,-0.72632
1.9567129612,0.343188476563,0.91306640625,-0.55032
1.95982384682,0.339282226563,0.928447265625,-0.59832
1.96291899681,0.340014648438,0.930888671875,-0.43832
1.96600198746,0.351000976563,0.92234375,-0.34232
1.96911382675,0.339526367188,0.936015625,-0.44632
1.97220897675,0.346850585938,0.927470703125,-0.23832
1.97531795502,0.334155273438,0.93015625,-0.24632
1.97841596603,0.339526367188,0.928447265625,-0.14632
1.98150587082,0.341235351563,0.92673828125,-0.02232
1.9846060276,0.344409179688,0.9213671875,-0.08232
1.98770689964,0.338549804688,0.92380859375,-0.01032
1.99080586433,0.341967773438,0.934306640625,0.04568
1.99391388893,0.337573242188,0.941875,1.09368
1.99699783325,0.316333007813,0.9448046875,0.08568
2.00015592575,0.334887695313,0.936748046875,0.16968
2.00324487686,0.345629882813,0.93650390625,0.17368
2.0063419342,0.318774414063,0.937724609375,0.02168
2.00945687294,0.314379882813,0.939677734375,0.09368
2.01254987717,0.341967773438,0.931865234375,-0.01432
2.01564002037,0.320971679688,0.92966796875,0.03368
2.01873803139,0.326098632813,0.9252734375,0.10568
2.02183699608,0.334887695313,0.926005859375,0.03368
2.0249478817,0.328540039063,0.932109375,0.04168
2.02804279327,0.328540039063,0.935283203125,0.03368
2.03120398521,0.331469726563,0.936259765625,0.07368
2.03430294991,0.330981445313,0.93259765625,-0.02632
2.03738999367,0.314379882813,0.937724609375,-0.92632
2.04049491882,0.330981445313,0.929912109375,0.02968
2.04359102249,0.333666992188,0.933818359375,-0.09032
2.04669189453,0.325610351563,0.933818359375,-0.01032
2.04979395866,0.328784179688,0.92673828125,-0.07032
2.0528819561,0.332690429688,0.93015625,1.08568
2.05598783493,0.328295898438,0.924052734375,0.00167999999999
2.05913901329,0.329516601563,0.93259765625,-0.06232
2.06226682663,0.332934570313,0.932353515625,0.02568
2.06537795067,0.349291992188,0.928203125,-0.04232
2.06847596169,0.335864257813,0.93748046875,0.00167999999999
2.07158279419,0.331225585938,0.930400390625,0.00568000000001
2.07468080521,0.331225585938,0.93650390625,-0.94632
2.07776999474,0.331225585938,0.938212890625,0.07368
2.08088088036,0.337329101563,0.944560546875,0.00968
2.08397388458,0.335375976563,0.933330078125,0.07768
2.08707284927,0.336840820313,0.934306640625,0.06168
2.09017896652,0.336352539063,0.933818359375,0.01768
2.09327101707,0.328540039063,0.95017578125,1.08968
2.09637284279,0.337817382813,0.936748046875,0.01768
2.09946990013,0.334887695313,0.930400390625,-0.93832
2.10254788399,0.332690429688,0.94041015625,0.12968
2.10561084747,0.339282226563,0.934794921875,0.10968
2.10874581337,0.335131835938,0.943095703125,-0.01432
2.11185598373,0.329028320313,0.95017578125,0.07368
2.11495280266,0.332202148438,0.9369921875,0.04168
2.11804485321,0.330004882813,0.931865234375,0.05368
2.12119793892,0.335131835938,0.924541015625,1.08968
2.12429380417,0.328540039063,0.9252734375,-0.93032
2.12738895416,0.332202148438,0.926005859375,1.03768
2.13049697876,0.330004882813,0.9350390625,0.14968
2.13359284401,0.337817382813,0.93064453125,0.01368
2.13669681549,0.331958007813,0.934794921875,0.04568
2.13979482651,0.336840820313,0.9252734375,-0.92632
2.14288783073,0.338305664063,0.9311328125,0.14968
2.14599180222,0.349780273438,0.92576171875,0.00968
2.14914298058,0.348315429688,0.936015625,0.04168
2.15223884583,0.330493164063,0.928935546875,1.06168
2.15533185005,0.329516601563,0.928935546875,0.01768
2.15842580795,0.338549804688,0.937236328125,0.12568
2.16162896156,0.337084960938,0.943828125,0.02968
2.16473197937,0.334399414063,0.932109375,0.00568000000001
2.16784691811,0.334887695313,0.93015625,1.09768
2.17094802856,0.329028320313,0.93162109375,0.00167999999999
2.17404389381,0.333666992188,0.9350390625,-0.06632
2.17713499069,0.324389648438,0.925517578125,0.05768
2.18023681641,0.337084960938,0.92771484375,1.07368
2.18334698677,0.336596679688,0.93845703125,0.16568
2.18645596504,0.330737304688,0.929912109375,0.00167999999999
2.18960881233,0.336108398438,0.92966796875,0.09368
2.19270992279,0.334643554688,0.94626953125,1.08968
2.19580698013,0.321215820313,0.934306640625,-0.05832
2.19889688492,0.323413085938,0.93796875,0.17768
2.20199990273,0.331225585938,0.938701171875,0.01368
2.2050948143,0.333666992188,0.939189453125,0.04568
2.20819497108,0.332446289063,0.930888671875,0.06168
2.2112929821,0.332446289063,0.92869140625,0.10968
2.2143778801,0.334155273438,0.9428515625,-0.02632
2.21748995781,0.329272460938,0.934794921875,0.01768
2.22063994408,0.323657226563,0.936748046875,0.12968
2.22373700142,0.334399414063,0.9252734375,-0.01032
2.22683286667,0.322192382813,0.932109375,0.04568
2.22992992401,0.328051757813,0.92966796875,-0.92632
2.23303198814,0.329028320313,0.9311328125,0.05368
2.23612499237,0.331713867188,0.9467578125,0.04568
2.23922181129,0.326342773438,0.926982421875,1.09768
2.24233102798,0.332934570313,0.928447265625,-0.93832
2.24542784691,0.333422851563,0.933818359375,0.02168
2.2485229969,0.329272460938,0.92966796875,0.04168
2.25167679787,0.330981445313,0.930888671875,-0.05832
2.2547659874,0.331225585938,0.927958984375,-0.07432
2.2578690052,0.330981445313,0.93455078125,0.05368
2.26096796989,0.323657226563,0.9340625,-0.05432
2.26409602165,0.329516601563,0.940654296875,0.02168
2.26719689369,0.332446289063,0.932353515625,0.04168
2.27029395103,0.332202148438,0.932109375,0.14568
2.27340197563,0.327563476563,0.93455078125,-0.02632
2.27648997307,0.337329101563,0.93552734375,0.04168
2.27964091301,0.349047851563,0.9252734375,0.04968
2.28273391724,0.329272460938,0.928203125,0.13368
2.2858300209,0.330981445313,0.933818359375,0.03768
2.28894281387,0.333666992188,0.93259765625,0.00968
2.29204082489,0.332202148438,0.9330859375,0.04968
2.29513883591,0.337329101563,0.93015625,-0.03832
2.29823493958,0.332934570313,0.934306640625,0.01768
2.30133986473,0.334643554688,0.937236328125,0.17768
2.30445384979,0.332446289063,0.92673828125,-0.10232
2.30755186081,0.332934570313,0.9428515625,-0.02632
2.3107008934,0.335131835938,0.936259765625,-0.94632
2.31379389763,0.333911132813,0.932353515625,0.05368
2.31688380241,0.339770507813,0.93259765625,-0.03032
2.31998300552,0.335131835938,0.93552734375,0.02568
2.32307481766,0.332690429688,0.94138671875,0.04168
2.32616591454,0.336352539063,0.933818359375,-0.01832
2.32925391197,0.331958007813,0.926494140625,0.03768
2.33234596252,0.334399414063,0.93455078125,0.02568
2.3354549408,0.332690429688,0.931865234375,0.02968
2.3385989666,0.329272460938,0.929912109375,-0.00631999999999
2.34170293808,0.348559570313,0.9330859375,-0.92232
2.344810009,0.328540039063,0.953837890625,0.00968
2.34791088104,0.349780273438,0.929423828125,0.05368
2.35099697113,0.331713867188,0.935771484375,0.05768
2.35408902168,0.339526367188,0.930888671875,-0.02232
2.35717988014,0.329272460938,0.930888671875,0.08568
2.36027789116,0.332934570313,0.9330859375,0.12168
2.36339092255,0.334155273438,0.92673828125,0.00968
2.36647891998,0.335864257813,0.9369921875,-0.93032
2.36963582039,0.351000976563,0.910380859375,0.00968
2.37272882462,0.333178710938,0.929912109375,0.00568000000001
2.37583398819,0.334155273438,0.937236328125,0.13768
2.37892985344,0.324633789063,0.922587890625,0.00568000000001
2.38201498985,0.330493164063,0.9272265625,0.01368
2.38510799408,0.333422851563,0.935283203125,-0.93032
2.38820290565,0.329760742188,0.930888671875,1.08968
2.3913090229,0.335131835938,0.937724609375,0.03768
2.39439892769,0.338305664063,0.925029296875,1.09368
2.39748597145,0.332446289063,0.934794921875,0.02968
2.40063500404,0.324145507813,0.93015625,-0.00232
2.40372800827,0.334399414063,0.9330859375,0.06568
2.40689301491,0.330004882813,0.938212890625,-0.94232
2.41000986099,0.334155273438,0.93162109375,0.04968
2.41310381889,0.336840820313,0.934794921875,0.03768
2.41620087624,0.328540039063,0.937236328125,-0.94232
2.41929888725,0.331225585938,0.9369921875,0.02968
2.42238688469,0.333666992188,0.93357421875,0.08568
2.42548489571,0.332690429688,0.938701171875,0.03768
2.42862987518,0.334887695313,0.9330859375,0.04168
2.43172383308,0.330737304688,0.930888671875,-0.93032
2.43481898308,0.335864257813,0.925029296875,-0.87832
2.43790483475,0.330981445313,0.941875,-0.00232
2.44100785255,0.330004882813,0.935771484375,0.06168
2.44410300255,0.331958007813,0.9428515625,-0.00232
2.4471988678,0.330004882813,0.932841796875,0.14168
2.45029783249,0.336596679688,0.926005859375,-0.01032
2.45338392258,0.334399414063,0.932353515625,0.10968
2.45648694038,0.331225585938,0.933818359375,-0.03032
2.45963382721,0.336596679688,0.931865234375,0.01368
2.4627289772,0.333911132813,0.936015625,0.00968
2.4658639431,0.334399414063,0.9213671875,0.02568
2.46896100044,0.334399414063,0.927470703125,0.04168
2.47205400467,0.336596679688,0.936259765625,-0.05432
2.47513484955,0.329760742188,0.932841796875,0.03368
2.47822880745,0.329760742188,0.932109375,-0.00232
2.48133897781,0.332446289063,0.926005859375,-0.02232
2.48443293571,0.331469726563,0.936748046875,-0.91032
2.48752784729,0.330493164063,0.9252734375,-0.00631999999999
2.49068284035,0.330004882813,0.9340625,-0.01032
2.49376797676,0.330493164063,0.933330078125,0.06968
2.49686980247,0.333422851563,0.9311328125,-0.00232
2.49996399879,0.333422851563,0.9389453125,0.01368
2.50306081772,0.330249023438,0.935283203125,0.04168
2.50614595413,0.332934570313,0.932109375,0.00167999999999
2.50923299789,0.330249023438,0.939189453125,0.04168
2.51233792305,0.328540039063,0.93064453125,0.03368
2.51543188095,0.331225585938,0.92576171875,0.04968
2.51851797104,0.332690429688,0.937236328125,0.09768
2.52170586586,0.328051757813,0.920634765625,0.08168
2.52479887009,0.334887695313,0.9428515625,0.11768
2.52790093422,0.343432617188,0.9340625,0.07368
2.53099679947,0.332690429688,0.926494140625,-0.08232
2.53408885002,0.332446289063,0.932109375,0.10168
2.53718900681,0.336108398438,0.936015625,-0.02232
2.54027986526,0.329272460938,0.9340625,-0.03032
2.54337382317,0.329272460938,0.92869140625,0.05368
2.54647779465,0.336352539063,0.9389453125,-0.94632
2.54961895943,0.325366210938,0.936748046875,0.02568
2.55271291733,0.344165039063,0.92625,0.03768
2.55580687523,0.331469726563,0.9311328125,0.08168
2.55889987946,0.329272460938,0.928935546875,0.06568
2.56199789047,0.326831054688,0.93748046875,-0.93432
2.56511592865,0.337817382813,0.926494140625,0.02168
2.56821393967,0.332446289063,0.939189453125,0.13768
2.57131385803,0.332934570313,0.933330078125,0.06968
2.57440781593,0.328784179688,0.939189453125,0.09768
2.57751083374,0.325610351563,0.931865234375,0.07768
2.58066391945,0.333911132813,0.9369921875,0.02568
2.58374500275,0.334155273438,0.93064453125,0.02568
2.58683800697,0.332446289063,0.933330078125,0.04968
2.58993697166,0.332446289063,0.93650390625,0.02568
2.59302282333,0.332446289063,0.9389453125,0.02168
2.59610795975,0.332202148438,0.926005859375,0.14568
2.59920787811,0.347094726563,0.92576171875,0.05368
2.60230493546,0.326831054688,0.928447265625,0.03368
2.60539197922,0.327319335938,0.9272265625,0.02568
2.60849189758,0.322192382813,0.928935546875,0.07768
2.61163282394,0.334399414063,0.92625,0.04168
2.61472082138,0.333422851563,0.93845703125,0.04968
2.61782598495,0.329516601563,0.9252734375,0.03768
2.62091994286,0.333422851563,0.933330078125,0.00968
2.62400102615,0.331713867188,0.934306640625,-0.01032
2.62709283829,0.322680664063,0.93455078125,0.08568
2.63019490242,0.335131835938,0.928935546875,0.04568
2.63330292702,0.329760742188,0.92771484375,0.05768
2.63639187813,0.349291992188,0.928447265625,0.12568
2.63948893547,0.327807617188,0.93015625,0.03768
2.64258599281,0.326586914063,0.936748046875,1.05768
2.6456849575,0.334399414063,0.9369921875,0.11768
2.64877891541,0.334155273438,0.929912109375,-0.08232
2.65193200111,0.339526367188,0.92771484375,-0.94632
2.65523099899,0.334399414063,0.934794921875,0.02168
2.65836691856,0.329028320313,0.95359375,0.05768
2.66146302223,0.335375976563,0.93259765625,0.05368
2.66460490227,0.334155273438,0.932841796875,0.09368
2.66771197319,0.334155273438,0.936748046875,0.01368
2.67081093788,0.331225585938,0.93162109375,-0.04632
2.6739089489,0.334155273438,0.93259765625,0.01368
2.67699098587,0.336352539063,0.930888671875,0.00968
2.68017792702,0.330981445313,0.933818359375,0.07368
2.68326497078,0.321948242188,0.92673828125,0.04568
2.68635487556,0.321215820313,0.92478515625,-0.00232
2.68946480751,0.335131835938,0.93748046875,0.07768
2.69256091118,0.331225585938,0.943583984375,0.00167999999999
2.69564986229,0.331958007813,0.927470703125,-0.91832
2.69874691963,0.333666992188,0.931865234375,-0.02632
2.70183801651,0.331225585938,0.94041015625,0.03368
2.70494699478,0.330493164063,0.928203125,0.07368
2.70803689957,0.332934570313,0.93796875,0.05768
2.71118283272,0.346606445313,0.929423828125,0.00568000000001
2.7142739296,0.331225585938,0.933818359375,0.04968
2.71735787392,0.351977539063,0.929912109375,-0.91832
2.72046399117,0.331469726563,0.934794921875,0.13768
2.72355985641,0.336596679688,0.939677734375,0.02968
2.72665095329,0.335131835938,0.932109375,0.04168
2.72974681854,0.328295898438,0.930400390625,0.17768
2.73284101486,0.331225585938,0.93162109375,0.03768
2.73595094681,0.333666992188,0.93064453125,1.08568
2.73909902573,0.330004882813,0.936015625,0.03768
2.74219799042,0.332446289063,0.9272265625,0.03368
2.74530482292,0.329272460938,0.9311328125,0.10968
2.74839091301,0.336596679688,0.927470703125,0.06168
2.75148701668,0.337573242188,0.928447265625,0.00568000000001
2.75457787514,0.328784179688,0.92869140625,0.04568
2.75766801834,0.336840820313,0.938701171875,-0.02632
2.76076698303,0.335131835938,0.933818359375,0.12568
2.76385688782,0.337329101563,0.92771484375,0.02568
2.76697802544,0.336596679688,0.938212890625,0.04568
2.7701280117,0.330737304688,0.92625,0.04168
2.77322602272,0.334887695313,0.93064453125,0.05368
2.77633690834,0.335375976563,0.937724609375,0.12168
2.77943682671,0.337084960938,0.934306640625,0.02968
2.78252387047,0.333422851563,0.935771484375,1.08568
2.78561091423,0.332690429688,0.930400390625,-0.00631999999999
2.7887108326,0.334155273438,0.941875,0.00568000000001
2.79181289673,0.344897460938,0.937724609375,1.09368
2.79489684105,0.330493164063,0.93455078125,0.02168
2.79798197746,0.334155273438,0.926005859375,-0.00631999999999
2.8011238575,0.339770507813,0.9155078125,0.00968
2.80421686172,0.332934570313,0.939189453125,-0.02232
2.80732679367,0.327563476563,0.9369921875,0.10568
2.81042599678,0.336596679688,0.927470703125,-0.00631999999999
2.81351280212,0.336352539063,0.9291796875,0.06568
2.81660580635,0.331469726563,0.9369921875,0.06168
2.81971001625,0.329272460938,0.929423828125,1.09768
2.82280397415,0.321948242188,0.93162109375,-0.06632
2.82590103149,0.328295898438,0.93015625,0.14968
2.82898592949,0.336108398438,0.92673828125,0.07768
2.83207893372,0.335131835938,0.929423828125,0.04568
2.83517098427,0.332446289063,0.928447265625,0.05768
2.83825802803,0.335620117188,0.9350390625,0.02568
2.84136199951,0.329760742188,0.929423828125,0.05368
2.84445786476,0.331469726563,0.93943359375,0.01768
2.84754896164,0.333666992188,0.938701171875,0.01768
2.85069680214,0.343920898438,0.929423828125,-0.92232
2.85378885269,0.333911132813,0.95310546875,1.09768
2.85687589645,0.332446289063,0.934794921875,-0.01032
2.85996794701,0.333178710938,0.912822265625,0.00968
2.86306095123,0.321215820313,0.931376953125,0.06968
2.86617779732,0.331713867188,0.93845703125,0.03768
2.86926579475,0.332202148438,0.93552734375,1.08968
2.87236690521,0.330249023438,0.932353515625,0.06168
2.87546086311,0.334887695313,0.9194140625,0.15768
2.87860798836,0.332934570313,0.930888671875,-0.01032
2.88171100616,0.333422851563,0.928203125,0.06568
2.88480782509,0.322680664063,0.936259765625,0.02168
2.88791680336,0.330981445313,0.930888671875,0.02968
2.89100980759,0.331225585938,0.926494140625,0.00568000000001
2.894094944,0.333666992188,0.934306640625,0.09368
2.8971889019,0.327075195313,0.939921875,-0.03032
2.90036892891,0.330004882813,0.9369921875,0.08168
2.90347480774,0.327563476563,0.92478515625,-0.05432
2.90657401085,0.326831054688,0.927470703125,0.04968
2.90967297554,0.325366210938,0.93845703125,0.02968
2.91275882721,0.348803710938,0.936015625,1.04968
2.9158539772,0.334643554688,0.932841796875,-0.02632
2.91895079613,0.329272460938,0.92478515625,0.02968
2.9220468998,0.326831054688,0.93650390625,0.06168
2.92513298988,0.337084960938,0.934306640625,1.07768
2.92822599411,0.333911132813,0.928935546875,0.04968
2.93132400513,0.332934570313,0.925517578125,0.00568000000001
2.93441200256,0.328295898438,0.9272265625,1.06568
2.93750786781,0.331469726563,0.927958984375,0.04168
2.94066691399,0.331958007813,0.924541015625,0.15368
2.94376897812,0.323168945313,0.938212890625,0.10568
2.94685792923,0.322924804688,0.92673828125,0.02168
2.94995379448,0.336596679688,0.933818359375,0.02968
2.95304894447,0.336596679688,0.924296875,-0.94632
2.95613193512,0.330493164063,0.93796875,0.03368
2.95922589302,0.333666992188,0.926005859375,0.13768
2.96233797073,0.332690429688,0.930888671875,1.02968
2.96543383598,0.332202148438,0.928935546875,-0.92232
2.96852493286,0.330004882813,0.93162109375,1.09368
2.97167181969,0.333911132813,0.935771484375,0.20968
2.97475481033,0.329760742188,0.93259765625,0.09768
2.97785282135,0.336596679688,0.95310546875,0.07368
2.98095083237,0.349047851563,0.93552734375,0.01368
2.98404383659,0.335864257813,0.935771484375,-0.91832
2.98712992668,0.333666992188,0.936015625,-0.01832
2.99022483826,0.330493164063,0.930400390625,0.07768
2.9933359623,0.331469726563,0.941875,0.00568000000001
2.99643182755,0.330737304688,0.929912109375,0.01768
2.99952697754,0.349291992188,0.92380859375,0.09368
