0.00029993057251, 0.0013720703125,-0.028
0.00244903564453, -0.0013134765625,-0.072
0.00452303886414, 0.0013720703125,-0.004
0.00659608840942, 0.0003955078125,-0.08
0.00867915153503, 0.0025927734375,-0.048
0.0107500553131, 0.0072314453125,-0.092
0.0128221511841, -0.0010693359375,-0.104
0.0148870944977, -0.0044873046875,1.108
0.0169539451599, -0.0037548828125,-0.012
0.0191020965576, 0.0001513671875,-0.036
0.0211620330811, 0.0030810546875,0.024
0.023236989975, -0.0025341796875,-0.136
0.0253081321716, 0.0023486328125,-0.032
0.0273771286011, 0.0069873046875,0.012
0.0413291454315, -0.0005810546875,-0.064
0.0437760353088, -0.0035107421875,-0.08
0.0460169315338, 0.0016162109375,-0.052
0.0509130954742, -0.0015576171875,0.0
0.0538470745087, 0.0003955078125,-0.108
0.0559270381927, -0.0015576171875,0.036
0.0580050945282, -0.0047314453125,-0.012
0.0601689815521, 0.0013720703125,-0.048
0.0622460842133, 0.0011279296875,-0.092
0.064325094223, 0.0055224609375,0.028
0.0663950443268, 0.0030810546875,-0.036
0.0684721469879, -0.0027783203125,0.028
0.0705399513245, -0.0005810546875,0.024
0.0726139545441, 0.0025927734375,-0.044
0.0746800899506, -0.0013134765625,0.016
0.0767560005188, 0.0033251953125,-0.068
0.0788331031799, 0.0082080078125,-0.012
0.0809011459351, -9.27734375e-05,-0.08
0.0829789638519, -0.0013134765625,-0.124
0.0850491523743, 0.0030810546875,-0.132
0.0871210098267, 0.0025927734375,-0.104
0.0891950130463, -0.0027783203125,-0.076
0.0912699699402, 0.0023486328125,-0.908
0.0933420658112, -0.0010693359375,-0.072
0.0954160690308, 0.0035693359375,-0.056
0.097489118576, 0.0025927734375,-0.036
0.099632024765, 0.0040576171875,0.008
0.101706981659, 0.0060107421875,-0.052
0.103778123856, -0.0005810546875,-0.072
0.105855941772, 0.0003955078125,-0.132
0.107926130295, 0.0023486328125,-0.048
0.110000133514, 0.0018603515625,-0.112
0.112076044083, -0.0030224609375,-0.012
0.114145040512, 0.0013720703125,-0.036
0.116219043732, 0.0003955078125,-0.08
0.118288993835, -9.27734375e-05,-0.1
0.120368003845, -0.0022900390625,-0.148
0.122437953949, 0.0047900390625,-0.02
0.124509096146, 0.0018603515625,-0.148
0.126579046249, 0.0028369140625,-0.128
0.128648042679, -0.0132763671875,-0.228
0.130717039108, 0.0023486328125,-0.008
0.132787942886, 0.0033251953125,-0.076
0.134860038757, -0.0008251953125,-0.072
0.136929035187, 0.0033251953125,-0.12
0.139004945755, -0.0044873046875,-0.064
0.141078948975, -0.0015576171875,-0.02
0.14314699173, 0.0035693359375,-0.108
0.145221948624, -0.0035107421875,-0.072
0.147330999374, 0.0001513671875,-0.032
0.149400949478, 0.0030810546875,-0.112
0.151473045349, 0.0011279296875,-0.016
0.153542041779, 0.0011279296875,-0.124
0.155616044998, 0.0030810546875,-0.084
0.157685041428, -0.0052197265625,-0.044
0.159760951996, 0.0038134765625,-0.056
0.161836147308, 0.0003955078125,-0.052
0.163902997971, -0.0013134765625,-0.068
0.165975093842, -0.0005810546875,-0.048
0.168089151382, -0.0010693359375,-0.204
0.170161962509, -0.0042431640625,-0.024
0.172235012054, -0.0079052734375,-0.06
0.174304008484, -0.0059521484375,-0.092
0.176378011703, -0.0008251953125,-0.016
0.178451061249, -0.0022900390625,-0.004
0.180519104004, 0.0067431640625,0.032
0.182590007782, 0.0062548828125,-0.048
0.184657096863, 0.0018603515625,-0.06
0.186730146408, 0.0023486328125,-0.028
0.18880200386, 0.0003955078125,0.044
0.190875053406, -0.0032666015625,0.0
0.192948102951, -0.0020458984375,0.008
0.195018053055, -0.0035107421875,-0.056
0.1970911026, -0.0022900390625,-0.056
0.199174165726, 0.0013720703125,-0.016
0.201250076294, -0.0022900390625,-0.012
0.203324079514, 0.0001513671875,-0.008
0.205393075943, -0.0027783203125,0.044
0.207466125488, -0.0013134765625,0.056
0.209599018097, -9.27734375e-05,0.004
0.211673021317, 0.0082080078125,-0.9
0.213745117188, -0.0076611328125,0.132
0.215834140778, -0.0010693359375,-0.916
0.217904090881, -0.0027783203125,1.104
0.219980955124, -0.0066845703125,0.056
0.222051143646, -0.0027783203125,0.036
0.22412610054, -0.0042431640625,0.08
0.226197957993, 0.0013720703125,0.012
0.228268146515, -0.0008251953125,0.036
0.230342149734, -0.0035107421875,0.14
0.232568025589, 0.0050341796875,0.172
0.23464512825, -0.0008251953125,0.132
0.236717939377, 0.0001513671875,0.12
0.238786935806, -0.0008251953125,0.128
0.240855932236, 0.0003955078125,0.176
0.242922067642, 0.0006396484375,0.208
0.244992017746, -0.0025341796875,0.124
0.247094154358, -0.0052197265625,1.12
0.249174118042, -0.0008251953125,0.136
0.251245975494, 0.0016162109375,1.112
0.253316164017, 0.0030810546875,1.12
0.255383014679, 0.0052783203125,0.076
0.257456064224, 0.0021044921875,0.236
0.259587049484, 0.0021044921875,0.12
0.261654138565, 0.0043017578125,0.172
0.263729095459, -0.0030224609375,0.08
0.265797138214, 0.0060107421875,0.128
0.267871141434, 0.0057666015625,0.12
0.269946098328, 0.0035693359375,0.144
0.272017002106, -0.0018017578125,0.124
0.274091005325, 0.0043017578125,0.124
0.276165008545, 0.0003955078125,0.168
0.278239011765, 0.0013720703125,0.196
0.280311107635, -0.0027783203125,0.252
0.282382965088, -0.0044873046875,0.152
0.2844581604, -0.0044873046875,0.044
0.286524057388, 0.0013720703125,0.072
0.288603067398, -0.0018017578125,0.152
0.290667057037, -0.0008251953125,0.168
0.292737960815, -0.0020458984375,0.124
0.294803142548, -0.0030224609375,1.1
0.296875, 0.0011279296875,0.184
0.298952102661, -0.0025341796875,0.168
0.301018953323, 0.0008837890625,0.14
0.303091049194, -9.27734375e-05,0.224
0.305168151855, 0.0021044921875,0.108
0.307239055634, 0.0023486328125,0.184
0.309311151505, 0.0021044921875,-0.912
0.311383008957, -0.0039990234375,0.116
0.313459157944, 0.0064990234375,1.12
0.31552696228, -0.0005810546875,0.116
0.317600011826, 0.0023486328125,0.16
0.319672107697, 0.0030810546875,0.104
0.32174706459, -0.0005810546875,0.172
0.323820114136, 0.0018603515625,0.176
0.32589006424, 0.0047900390625,-0.904
0.327963113785, -0.0022900390625,0.204
0.330089092255, 0.0003955078125,0.104
0.332155942917, 0.0082080078125,0.136
0.334226131439, -0.0037548828125,0.168
0.336290121078, 0.0016162109375,1.116
0.338364124298, 0.0016162109375,0.06
0.340430021286, -0.0013134765625,0.048
0.342503070831, 0.0052783203125,0.036
0.344578027725, 0.0047900390625,0.068
0.346647024155, -9.27734375e-05,0.144
0.348752975464, 0.0016162109375,0.044
0.350826978683, -0.0022900390625,0.076
0.352895975113, 0.0035693359375,0.088
0.354970932007, -0.0013134765625,0.148
0.357039928436, -0.0025341796875,-0.032
0.359118938446, 0.0021044921875,0.096
0.361191034317, -0.0005810546875,-0.008
0.363260984421, 0.0028369140625,0.06
0.365335941315, 0.0040576171875,0.076
0.367402076721, -0.0027783203125,0.052
0.369478940964, 0.0001513671875,0.072
0.371547937393, -0.0020458984375,0.04
0.373620986938, 0.0033251953125,0.068
0.3756980896, 0.0057666015625,0.028
0.377767086029, -0.0013134765625,0.024
0.379842996597, 0.0055224609375,0.108
0.381905078888, -0.0015576171875,0.032
0.383975982666, 0.0028369140625,0.068
0.386038064957, -0.0030224609375,-0.016
0.388113021851, -0.0010693359375,0.0
0.39018201828, -0.0015576171875,0.06
0.3922560215, 0.0018603515625,-0.036
0.394327163696, 0.0016162109375,-0.004
0.396394968033, 0.0040576171875,-0.032
0.398470163345, -0.0066845703125,-0.028
0.400537014008, 0.0011279296875,-0.028
0.402610063553, 0.0011279296875,-0.096
0.404680013657, -0.0018017578125,0.024
0.406752109528, 0.0006396484375,1.104
0.408830165863, 0.0016162109375,-0.004
0.4108979702, -0.0003369140625,-0.044
0.412971973419, -0.0018017578125,-0.184
0.415040969849, -0.0018017578125,-0.084
0.417114019394, -9.27734375e-05,0.004
0.419191122055, -0.0015576171875,-0.144
0.421260118484, 0.0033251953125,-0.076
0.423334121704, 0.0047900390625,-0.088
0.425400018692, 0.0011279296875,-0.072
0.427469968796, -0.0010693359375,-0.06
0.429600000381, -0.0005810546875,-0.108
0.431664943695, -0.0049755859375,-0.056
0.433737039566, -0.0030224609375,-0.116
0.43580698967, -0.0052197265625,-0.076
0.437880039215, -0.0018017578125,-0.088
0.439954996109, 0.0016162109375,-0.008
0.442023038864, -0.0039990234375,-0.108
0.444097042084, -0.0042431640625,-0.188
0.446165084839, 0.0030810546875,-0.048
0.448266983032, 0.0030810546875,-0.176
0.450340986252, 0.0077197265625,-0.124
0.452409029007, 0.0052783203125,-0.092
0.454553127289, 0.0028369140625,-0.104
0.456634998322, 0.0018603515625,-0.18
0.458713054657, 0.0016162109375,-0.172
0.460780143738, 0.0013720703125,-0.104
0.462855100632, 0.0077197265625,-0.128
0.464925050735, 0.0006396484375,-0.084
0.466999053955, 0.0028369140625,-0.12
0.469126939774, -0.0059521484375,-0.104
0.47120308876, -0.0010693359375,-0.18
0.47327709198, -0.0037548828125,-0.132
0.475350141525, -9.27734375e-05,-0.08
0.477424144745, 0.0013720703125,-0.008
0.479500055313, 0.0055224609375,-0.12
0.481575012207, 0.0030810546875,-0.128
0.483643054962, -0.0010693359375,-0.104
0.48571395874, 0.0016162109375,-0.072
0.487782001495, -0.0030224609375,-0.12
0.489855051041, 0.0013720703125,-0.12
0.491922140121, 0.0003955078125,-0.08
0.4939930439, -0.0030224609375,-0.052
0.496066093445, -0.0003369140625,-0.056
0.498146057129, -0.0013134765625,-0.088
0.50022315979, 0.0050341796875,-0.06
0.502290010452, 0.0018603515625,-0.04
0.504364013672, -0.0027783203125,-0.104
0.506433963776, -9.27734375e-05,-0.024
0.508561134338, 0.0016162109375,-0.088
0.510633945465, -9.27734375e-05,-0.06
0.512714147568, -0.0032666015625,-0.068
0.514789104462, 0.0033251953125,-0.136
0.516863107681, 0.0021044921875,-0.124
0.518938064575, 0.0008837890625,-0.104
0.521010160446, 0.0043017578125,-0.104
0.523082971573, -0.0032666015625,-0.12
0.525151014328, -0.0013134765625,-0.044
0.527224063873, -0.0005810546875,-0.068
0.529299974442, -0.0047314453125,-0.028
0.531373023987, 0.0016162109375,-0.052
0.533444166183, 0.0013720703125,-0.02
0.535510063171, -0.0010693359375,-0.072
0.537584066391, -0.0003369140625,-0.124
0.539654970169, -0.0005810546875,-0.028
0.541728019714, 0.0021044921875,0.0
0.543796062469, -0.0044873046875,0.008
0.54586815834, 0.0001513671875,-0.036
0.547940969467, -0.0018017578125,-0.068
0.550040960312, 0.0028369140625,-0.096
0.552114963531, -0.0013134765625,-0.076
0.554185152054, -0.0042431640625,-0.04
0.556256055832, -0.0037548828125,0.0
0.558331012726, 0.0013720703125,0.044
0.560400009155, -0.0037548828125,-0.104
0.562472105026, -0.0015576171875,-0.032
0.564538002014, -0.0020458984375,-0.028
0.566612005234, -0.0037548828125,-0.024
0.568688154221, 0.0050341796875,-0.104
0.570755958557, -0.0032666015625,0.02
0.572827100754, -0.0035107421875,0.032
0.574897050858, -0.0013134765625,-0.092
0.576970100403, 0.0023486328125,-0.12
0.579093933105, -0.0013134765625,-0.02
0.581160068512, -0.0030224609375,-0.048
0.58323097229, 0.0001513671875,0.056
0.585297107697, -9.27734375e-05,0.044
0.587371110916, 0.0008837890625,-0.028
0.589444160461, 0.0008837890625,0.08
0.591513156891, -9.27734375e-05,-0.02
0.593591928482, 0.0050341796875,0.056
0.595659971237, 0.0011279296875,-0.016
0.597732067108, -0.0044873046875,0.04
0.599805116653, 0.0018603515625,-0.004
0.601879119873, -0.0018017578125,0.028
0.603950023651, 0.0018603515625,0.016
0.606021165848, 0.0013720703125,0.048
0.608102083206, 0.0016162109375,0.032
0.61017203331, -0.0030224609375,-0.02
0.612244129181, -0.0049755859375,0.04
0.614318132401, -0.0037548828125,0.06
0.616390943527, 0.0074755859375,0.068
0.618463993073, 0.0016162109375,-0.08
0.620532035828, -0.0027783203125,-0.068
0.622604131699, -0.0030224609375,0.036
0.624674081802, 0.0030810546875,-0.004
0.626744031906, -0.0020458984375,0.056
0.628821134567, -0.0027783203125,0.008
0.630887985229, -0.0020458984375,0.164
0.632961988449, -9.27734375e-05,0.008
0.635031938553, -0.0013134765625,-0.072
0.637107133865, 0.0011279296875,0.084
0.639178037643, -0.0039990234375,0.044
0.641252040863, -0.0022900390625,0.036
0.643326044083, -0.0018017578125,0.008
0.645395040512, 0.0047900390625,0.068
0.647468090057, -0.0008251953125,-0.032
0.649619102478, 0.0025927734375,0.024
0.651695966721, 0.0018603515625,0.012
0.653764009476, 0.0018603515625,-0.008
0.655840158463, 0.0035693359375,0.044
0.657907962799, -0.0003369140625,-0.028
0.659986019135, 0.0035693359375,0.032
0.662058115005, -0.0013134765625,-0.056
0.664129972458, -0.0005810546875,-0.924
0.666204929352, -0.0022900390625,0.14
0.668277978897, 0.0050341796875,0.044
0.670354127884, -0.0020458984375,0.02
0.672425985336, 0.0013720703125,-0.004
0.674571990967, -0.0015576171875,0.012
0.676651954651, 0.0040576171875,0.064
0.678729057312, 0.0013720703125,0.028
0.680802106857, -0.0018017578125,-0.004
0.682877063751, 0.0011279296875,-0.028
0.684947013855, 0.0050341796875,-0.016
0.687016010284, 0.0001513671875,0.028
0.689146995544, 0.0035693359375,-0.024
0.691218137741, 0.0079638671875,-0.068
0.69328212738, 0.0013720703125,-0.052
0.695353984833, 0.0023486328125,-0.112
0.697422027588, 0.0023486328125,-0.016
0.699496984482, 0.0047900390625,-0.048
0.701571941376, -0.0005810546875,-0.116
0.703642129898, -0.0042431640625,-0.112
0.705718040466, 0.0050341796875,-0.152
0.707786083221, -0.0057080078125,-0.1
0.709864139557, 0.0018603515625,-0.144
0.711931943893, -0.0044873046875,-0.108
0.714004993439, 0.0008837890625,-0.12
0.716078996658, -0.0027783203125,-0.072
0.718152046204, 0.0035693359375,-0.084
0.720226049423, 0.0021044921875,-0.232
0.722295045853, -0.0010693359375,-0.12
0.724367141724, 0.0003955078125,-0.096
0.72643995285, 0.0072314453125,-0.12
0.728569030762, -0.0047314453125,-0.112
0.730643987656, 0.0008837890625,-0.144
0.732717990875, 0.0086962890625,-0.16
0.734784126282, -9.27734375e-05,-0.132
0.736861944199, 0.0018603515625,-0.164
0.738933086395, -0.0008251953125,-0.112
0.741003990173, -0.0027783203125,-0.208
0.743076086044, 0.0016162109375,-0.096
0.745144128799, -0.0005810546875,-0.192
0.747218132019, 0.0003955078125,-0.16
0.749288082123, 0.0016162109375,-0.148
0.75139093399, 0.0025927734375,-0.216
0.753463983536, 0.0033251953125,-0.112
0.755532026291, -0.0013134765625,-0.168
0.75760602951, 0.0047900390625,-0.112
0.759676933289, 0.0003955078125,-0.18
0.761752128601, 0.0025927734375,-0.196
0.763826131821, -0.0098583984375,-0.168
0.76589512825, 0.0033251953125,-0.136
0.767967939377, 0.0069873046875,-0.148
0.770097017288, -0.0059521484375,-0.12
0.772166013718, -0.0037548828125,-0.204
0.774239063263, 0.0033251953125,-0.032
0.776311159134, 0.0040576171875,-0.14
0.778383016586, -0.0022900390625,-0.144
0.78045797348, -0.0049755859375,-0.052
0.782526016235, -0.0035107421875,-0.076
0.784599065781, 0.0025927734375,-0.136
0.786667108536, 0.0003955078125,-0.148
0.788740158081, -0.0206005859375,-0.172
0.790807962418, -0.0030224609375,-0.032
0.792876958847, 0.0079638671875,-0.016
0.794949054718, 0.0025927734375,-0.12
0.797017097473, -0.0010693359375,-0.116
0.799139976501, -0.0047314453125,-0.028
0.801213979721, -0.0010693359375,-0.064
0.803281068802, -0.0025341796875,-0.128
0.80535197258, -0.0005810546875,-0.06
0.807423114777, -9.27734375e-05,-0.18
0.809503078461, 0.0025927734375,-0.02
0.811574935913, -0.0052197265625,-0.016
0.813643932343, -0.0064404296875,-0.08
0.815716981888, 0.0003955078125,-0.02
0.817784070969, 0.0018603515625,-0.088
0.819860935211, -0.0044873046875,0.024
0.821931123734, 0.0001513671875,0.024
0.82400393486, 0.0018603515625,-0.064
0.826076030731, -0.0032666015625,-0.016
0.828149080276, -0.0010693359375,-0.044
0.830222129822, -0.0030224609375,-0.004
0.83228802681, -0.0015576171875,0.072
0.834358930588, -0.0054638671875,-0.08
0.836426019669, -0.0042431640625,-0.02
0.838499069214, -0.0030224609375,0.024
0.840575933456, 0.0003955078125,0.02
0.842644929886, -0.0044873046875,0.036
0.844718933105, 0.0040576171875,0.0
0.846785068512, 0.0003955078125,0.052
0.848858118057, 0.0008837890625,0.06
0.850955963135, -9.27734375e-05,0.036
0.85302901268, 0.0035693359375,0.06
0.855101108551, -0.0037548828125,-0.924
0.857169151306, 0.0047900390625,0.016
0.859241008759, -9.27734375e-05,0.068
0.861315965652, -0.0037548828125,0.068
0.863389968872, -0.0052197265625,0.108
0.865462064743, 0.0018603515625,0.064
0.867529153824, -0.0015576171875,0.132
0.869647026062, -0.0015576171875,0.016
0.871721982956, -0.0022900390625,0.116
0.873790979385, 0.0052783203125,0.108
0.875865936279, 0.0028369140625,0.152
0.877938985825, 0.0023486328125,0.008
0.880007982254, -0.0035107421875,0.136
0.882080078125, -0.0005810546875,0.24
0.884142160416, 0.0013720703125,0.184
0.886211156845, 0.0006396484375,0.06
0.888278961182, -0.0057080078125,0.12
0.890352010727, 0.0064990234375,0.152
0.892500162125, 0.0006396484375,0.132
0.894576072693, -0.0035107421875,0.168
0.896646022797, -0.0083935546875,1.088
0.898723125458, -0.0027783203125,0.148
0.900794029236, 0.0006396484375,0.116
0.902868032455, 0.0028369140625,0.064
0.904942035675, -0.0018017578125,0.156
0.907012939453, -0.0008251953125,0.16
0.909137964249, 0.0018603515625,0.092
0.911213159561, -0.0022900390625,0.224
0.913287162781, -0.0022900390625,1.12
0.915359973907, 0.0033251953125,-0.916
0.91743016243, 0.0040576171875,-0.896
0.919502019882, 0.0023486328125,0.14
0.921576976776, -0.0059521484375,0.06
0.923645019531, 0.0052783203125,0.096
0.925717115402, 0.0011279296875,0.148
0.927786111832, 0.0064990234375,0.024
0.929861068726, 0.0013720703125,0.008
0.931931972504, -0.0027783203125,-0.892
0.934000968933, 0.0072314453125,1.104
0.936071157455, 0.0043017578125,0.072
0.938142061234, 0.0047900390625,0.176
0.940214157104, 0.0035693359375,1.08
0.942278146744, 0.0028369140625,-0.008
0.944350004196, -0.0005810546875,0.124
0.946419000626, -0.0027783203125,-0.012
0.948493003845, 0.0045458984375,0.04
0.950566053391, -0.0020458984375,0.004
0.952671051025, 0.0023486328125,0.052
0.954746007919, -0.0035107421875,-0.08
0.956822156906, 0.0040576171875,0.008
0.958894014359, 0.0033251953125,0.004
0.960968017578, 0.0057666015625,0.008
0.963036060333, 0.0023486328125,-0.112
0.965106964111, 0.0033251953125,-0.02
0.967178106308, 0.0003955078125,0.012
0.969253063202, -0.0008251953125,-0.04
0.971328020096, -0.0005810546875,-0.032
0.9733979702, 0.0035693359375,-0.032
0.975471973419, 0.0021044921875,-0.092
0.977540016174, -0.0054638671875,-0.172
0.979617118835, 0.0016162109375,-0.028
0.981686115265, -0.0003369140625,0.0
0.983752965927, -0.0005810546875,-0.036
0.985825061798, -0.0015576171875,-0.14
0.987889051437, -0.0022900390625,-0.088
0.989964008331, -0.0015576171875,-0.068
0.992032051086, 0.0050341796875,-0.104
0.994102954865, 0.0028369140625,-0.1
0.996174097061, -0.0057080078125,0.016
0.998250007629, 0.0006396484375,-0.06
1.00032401085, -0.0025341796875,-0.048
1.00239515305, 0.0013720703125,-0.156
1.00446796417, -0.0037548828125,-0.012
1.00653600693, 0.0035693359375,-0.108
1.00861501694, 0.0050341796875,-0.108
1.01068806648, -0.0008251953125,-0.068
1.01275515556, -0.0027783203125,-0.068
1.01483297348, 0.0025927734375,-0.076
1.01690006256, 0.0023486328125,-0.084
1.0189781189, 0.0003955078125,-0.168
1.02104496956, 0.0025927734375,-0.192
1.02311515808, -0.0049755859375,-0.056
1.02518701553, 0.0023486328125,-0.112
1.02725505829, 0.0033251953125,-0.1
1.02932906151, -0.0044873046875,-0.148
1.0313949585, -0.0057080078125,-0.228
1.03347015381, -0.0020458984375,-0.184
1.03553509712, 0.0086962890625,-0.096
1.03760814667, -0.0003369140625,-0.244
1.03968214989, 0.0052783203125,-0.216
1.04175305367, 0.0035693359375,-0.176
1.04382610321, 0.0067431640625,-0.148
1.04589414597, 0.0013720703125,-0.104
1.04796695709, 0.0006396484375,-0.136
1.05009412766, 0.0040576171875,-0.192
1.05218815804, -0.0008251953125,-0.188
1.05426216125, 0.0089404296875,-0.168
1.05633616447, -0.0054638671875,-0.188
1.05840802193, 0.0011279296875,-0.176
1.06048202515, -0.0015576171875,-0.196
1.06255292892, -0.0003369140625,-0.212
1.06462693214, -0.0035107421875,-0.1
1.06670212746, -0.0049755859375,-0.164
1.06877303123, 0.0038134765625,-0.184
1.07084512711, -0.0047314453125,-0.196
1.07290816307, -0.0042431640625,-0.156
1.07497596741, 0.0035693359375,-0.116
1.07703995705, 0.0011279296875,-0.14
1.07911801338, 0.0028369140625,-0.084
1.0811920166, 0.0084521484375,-0.172
1.08326196671, 0.0008837890625,-0.092
1.08533596992, -0.0005810546875,-0.056
1.08740305901, -0.0010693359375,-0.156
1.08948111534, 0.0013720703125,-0.152
1.09155106544, -0.0030224609375,-0.14
1.09362316132, -9.27734375e-05,-0.164
1.09570097923, -0.0042431640625,-0.168
1.09777092934, 0.0006396484375,-0.124
1.09984993935, -0.0022900390625,-0.104
1.10192108154, 0.0021044921875,-0.128
1.10399103165, -0.0020458984375,-0.188
1.10606312752, -0.0179150390625,-0.152
1.10813498497, 0.0021044921875,-0.08
1.11020898819, -0.0003369140625,-0.16
1.11228108406, -0.0037548828125,-0.156
1.11441612244, 0.0021044921875,-0.072
1.11649608612, 0.0045458984375,-0.192
1.11862897873, -0.0010693359375,-0.136
1.12070798874, 0.0001513671875,-0.08
1.12277507782, -0.0003369140625,-0.084
1.12484908104, -0.0186474609375,-0.2
1.1269159317, -0.0015576171875,0.012
1.12898993492, -0.0020458984375,-0.12
1.13106012344, -0.0044873046875,-0.06
1.1331281662, -0.0005810546875,-0.044
1.13519906998, -0.0044873046875,-0.124
1.13726902008, -0.0030224609375,-0.064
1.13934612274, -0.0018017578125,-0.104
1.14141893387, -9.27734375e-05,-0.072
1.1434969902, -0.0020458984375,-0.108
1.14557313919, 0.0001513671875,0.024
1.14764094353, -0.0044873046875,-0.052
1.14971804619, 0.0055224609375,-0.004
1.15178513527, 0.0011279296875,-0.028
1.15388607979, -0.0032666015625,-0.012
1.15596008301, -0.0047314453125,-0.06
1.15808010101, -0.0013134765625,-0.004
1.16015911102, 0.0001513671875,0.016
1.16223096848, -0.0047314453125,-0.02
1.16430306435, -0.0032666015625,0.044
1.16637611389, 0.0028369140625,-0.112
1.16845202446, -0.0049755859375,0.088
1.17052006721, -0.0027783203125,0.128
1.17259311676, -9.27734375e-05,0.072
1.17466402054, 0.0084521484375,-0.044
1.17673516273, -0.0018017578125,0.112
1.17880415916, -0.0022900390625,0.052
1.18087506294, -0.0005810546875,-0.912
1.18294405937, -0.0030224609375,0.1
1.1850130558, 0.0001513671875,0.044
1.18708515167, -0.0013134765625,0.076
1.18916010857, -0.0093701171875,0.132
1.19123196602, -0.0037548828125,0.036
1.19330000877, -0.0032666015625,0.092
1.19537401199, -0.0032666015625,0.16
1.19744515419, -9.27734375e-05,0.164
1.19951915741, 0.0021044921875,1.108
1.20159101486, 0.0003955078125,0.176
1.20365810394, -0.0003369140625,0.252
1.20573115349, -0.0069287109375,0.144
1.20780014992, 0.0003955078125,0.144
1.20987510681, -0.0044873046875,0.196
1.21194815636, -0.0220654296875,0.204
1.21401596069, -0.0010693359375,0.2
1.21608805656, -9.27734375e-05,0.184
1.21816015244, 0.0025927734375,0.048
1.22023415565, -0.0022900390625,0.164
1.22230195999, 0.0050341796875,0.296
1.22437310219, 0.0011279296875,0.26
1.22644400597, -0.0022900390625,0.184
1.22859501839, -0.0196240234375,0.188
1.23066401482, 0.0013720703125,0.276
1.23273706436, -0.0005810546875,0.176
1.23480606079, 0.0003955078125,0.256
1.23687601089, 0.0006396484375,0.18
1.23895096779, -0.0013134765625,0.212
1.24101996422, -0.0030224609375,0.224
1.24309396744, 0.0025927734375,0.272
1.24515914917, -0.0025341796875,0.112
1.2472319603, -9.27734375e-05,0.08
1.24930906296, 0.0045458984375,0.256
1.25137996674, 0.0006396484375,0.2
1.25347709656, 0.0052783203125,0.132
1.25554609299, 0.0043017578125,0.036
1.25762009621, -0.0018017578125,0.144
1.2596950531, 0.0035693359375,0.108
1.2617650032, 0.0077197265625,1.108
1.26384115219, -0.0020458984375,0.052
1.26591110229, 0.0021044921875,0.128
1.26798200607, 0.0069873046875,1.104
1.27011394501, -0.0008251953125,0.052
1.27218794823, -0.0037548828125,0.1
1.27425694466, 0.0023486328125,0.132
1.27632713318, 0.0030810546875,0.052
1.27839493752, 0.0003955078125,0.04
1.28046607971, 0.0038134765625,0.116
1.28253102303, 0.0008837890625,0.044
1.28460407257, 0.0023486328125,0.024
1.28667402267, 0.0079638671875,0.052
1.28874993324, 0.0025927734375,0.016
1.29082393646, 0.0035693359375,0.0
1.29289197922, 0.0023486328125,0.02
1.29496502876, 0.0055224609375,0.02
1.29703497887, 0.0089404296875,0.02
1.29911398888, 0.0008837890625,-0.036
1.30118894577, -0.0042431640625,0.044
1.3032579422, -0.0018017578125,-0.048
1.30533409119, 0.0028369140625,0.024
1.30740308762, 0.0035693359375,-0.072
1.30947899818, 0.0023486328125,0.048
1.31154894829, 0.0021044921875,-0.048
1.31362199783, 0.0003955078125,-0.08
1.31569600105, 0.0001513671875,-0.1
1.31776404381, 0.0030810546875,-0.092
1.31983804703, -0.0010693359375,-0.12
1.32190299034, -0.0015576171875,-0.024
1.32397294044, 0.0055224609375,-0.088
1.32604002953, 0.0006396484375,-0.22
1.32811713219, -9.27734375e-05,-0.16
1.3301961422, -0.0015576171875,-0.148
1.33226394653, 0.0013720703125,-0.116
1.3343360424, -0.0005810546875,-0.096
1.33640503883, -0.0171826171875,-0.136
1.33847999573, -0.0013134765625,-0.18
1.34062004089, 0.0003955078125,-0.232
1.34270000458, 0.0006396484375,-0.184
1.34476995468, 0.0028369140625,-0.212
1.34684300423, 0.0011279296875,-0.1
1.34891414642, -0.0030224609375,-0.172
1.35098814964, 0.0050341796875,-0.204
1.35306406021, -0.0015576171875,-0.216
1.35516810417, 0.0023486328125,-0.212
1.35724210739, -0.0030224609375,-0.212
1.35932016373, -0.0008251953125,-0.196
1.36138796806, -0.0027783203125,-0.244
1.36346006393, 0.0003955078125,-0.176
1.36552810669, 0.0045458984375,-0.22
1.36759996414, 0.0021044921875,-0.228
1.3696680069, -0.0013134765625,-0.212
1.371737957, -0.0022900390625,-0.204
1.37381005287, -0.0044873046875,-0.168
1.37587809563, -0.0047314453125,-0.192
1.3779489994, -0.0015576171875,-0.236
1.38002109528, 0.0028369140625,-0.284
1.38209414482, 0.0001513671875,-0.28
1.38416409492, -0.0027783203125,-0.184
1.38623595238, 0.0028369140625,-0.156
1.38830900192, -0.0008251953125,-0.212
1.39038205147, -0.0022900390625,-0.24
1.39245796204, 0.0011279296875,-0.248
1.39452695847, -0.0054638671875,-0.132
1.39660096169, -0.0035107421875,-0.132
1.39867401123, 0.0003955078125,-0.196
1.40074896812, 0.0033251953125,-0.204
1.40282201767, -0.0008251953125,-0.224
1.40490293503, -0.0049755859375,-0.184
1.40704298019, -9.27734375e-05,-0.18
1.40981793404, 0.0043017578125,-0.172
1.41189098358, -0.0027783203125,-0.144
1.41396999359, -0.0013134765625,-0.172
1.41604399681, 0.0016162109375,-0.06
1.4181189537, -0.0025341796875,-0.092
1.42017698288, 0.0025927734375,-0.2
1.42223501205, -0.0032666015625,-0.116
1.42428994179, 0.0052783203125,-0.076
1.42634701729, 0.0001513671875,-0.148
1.42840695381, -0.0064404296875,-0.1
1.43047904968, -0.0064404296875,-0.08
1.43254709244, -0.0032666015625,-0.088
1.43461894989, -0.0035107421875,-0.116
1.43669009209, 0.0038134765625,-0.104
1.43875694275, -0.0020458984375,-0.052
1.44081807137, 0.0052783203125,-0.056
1.44287800789, -0.0018017578125,-0.116
1.44493913651, 0.0003955078125,-0.104
1.4469909668, 0.0047900390625,0.056
1.44913911819, 0.0021044921875,-0.108
1.45121312141, -0.0027783203125,-0.02
1.45327997208, 0.0018603515625,-0.088
1.4553861618, -0.0003369140625,-0.08
1.45746016502, -0.0010693359375,-0.04
1.45958209038, 0.0006396484375,-0.016
1.46165108681, -0.0039990234375,0.004
1.46372795105, -0.0010693359375,-0.04
1.46579813957, -0.0020458984375,-0.016
1.46787309647, 0.0018603515625,-0.108
1.4699511528, 0.0018603515625,-0.032
1.47201800346, 0.0001513671875,0.088
1.47409296036, 0.0011279296875,0.004
1.47616410255, 0.0043017578125,-0.064
1.47823810577, -0.0005810546875,-0.028
1.48031306267, 0.0016162109375,0.072
1.4823820591, -0.0059521484375,0.028
1.48445105553, -0.0188916015625,0.048
1.48651599884, -0.0064404296875,-0.924
1.48859405518, -0.0027783203125,-0.076
1.49066495895, -0.0013134765625,0.136
1.4927380085, 0.0006396484375,0.012
1.49481201172, -0.0003369140625,0.052
1.49688410759, -0.0022900390625,0.08
1.49896097183, -0.0015576171875,0.068
1.50102710724, -0.0054638671875,-0.024
1.50310301781, -0.0008251953125,-0.028
1.50517511368, -0.0064404296875,0.132
1.50724697113, -0.0179150390625,-0.916
1.50932312012, -0.0008251953125,0.032
1.5113940239, 0.0001513671875,-0.92
1.51346802711, -0.0193798828125,0.076
1.51553702354, -0.0064404296875,0.08
1.51760911942, -0.0018017578125,0.12
1.51968812943, -0.0005810546875,0.056
1.52175807953, -0.0049755859375,0.068
1.52382707596, 0.0040576171875,0.072
1.5258910656, 0.0001513671875,0.076
1.5279610157, -0.0025341796875,0.204
1.53008508682, -0.0037548828125,0.044
1.53214907646, 0.0025927734375,0.076
1.53421807289, -0.0008251953125,-0.908
1.53628396988, -0.0003369140625,0.128
1.5383579731, -0.0020458984375,1.112
1.54042696953, -0.0010693359375,0.068
1.5424990654, 0.0028369140625,0.124
1.54457306862, -0.0022900390625,0.084
1.54664111137, -0.0020458984375,0.136
1.54871797562, -0.0010693359375,0.02
1.55078697205, 0.0021044921875,0.032
1.55286312103, -0.0015576171875,0.04
1.55493712425, -0.0025341796875,0.116
1.55703616142, 0.0047900390625,0.12
1.55911612511, -0.0059521484375,0.116
1.56119203568, -0.0018017578125,0.032
1.56326293945, 0.0011279296875,0.04
1.565335989, -0.0039990234375,0.08
1.56752896309, -0.0010693359375,0.108
1.56961798668, -0.0047314453125,0.06
1.57169008255, -0.0042431640625,0.08
1.57376003265, 0.0030810546875,0.088
1.57583403587, 0.0013720703125,-0.924
1.57789993286, 0.0001513671875,1.104
1.57997393608, 0.0006396484375,0.072
1.58204293251, 0.0043017578125,0.024
1.58411598206, 0.0062548828125,0.0
1.58618402481, -0.0027783203125,0.02
1.58825206757, -0.0003369140625,0.012
1.59032416344, -0.0032666015625,0.088
1.5923910141, -0.0020458984375,-0.06
1.59446501732, -0.0030224609375,0.044
1.5965321064, -0.0005810546875,0.052
1.59861397743, -0.0003369140625,0.012
1.60069203377, 0.0008837890625,0.02
1.60276198387, 0.0006396484375,0.064
1.60483813286, 0.0003955078125,-0.04
1.60690593719, -0.0027783203125,0.008
1.60898303986, 0.0038134765625,-0.9
1.61105704308, -0.0044873046875,0.072
1.61312603951, 0.0025927734375,1.112
1.61519908905, -0.0008251953125,0.032
1.61726713181, 0.0023486328125,0.052
1.61934399605, 0.0011279296875,0.012
1.62141299248, -0.0025341796875,0.036
1.62348508835, -0.0003369140625,0.052
1.62555909157, 0.0008837890625,0.048
1.62763094902, -0.0013134765625,0.064
1.62970399857, -9.27734375e-05,0.044
1.63177514076, 0.0033251953125,0.06
1.63384413719, 0.0025927734375,-0.016
1.63591098785, 0.0050341796875,0.076
1.63798093796, 0.0016162109375,0.012
1.64010906219, 0.0008837890625,0.056
1.64218115807, 0.0003955078125,0.04
1.64425110817, 0.0023486328125,-0.028
1.64632511139, -0.0030224609375,0.032
1.64839315414, 0.0028369140625,0.056
1.65046715736, -0.0005810546875,-0.076
1.6525349617, 0.0008837890625,-0.088
1.65460801125, 0.0038134765625,-0.024
1.65671110153, 0.0021044921875,-0.076
1.65878105164, 0.0033251953125,0.044
1.66085505486, 0.0011279296875,0.024
1.66292500496, -0.0003369140625,-0.036
1.6649980545, 0.0033251953125,-0.048
1.66707205772, -0.0003369140625,-0.004
1.66914916039, 0.0018603515625,-0.048
1.67122197151, -0.0005810546875,-0.028
1.67329096794, -0.0005810546875,-0.028
1.67536211014, 0.0077197265625,-0.132
1.67743396759, 0.0021044921875,-0.108
1.67950415611, 0.0023486328125,-0.096
1.68157410622, -0.0010693359375,-0.084
1.68363809586, 0.0040576171875,0.004
1.68570899963, -0.0013134765625,-0.16
1.68777513504, 0.0021044921875,-0.096
1.68985199928, -0.0022900390625,-0.116
1.69192314148, 0.0033251953125,-0.176
1.69399499893, -0.0005810546875,-0.152
1.69606995583, -0.0032666015625,-0.084
1.6981420517, -0.0052197265625,-0.112
1.70021510124, 0.0035693359375,-0.216
1.70228505135, -0.0020458984375,-0.172
1.70435905457, -0.0013134765625,-0.212
1.70643401146, -0.0035107421875,-0.128
1.70850896835, 0.0003955078125,-0.184
1.71058797836, 0.0052783203125,-0.304
1.71266698837, -0.0052197265625,-0.144
1.71474003792, 0.0025927734375,-0.116
1.71681499481, -0.0005810546875,-0.2
1.71888613701, 0.0011279296875,-0.224
1.72095704079, 0.0001513671875,-0.156
1.72302103043, -0.0010693359375,-0.24
1.72509002686, 0.0011279296875,-0.24
1.72715616226, -0.0030224609375,-0.296
1.72923111916, 0.0021044921875,-0.208
1.73129916191, 0.0006396484375,-0.252
1.73337006569, 0.0023486328125,-0.156
1.73544311523, -0.0008251953125,-0.168
1.73751211166, 0.0047900390625,-0.2
1.73963212967, -0.0037548828125,-0.168
1.74170804024, -0.0025341796875,-0.096
1.74377393723, -0.0057080078125,-0.152
1.74584698677, 0.0077197265625,-0.132
1.74791502953, -0.0008251953125,-0.132
1.74998998642, 0.0033251953125,-0.164
1.75206303596, -0.0042431640625,-0.14
1.75413107872, -0.0013134765625,-0.12
1.75620412827, -0.0030224609375,-0.084
1.75830411911, -0.0022900390625,-0.132
1.76037406921, -0.0003369140625,-0.096
1.76244997978, 0.0033251953125,-0.096
1.76451706886, -0.0015576171875,-0.124
1.76658916473, -0.0018017578125,-0.06
1.76866292953, -0.0015576171875,-0.132
1.77073407173, -0.0032666015625,-0.08
1.77280402184, -0.0003369140625,-0.064
1.77487015724, -0.0008251953125,-0.1
1.77693915367, 0.0008837890625,0.048
1.77906394005, -0.0010693359375,0.06
1.78113293648, -0.0030224609375,-0.06
1.7832069397, 0.0069873046875,-0.056
1.78528404236, -0.0025341796875,0.008
1.78735613823, -0.0010693359375,-0.032
1.78943014145, -0.0005810546875,-0.024
1.79158306122, -0.0022900390625,0.008
1.79365897179, -0.0015576171875,-0.032
1.79573106766, 0.0006396484375,1.108
1.79780006409, 0.0013720703125,-0.048
1.79987597466, -0.0042431640625,0.068
1.8019490242, 0.0030810546875,0.04
1.80401706696, -0.0030224609375,0.016
1.80609202385, -9.27734375e-05,-0.012
1.80817198753, 0.0040576171875,0.132
1.81024599075, -0.0005810546875,0.064
1.8123190403, -0.0037548828125,0.076
1.81438994408, -0.0066845703125,0.06
1.8164639473, -0.0049755859375,0.112
1.81859016418, -0.0005810546875,0.016
1.82066106796, 0.0025927734375,0.036
1.82273697853, -0.0030224609375,0.108
1.82481193542, 0.0008837890625,1.116
1.82687902451, 0.0062548828125,0.072
1.82895207405, -0.0057080078125,0.076
1.83101606369, -0.0008251953125,0.12
1.83308601379, -0.0047314453125,0.172
1.83515000343, -0.0025341796875,0.076
1.8372220993, -0.0027783203125,0.076
1.83929300308, 0.0006396484375,0.168
1.84136605263, 0.0016162109375,0.06
1.8434381485, 0.0006396484375,0.08
1.84550499916, -0.0030224609375,0.18
1.84757804871, 0.0006396484375,0.168
1.84964704514, 0.0030810546875,0.168
1.85172009468, -0.0008251953125,0.064
1.85378909111, 0.0038134765625,0.172
1.855864048, 0.0016162109375,0.14
1.85796809196, -0.0022900390625,0.06
1.86009407043, 0.0023486328125,0.14
1.86216306686, -0.0049755859375,0.008
1.86423993111, -0.0079052734375,-0.896
1.86631393433, -0.0042431640625,0.276
1.86838698387, 0.0001513671875,0.12
1.87046313286, 0.0003955078125,0.132
1.87253499031, -0.0010693359375,0.156
1.87460494041, -0.0027783203125,0.076
1.87667298317, -0.0008251953125,1.112
1.87874412537, 0.0001513671875,-0.916
1.88081598282, -0.0047314453125,0.076
1.88288402557, 0.0057666015625,0.132
1.88495707512, 0.0064990234375,0.028
1.88702511787, -0.0003369140625,0.124
1.88914394379, 0.0003955078125,0.128
1.89121794701, 0.0003955078125,1.116
1.8932890892, 0.0033251953125,0.06
1.89536094666, -0.0008251953125,0.104
1.89743614197, -0.0027783203125,0.064
1.89951109886, 0.0003955078125,0.04
1.90158510208, 0.0033251953125,0.084
1.90365505219, 0.0008837890625,0.024
1.9057290554, 0.0023486328125,0.016
1.90779900551, -0.0015576171875,0.052
1.9098739624, 0.0003955078125,1.116
1.91195011139, -0.0013134765625,-0.088
1.91401910782, 0.0050341796875,0.048
1.91609406471, 0.0028369140625,-0.04
1.91816616058, 0.0025927734375,0.036
1.92023801804, 0.0011279296875,-0.104
1.92231106758, 0.0003955078125,0.024
1.92438006401, -0.0010693359375,-0.008
1.92645215988, 0.0003955078125,-0.112
1.92857599258, 0.0038134765625,-0.052
1.93064308167, 0.0035693359375,0.024
1.93271207809, -0.0005810546875,0.008
1.93477511406, 0.0001513671875,-0.036
1.93684601784, 0.0013720703125,-0.052
1.93891811371, -0.0015576171875,-0.096
1.94098901749, -0.0013134765625,-0.06
1.94306302071, -0.0003369140625,-0.088
1.94513201714, 0.0006396484375,0.02
1.94720602036, 0.0062548828125,-0.08
1.94927811623, 0.0006396484375,-0.104
1.95135307312, -0.0010693359375,0.008
1.9534239769, -0.0022900390625,-0.004
1.95549511909, 0.0003955078125,-0.152
1.95756912231, -0.0037548828125,-0.048
1.95967411995, 0.0047900390625,-0.084
1.96174502373, 0.0043017578125,-0.088
1.96381902695, -0.0010693359375,-0.112
1.96588897705, 0.0069873046875,-0.14
1.96796107292, -0.0035107421875,-0.024
1.97009515762, 0.0067431640625,-0.068
1.9721660614, -9.27734375e-05,-0.136
1.97424507141, 0.0045458984375,-0.084
1.97631907463, 0.0047900390625,-0.056
1.97838997841, -0.0015576171875,-0.096
1.98046398163, 0.0025927734375,-0.208
1.98252701759, 0.0025927734375,-0.172
1.98459601402, 0.0006396484375,-0.2
1.9866631031, -0.0039990234375,-0.188
1.98873710632, 0.0003955078125,-0.1
1.99081015587, 0.0025927734375,-0.088
1.99288010597, -9.27734375e-05,-0.068
1.99495697021, -0.0035107421875,-0.14
1.99702310562, -0.0005810546875,-0.18
1.99914002419, -0.0069287109375,-0.12
2.0012140274, -0.0020458984375,-0.144
2.00352311134, -0.0010693359375,-0.084
2.00561308861, 0.0047900390625,-0.152
2.00768899918, -0.0032666015625,-0.216
2.00976204872, -0.0213330078125,-0.028
2.01183915138, 0.0028369140625,-0.224
2.01391196251, -0.0144970703125,-0.104
2.01598596573, -0.0086376953125,-0.092
2.01819896698, 0.0135791015625,-0.008
2.02027416229, 0.0177294921875,-0.328
2.02234697342, -0.0242626953125,-0.008
2.02441716194, -0.0064404296875,-0.488
2.02649116516, -0.0044873046875,0.052
2.02861595154, 0.0133349609375,-0.384
2.03069114685, -0.0320751953125,-0.9
2.03276515007, 0.0133349609375,-0.416
2.03484010696, -0.0022900390625,-0.048
2.03691005707, -0.0013134765625,-0.268
2.03898906708, -0.0022900390625,-0.092
2.04106593132, 0.0021044921875,-0.188
2.04313802719, 0.0025927734375,-0.168
2.04521393776, -0.0166943359375,-0.064
2.04728507996, 0.0243212890625,-0.348
2.04936504364, -0.0113232421875,-0.104
2.05144000053, -0.0110791015625,-0.26
2.05350899696, -0.0220654296875,0.096
2.05558300018, -0.0015576171875,-0.38
2.05765199661, -0.0035107421875,-0.124
2.05972909927, -0.0193798828125,-0.22
2.06180500984, -0.0064404296875,0.084
2.06387615204, 0.0099169921875,-0.424
2.06595206261, 0.0008837890625,-0.148
2.0680770874, 0.0199267578125,-0.476
2.07015395164, -0.0188916015625,0.08
2.07223010063, -0.0149853515625,-0.228
2.07429814339, -0.0054638671875,-0.26
2.07636809349, 0.0126025390625,-0.444
2.07844209671, -0.0176708984375,0.036
2.08051204681, -0.0079052734375,0.004
2.08258414268, 0.0223681640625,-0.348
2.08465695381, -0.0044873046875,-0.064
2.08673214912, -0.0035107421875,-0.008
2.08880996704, -9.27734375e-05,-0.056
2.09088516235, -0.0039990234375,-0.036
2.0929620266, 0.0047900390625,-0.288
2.09503293037, -0.0005810546875,-0.268
2.09711098671, -0.0115673828125,0.084
2.09918999672, -0.0174267578125,0.124
2.10126304626, 0.0052783203125,-0.02
2.10333800316, -0.0015576171875,-0.22
2.10540914536, 0.0123583984375,-0.3
2.1074860096, -0.0159619140625,0.128
2.10961604118, -0.0220654296875,0.096
2.11169409752, 0.0045458984375,-0.132
2.11376309395, 0.0155322265625,-0.176
2.11583995819, 0.0194384765625,-0.164
2.11791300774, -0.0359814453125,-0.828
2.11998915672, -0.0227978515625,0.336
2.12206411362, 0.0055224609375,-0.024
2.12413406372, 0.0314013671875,-0.188
2.12620806694, -0.0127880859375,-0.084
2.1282761097, -0.0220654296875,0.436
2.13035011292, 0.0038134765625,-0.192
2.13242101669, 0.0155322265625,0.364
2.13449406624, -0.0147412109375,0.0
2.13657093048, -0.0201123046875,0.308
2.13864302635, 0.0211474609375,-0.204
2.14072012901, 0.0140673828125,-0.8
2.14279198647, -0.0108349609375,-0.12
2.14486908913, -0.0376904296875,0.464
2.14694404602, -0.0127880859375,0.348
2.14907097816, 0.0531298828125,-0.26
2.15114307404, -0.0174267578125,0.404
2.15322113037, -0.0257275390625,0.164
2.15529298782, -0.0005810546875,0.344
2.15736913681, 0.0274951171875,-0.38
2.15944600105, -0.0010693359375,-0.672
2.16151714325, -0.0796826171875,0.952
2.16359400749, 0.0440966796875,0.144
2.16566610336, 0.0287158203125,-0.128
2.16774201393, -0.0342724609375,-0.016
2.16982197762, -0.0267041015625,0.664
2.17189407349, 0.0040576171875,0.564
2.17396807671, 0.0250537109375,-0.072
2.17603898048, 0.0055224609375,-0.012
2.17811799049, -0.0039990234375,0.276
2.18019509315, -0.0259716796875,1.032
2.18226003647, 0.0260302734375,1.104
2.18433403969, 0.0008837890625,-0.004
2.18639993668, -0.0337841796875,0.476
2.18847894669, -0.0315869140625,0.796
2.19055604935, 0.0475146484375,0.416
2.19262909889, 0.0108935546875,-0.288
2.19470405579, -0.0115673828125,0.34
2.19677495956, -0.0413525390625,0.78
2.19885516167, -0.0061962890625,1.192
2.20093107224, 0.0873095703125,-0.4
2.20300197601, -0.0015576171875,-0.092
2.20507907867, -0.0899365234375,1.232
2.2071480751, 0.0011279296875,0.856
2.20922994614, 0.0711962890625,0.392
2.21131014824, 0.0028369140625,-0.424
2.21338415146, -0.0188916015625,0.624
2.21546006203, -0.0186474609375,0.668
2.2175321579, 0.0047900390625,0.212
2.21965694427, -0.0765087890625,0.948
2.22173213959, -0.0081494140625,0.1
2.22380900383, 0.0973193359375,0.428
2.22588014603, -0.0039990234375,0.364
2.22795605659, -0.0669873046875,-0.72
2.2300889492, -0.0589306640625,0.976
2.23216509819, 0.116850585937,-0.236
2.23425197601, 0.0340869140625,0.532
2.23632693291, -0.102875976563,0.752
2.23840403557, -0.0303662109375,0.392
2.24047803879, 0.100249023437,0.916
2.24263811111, -0.0384228515625,-0.04
2.24472093582, -0.155854492188,1.816
2.24679994583, 0.0939013671875,0.976
2.2488720417, 0.112456054687,-0.616
2.25095295906, -0.0782177734375,0.876
2.25302314758, -0.0643017578125,0.676
2.25509595871, 0.0057666015625,2.04
2.25716900826, 0.0565478515625,-0.58
2.25924396515, -0.0137646484375,-0.72
2.26132106781, 0.0223681640625,0.356
2.26339006424, -0.0581982421875,0.992
2.26546692848, -0.0142529296875,0.4
2.2675409317, 0.0853564453125,-0.532
2.26962208748, -0.0132763671875,0.72
2.27170109749, -0.103364257813,0.864
2.27377700806, 0.0729052734375,1.104
2.27585315704, 0.0836474609375,-0.984
2.2779250145, -0.0542919921875,0.788
2.27999806404, -0.0711376953125,0.812
2.28207707405, 0.0882861328125,-0.26
2.28414797783, -0.0281689453125,0.392
2.28622412682, -0.0362255859375,0.452
2.28830099106, 0.0707080078125,-0.756
2.29037809372, -0.0477001953125,0.608
2.29245710373, -0.0581982421875,0.636
2.29452800751, 0.0340869140625,0.392
2.29660105705, 0.0165087890625,0.04
2.29867506027, 0.0150439453125,0.676
2.30074501038, -0.0367138671875,-0.224
2.30281710625, -0.0113232421875,0.704
2.3048889637, 0.0406787109375,-0.016
2.30696296692, 0.0055224609375,0.624
2.30909204483, -0.0457470703125,0.3
2.3111641407, 0.0494677734375,0.276
2.31324315071, 0.0453173828125,-0.652
2.31532096863, -0.0257275390625,-0.524
2.31739115715, -0.0061962890625,0.992
2.31947112083, 0.0467822265625,-0.632
2.32154512405, -0.0501416015625,0.132
2.32362008095, 0.0389697265625,-0.716
2.32569694519, 0.0384814453125,-1.524
2.32776904106, -0.0081494140625,0.5
2.32984805107, -0.0088818359375,-0.04
2.33191895485, -0.0486767578125,0.96
2.33399415016, 0.0499560546875,-0.48
2.3360710144, -0.0179150390625,-0.636
2.33814001083, -0.0469677734375,0.344
2.34021615982, 0.0055224609375,0.06
2.3422870636, -0.0320751953125,1.088
2.34436011314, 0.0274951171875,-0.364
2.34643411636, 0.0143115234375,0.788
2.34855914116, -0.0203564453125,-0.492
2.35063004494, -0.0066845703125,-0.6
2.35270810127, 0.0328662109375,0.864
2.35477495193, -0.0267041015625,-0.096
2.35684704781, 0.0304248046875,0.28
2.35891914368, 0.0814501953125,-1.48
2.3609931469, -0.0079052734375,0.704
2.36306905746, -0.0247509765625,-0.384
2.36513710022, -0.0425732421875,0.932
2.36721205711, 0.0592333984375,-0.584
2.36928796768, -0.0550244140625,-0.18
2.37136316299, 0.0035693359375,1.072
2.37343907356, 0.0028369140625,0.08
2.37550902367, -0.101899414063,1.476
2.37759113312, 0.0541064453125,0.052
2.37966704369, -0.0208447265625,0.896
2.38174295425, 0.0660693359375,-0.076
2.38381910324, -0.0005810546875,-0.5
2.38589000702, -0.0457470703125,0.368
2.38796615601, -0.0013134765625,0.312
2.39009404182, 0.0516650390625,-0.164
2.39216709137, 0.0880419921875,-1.604
2.39424109459, -0.0774853515625,1.116
2.39631915092, -0.0208447265625,0.488
2.39839196205, 0.0509326171875,0.652
2.40046811104, -0.0081494140625,-1.824
2.40253901482, 0.0191943359375,-0.56
2.40461206436, 0.0050341796875,-0.056
2.40668416023, -0.0726025390625,1.22
2.40875697136, 0.0243212890625,-0.54
2.4108300209, -0.0564892578125,0.628
2.41289710999, 0.0951220703125,-1.532
2.41497015953, -0.0132763671875,-0.588
2.41704106331, -0.0542919921875,0.744
2.41912102699, -0.0376904296875,0.236
2.42119693756, 0.111479492187,-0.888
2.42328000069, 0.0221240234375,-0.54
2.42535805702, -0.0486767578125,-0.116
2.42743706703, 0.0072314453125,0.7
2.4295129776, -0.0208447265625,0.844
2.43158912659, 0.0685107421875,-0.828
2.43366193771, 0.0689990234375,-1.1
2.4357380867, -0.0870068359375,1.036
2.43781399727, -0.0196240234375,0.092
2.43988704681, -0.0674755859375,0.644
2.44196605682, 0.104155273437,-0.972
2.44404411316, 0.0296923828125,-1.444
2.4461171627, -0.0740673828125,1.14
2.44819712639, -0.0274365234375,1.02
2.45027399063, 0.0968310546875,-0.472
2.45234704018, 0.0345751953125,-0.932
2.45441412926, -0.0271923828125,-0.848
2.45648908615, -0.0240185546875,0.732
2.45861315727, -0.0274365234375,0.288
2.46068716049, 0.0821826171875,0.044
2.46275305748, 0.0184619140625,-0.16
2.46482610703, -0.0230419921875,0.24
2.46689200401, -0.0787060546875,0.58
2.468968153, -0.0137646484375,1.08
2.47111201286, 0.0809619140625,-2.124
2.47319507599, -0.0442822265625,-0.348
2.47526407242, -0.113862304688,0.408
2.47734713554, 0.0482470703125,0.012
2.47941994667, 0.0834033203125,-0.684
2.48149609566, -0.0088818359375,-0.98
2.48357200623, -0.0015576171875,0.728
2.48564100266, -0.111909179688,0.62
2.48772096634, 0.0565478515625,-0.696
2.489798069, 0.0199267578125,0.06
2.49187016487, -0.0137646484375,0.252
2.49394702911, -0.0811474609375,0.792
2.49601697922, 0.0895068359375,1.584
2.49809908867, 0.106352539062,-2.28
2.50017905235, 0.0047900390625,-0.7
2.50225114822, -0.129975585938,1.136
2.50433111191, 0.0245654296875,-0.112
2.50640010834, 0.0819384765625,-0.044
2.50847816467, 0.0179736328125,-1.14
2.51055407524, 0.0326220703125,-0.368
2.51262497902, -0.133149414063,2.052
2.51470303535, 0.0941455078125,-1.34
2.51677012444, 0.0013720703125,-0.452
2.518846035, 0.0143115234375,0.828
2.52091693878, -0.0926220703125,0.408
2.52298998833, 0.118315429687,1.62
2.52507209778, 0.0946337890625,-2.684
2.52714014053, -9.27734375e-05,0.976
2.52922606468, -0.132172851563,1.684
2.53130602837, 0.0563037109375,-0.756
2.53337812424, 0.0145556640625,0.1
2.53545212746, 0.0804736328125,-1.128
2.53752303123, -0.111176757813,0.476
2.53966403008, -0.0447705078125,1.612
2.54173803329, 0.0880419921875,-1.388
2.5438170433, 0.0126025390625,0.988
2.54589104652, -0.0098583984375,-0.728
2.54796910286, -0.0818798828125,1.624
2.55009508133, 0.151518554687,0.28
2.55217814445, 0.0797412109375,-2.404
2.55425000191, -0.125581054688,1.484
2.55633306503, -0.0149853515625,-0.804
2.55840802193, 0.0248095703125,0.236
2.56048703194, 0.0655810546875,-1.644
2.56256198883, 0.0086962890625,-0.212
2.5646340847, -0.154389648438,2.748
2.56672000885, 0.0965869140625,-1.492
2.56879997253, 0.0316455078125,0.104
2.57087397575, -0.0091259765625,-0.64
2.57295012474, -0.153168945313,0.54
2.57502603531, 0.125883789062,1.812
2.57710695267, 0.150053710937,-2.676
2.57918906212, -0.120209960938,1.296
2.58126306534, -0.0498974609375,0.14
2.58333611488, 0.0633837890625,-0.136
2.58540701866, 0.0265185546875,0.524
2.58748102188, 0.0768115234375,-1.4
2.58960413933, -0.211030273438,2.584
2.59168601036, 0.0953662109375,-0.504
2.59375596046, 0.0772998046875,-0.412
2.59583306313, -0.0372021484375,1.052
2.597905159, -0.161225585938,1.096
2.59999108315, 0.0860888671875,2.588
2.60206699371, 0.193266601562,-2.912
2.60414505005, -0.118500976563,2.124
2.60622406006, -0.0291455078125,1.024
2.60830116272, 0.0199267578125,-0.164
2.61037516594, 0.0628955078125,1.332
2.61245107651, 0.0296923828125,-1.188
2.61452102661, -0.186616210938,2.716
2.61660408974, 0.0729052734375,-0.868
2.61868405342, 0.0956103515625,-0.28
2.62075805664, -0.0350048828125,0.1
2.62283396721, -0.105317382813,1.064
2.62491202354, 0.0746142578125,1.812
2.62698698044, 0.183989257812,-2.952
2.62912106514, -0.149506835938,1.144
2.63120102882, 0.0453173828125,-0.5
2.63327813148, -0.0381787109375,0.596
2.63535404205, 0.149809570312,-0.056
2.63743805885, -0.120942382813,-0.756
2.63951516151, -0.0948193359375,2.56
2.64158797264, 0.114165039062,-1.564
2.64366292953, 0.0553271484375,1.532
2.64573597908, -0.0691845703125,-0.372
2.6478099823, -0.0433056640625,2.144
2.64988207817, 0.148833007812,-0.532
2.65196108818, 0.0548388671875,-1.128
2.65403294563, -0.110200195313,1.844
2.65611314774, 0.0838916015625,-1.656
2.6581890583, -0.0411083984375,1.596
2.66025900841, 0.123198242187,-1.168
2.66234207153, -0.182954101563,3.088
2.66441702843, 0.0035693359375,0.392
2.66649007797, 0.139799804687,-0.42
2.66862106323, -0.0398876953125,1.896
2.67069816589, -0.113618164063,-0.388
2.67277193069, 0.0130908203125,2.52
2.67484593391, 0.228911132812,-2.412
2.67692708969, -0.157563476563,1.24
2.67900800705, 0.0660693359375,-0.352
2.68108606339, -0.0540478515625,1.2
2.68316102028, 0.159086914062,0.484
2.68524003029, -0.143403320313,-0.872
2.68732404709, -0.0613720703125,2.544
2.68939805031, 0.159331054687,-2.632
2.69147801399, 0.0043017578125,1.812
2.69355106354, -0.0779736328125,-0.564
2.6956281662, -0.0430615234375,2.076
2.69770503044, 0.240385742187,-1.324
2.69987201691, -0.107270507813,0.824
2.70196008682, 0.0160205078125,0.204
2.70403313637, 0.0052783203125,-0.436
2.70610904694, 0.101713867187,1.116
2.70819306374, -0.0997021484375,-1.0
2.71025896072, -0.107270507813,2.604
2.71233797073, 0.121000976562,-1.116
2.71441316605, 0.0528857421875,0.464
2.71648597717, -0.0928662109375,0.588
2.71861410141, -0.0569775390625,1.016
2.7206890583, 0.202299804687,-0.848
2.7227640152, -0.0384228515625,-0.204
2.72483801842, -0.0203564453125,1.784
2.72690796852, 0.0431201171875,-1.72
2.72898697853, 0.0514208984375,1.984
2.73106312752, -0.0354931640625,-1.78
2.73313498497, -0.138520507813,3.072
2.73521614075, 0.0951220703125,-1.24
2.73728895187, 0.100004882812,-0.832
2.73938202858, -0.102387695313,1.012
2.74146294594, -0.0286572265625,0.348
2.74353408813, 0.0074755859375,0.928
2.7456099987, -0.0142529296875,-1.18
2.74768805504, -0.0210888671875,1.26
2.74976205826, 0.0582568359375,-2.512
2.75183916092, 0.0128466796875,1.512
2.75391101837, -0.0481884765625,-1.928
2.75598597527, -0.120454101563,3.136
2.75811815262, 0.0926806640625,-0.096
2.76020002365, 0.0755908203125,-0.144
2.76227116585, -0.106782226563,1.012
2.76434993744, -0.0118115234375,0.172
2.76642799377, 0.0082080078125,0.76
2.76850414276, 0.155180664062,-1.012
2.77058601379, 0.0021044921875,1.24
2.77265405655, 0.0538623046875,-2.404
2.77472805977, 0.0284716796875,1.492
2.77680015564, -0.0774853515625,-1.028
2.77887511253, -0.107514648438,3.064
2.78095412254, 0.140043945312,-1.324
2.78302812576, 0.0394580078125,-0.112
2.78510212898, -0.139252929688,0.108
2.78718304634, 0.0064990234375,0.152
2.78925704956, 0.0426318359375,-0.66
2.79133296013, 0.0941455078125,-1.892
2.79340410233, -0.0845654296875,1.816
2.79547810555, 0.109526367187,-2.92
2.79755997658, 0.0401904296875,1.48
2.79964113235, -0.125581054688,-0.488
2.80172514915, -0.0892041015625,2.8
2.80380296707, 0.215727539062,-1.672
2.80588102341, -0.0506298828125,0.58
2.80795693398, -0.128999023438,1.0
2.81009197235, -0.0037548828125,0.3
2.8121650219, 0.141020507812,-1.204
2.81424307823, 0.0008837890625,-0.74
2.81631994247, -0.0359814453125,-0.496
2.81839895248, 0.0848681640625,-1.324
2.8204741478, 0.0113818359375,1.908
2.82255101204, -0.108247070313,-0.656
2.82463002205, -0.0577099609375,2.92
2.82670712471, 0.247709960937,-2.532
2.82878613472, -0.126801757813,1.148
2.83086514473, -0.0674755859375,0.964
2.83293795586, 0.0091845703125,1.144
2.83500504494, 0.154692382812,-2.504
2.83708310127, -0.0843212890625,1.704
2.83915615082, 0.0755908203125,-1.448
2.84123396873, -0.0057080078125,-0.236
2.84331011772, -0.0057080078125,1.0
2.84538006783, -0.105073242188,-0.48
2.84746098518, 0.0585009765625,1.592
2.8495900631, 0.101225585937,-2.188
2.8516690731, -0.158784179688,3.08
2.85374808311, 0.0135791015625,-0.884
2.85582613945, 0.0748583984375,0.64
2.85789608955, 0.0560595703125,-2.096
2.85997509956, -0.0696728515625,1.752
2.86205196381, 0.119047851562,-2.564
2.86412906647, -0.0257275390625,1.78
2.86620593071, -0.0713818359375,0.62
2.86827993393, -0.0542919921875,1.52
2.87035799026, 0.0548388671875,-0.376
2.87243509293, -0.111176757813,-0.884
2.87451314926, -0.0970166015625,1.208
2.87658810616, 0.0318896484375,0.468
2.8786611557, 0.141020507812,-1.816
2.88074302673, -0.0569775390625,-0.808
2.8828189373, 0.0306689453125,-0.152
2.88489294052, 0.0428759765625,-2.024
2.88696599007, -0.0061962890625,1.432
2.88909196854, -0.127290039063,-0.396
2.89117097855, -0.0733349609375,2.708
2.89324092865, 0.212553710937,-2.312
2.89531898499, -0.104829101563,1.844
2.89739108086, -0.0005810546875,0.42
2.89946603775, 0.0853564453125,1.108
2.90153503418, 0.0565478515625,-2.492
2.90360808372, -0.0669873046875,1.716
2.90569710732, 0.127348632812,0.476
2.91003108025, -0.0821240234375,0.128
2.91211295128, -0.0428173828125,1.532
2.91418910027, 0.0506884765625,-0.704
2.91625595093, 0.107084960937,-0.728
2.91834211349, -0.0818798828125,2.72
2.92039704323, 0.0274951171875,0.848
2.92245793343, 0.156645507812,-0.8
2.92451715469, -0.0630810546875,-0.772
2.92657613754, 0.0367724609375,1.064
2.92868995667, 0.0482470703125,-2.376
2.93089294434, -0.0159619140625,1.54
2.93297600746, -0.101411132813,0.116
2.93506193161, -0.0459912109375,3.152
2.93713402748, 0.231840820312,-2.496
2.93921399117, -0.138764648438,2.688
2.94127607346, -0.0708935546875,0.804
2.9433350563, 0.119536132812,0.652
2.9453971386, 0.0169970703125,-2.164
2.94745993614, -0.0418408203125,1.188
2.94960212708, 0.129057617187,-2.94
2.9516890049, -0.0081494140625,0.36
2.95376110077, -0.120942382813,0.148
2.95584416389, -0.0074169921875,1.432
2.95791697502, 0.131010742187,-0.86
2.95999312401, 0.0292041015625,-0.684
2.96205615997, -0.139252929688,1.544
2.96411705017, 0.0003955078125,0.892
2.96621894836, 0.136870117187,-1.252
2.96828913689, -0.0691845703125,0.56
2.97036409378, 0.0992724609375,-0.12
2.972438097, -0.0039990234375,-1.548
2.9745080471, -0.0513623046875,2.14
2.97657895088, -0.0713818359375,0.28
2.9786491394, -0.0035107421875,1.756
2.98072004318, 0.195219726562,-2.348
2.98279714584, -0.163666992188,2.12
2.98487401009, -0.0657666015625,1.096
2.98694705963, 0.0719287109375,0.18
2.98906898499, 0.0960986328125,-1.584
2.9911429882, -0.0723583984375,1.928
2.99321913719, 0.0641162109375,-2.428
2.9952890873, 0.0028369140625,0.34
2.99736094475, -0.121674804688,0.112
2.9994430542, -0.0464794921875,2.236
3.00151515007, 0.240385742187,-1.164
3.00359511375, -0.108247070313,0.532
3.00567293167, -0.0999462890625,1.132
3.00775003433, 0.0086962890625,0.484
3.00982809067, 0.153471679687,-2.152
3.01190710068, -0.0445263671875,0.228
3.0139811039, 0.0682666015625,-2.864
3.01605606079, 0.0130908203125,-0.712
3.01812696457, -0.0198681640625,0.28
3.02020096779, -0.0472119140625,2.144
3.02226805687, 0.168852539062,0.98
3.02434706688, 0.0057666015625,-1.152
3.02641510963, -0.139741210938,1.652
3.02848911285, -0.0464794921875,1.28
3.03055906296, 0.151762695312,-0.756
3.03263401985, 0.0062548828125,-0.484
3.03470516205, -0.0306103515625,-0.856
3.03677010536, 0.0751025390625,-2.668
3.03884506226, -0.0049755859375,2.092
3.04091596603, -0.121186523438,-0.404
3.04298996925, -0.0655224609375,1.128
3.04506611824, 0.258940429687,-1.996
3.04713606834, -0.150239257813,1.616
3.04921913147, -0.0679638671875,1.096
3.05128908157, 0.104643554687,0.656
3.05337095261, 0.0655810546875,-2.236
3.05544400215, -0.0606396484375,1.036
3.05751514435, 0.115385742187,-3.804
3.05964803696, 0.0228564453125,-0.284
3.06172013283, -0.117768554688,-0.092
3.06379508972, -0.0794384765625,3.024
3.0658800602, 0.166411132812,-1.332
3.06796097755, -0.0020458984375,-0.84
3.07008600235, -0.0823681640625,2.08
3.0721590519, 0.0428759765625,1.764
3.07423210144, 0.123442382812,-2.116
3.0763130188, -0.0706494140625,0.772
3.0783829689, 0.0985400390625,-2.82
3.08045697212, 0.0335986328125,-1.124
3.08252811432, -0.0762646484375,1.08
3.08459997177, -0.112641601563,0.824
3.08667707443, 0.0917041015625,-0.596
3.08874893188, 0.0992724609375,-1.036
3.09082007408, -0.143159179688,1.156
3.09289598465, -0.0848095703125,0.144
3.09496712685, 0.143950195312,-0.844
3.09704208374, -0.0601513671875,-0.724
3.09911394119, 0.0438525390625,-0.732
3.10118794441, 0.0484912109375,-2.496
3.10325598717, -0.0159619140625,0.232
3.10532999039, -0.128022460938,0.144
3.10740613937, -0.0047314453125,1.952
3.10948204994, 0.170073242187,-2.488
3.11156105995, -0.119721679688,1.544
3.1136341095, -0.0933544921875,0.836
3.1157040596, 0.0575244140625,0.564
3.11777210236, 0.134672851562,-1.872
3.11985397339, -0.112397460938,0.644
3.12193393707, 0.0985400390625,-2.828
3.12400197983, 0.0362841796875,-0.904
3.1260740757, -0.134125976563,-0.688
3.12815499306, -0.0821240234375,1.352
3.13022708893, 0.212797851562,-2.944
3.13230514526, -0.106049804688,1.884
3.13437509537, -0.0811474609375,0.756
3.13644695282, 0.0321337890625,1.668
3.13856601715, 0.173979492187,-1.588
3.14063811302, -0.0948193359375,0.512
3.1427090168, 0.0672900390625,-0.96
3.14477705956, 0.0748583984375,-0.044
3.1468501091, -0.0664990234375,-0.084
3.14892506599, -0.140961914063,1.784
3.15100097656, 0.219389648437,-1.812
3.15308094025, -0.0852978515625,0.344
3.15515208244, -0.0872509765625,1.976
3.15722513199, -0.0142529296875,1.328
3.15940213203, 0.182768554687,-1.912
3.16148900986, -0.0689404296875,1.048
3.16356301308, 0.0113818359375,-1.704
3.16563105583, 0.0824267578125,-1.372
3.16771006584, -0.0096142578125,1.044
3.16978406906, -0.118989257813,1.972
3.17185997963, 0.0147998046875,-0.52
3.17393302917, -0.0647900390625,-0.152
3.17600297928, -0.0662548828125,2.088
3.17812800407, -0.0572216796875,1.484
3.18020606041, 0.171049804687,-0.416
3.1822810173, 0.0001513671875,-0.456
3.18435502052, -0.0215771484375,-0.856
3.18642902374, 0.0587451171875,-1.944
3.18850398064, 0.0231005859375,0.38
3.1905810833, -0.134858398438,0.728
3.19266009331, -0.0411083984375,0.528
3.19473409653, 0.161040039062,-0.848
3.19681406021, -0.0911572265625,1.748
3.19888210297, -0.0652783203125,1.38
3.20095396042, 0.169584960937,0.368
3.20302700996, 0.0309130859375,-0.796
3.20509910583, -0.0501416015625,0.828
3.20717215538, 0.0643603515625,-1.256
3.2092461586, 0.0304248046875,0.5
3.21131706238, -0.115571289063,0.104
3.21339416504, -0.0809033203125,1.66
3.21546602249, 0.188872070312,-1.712
3.21754312515, -0.0877392578125,2.116
3.21962213516, -0.0899365234375,1.344
3.22169303894, 0.0492236328125,0.136
3.22376608849, 0.140043945312,-1.152
3.2258450985, -0.0523388671875,0.384
3.22791600227, 0.0616748046875,-1.648
3.22998809814, 0.0326220703125,0.684
3.23206114769, -0.114838867188,0.984
3.23413205147, -0.0879833984375,1.208
3.23620605469, 0.192534179687,-1.0
3.23828005791, -0.0906689453125,1.144
3.24035000801, -0.0799267578125,1.648
3.24242401123, 0.0116259765625,1.584
3.24449205399, 0.157133789062,-1.676
3.246571064, -0.0738232421875,0.732
3.24864506721, 0.0775439453125,-1.636
3.25071310997, 0.0492236328125,-0.292
3.25278115273, -0.0477001953125,0.588
3.25485515594, -0.0975048828125,1.952
3.2569270134, 0.204741210937,-0.132
3.25900697708, -0.0791943359375,0.468
3.2610809803, -0.119233398438,1.952
3.26315498352, 0.0445849609375,1.968
3.26522994041, 0.138579101562,-1.444
3.26730895042, -0.0599072265625,1.928
3.2693810463, 0.113920898437,-1.52
3.27145910263, 0.0394580078125,-0.312
3.27353000641, -0.0677197265625,0.412
3.27560114861, -0.0955517578125,1.484
3.27767205238, 0.0868212890625,0.984
3.27974700928, -0.0904248046875,-0.144
3.28182005882, -0.0901806640625,2.092
3.28388404846, -0.0149853515625,1.472
3.28595614433, 0.105864257812,-1.012
3.28807997704, -0.0098583984375,0.58
3.29015302658, 0.0892626953125,-1.132
3.29222393036, 0.0084521484375,-0.048
3.29429602623, -0.0562451171875,0.776
3.2963681221, -0.0730908203125,1.996
3.29843902588, 0.0509326171875,0.256
3.30050301552, 0.100981445312,-0.468
3.30258202553, -0.0984814453125,1.604
3.30465102196, -0.0882275390625,1.336
3.30672216415, 0.122709960937,-1.516
3.30880308151, -0.0108349609375,0.496
3.31087207794, 0.0782763671875,-0.46
3.31294608116, 0.0343310546875,-1.024
3.31501293182, -0.0484326171875,0.884
3.31708407402, -0.0672314453125,0.42
3.31915402412, 0.0333544921875,0.396
3.32122707367, 0.108305664062,-0.06
3.32330703735, -0.108979492188,1.308
3.32538414001, -0.0831005859375,1.664
3.32745814323, 0.129545898437,-0.568
3.32958698273, 0.0519091796875,-0.824
3.33165812492, 0.0865771484375,-0.544
3.33372712135, 0.0182177734375,-2.684
3.33580112457, -0.0611279296875,1.016
3.33786892891, -0.0909130859375,0.192
3.33994102478, 0.0414111328125,1.672
3.34200716019, 0.147368164062,-1.096
3.34408116341, -0.131928710938,1.356
3.34615015984, -0.0645458984375,1.496
3.34821915627, 0.100249023437,-0.8
3.35029411316, 0.0633837890625,-0.864
3.35236215591, -0.0506298828125,-0.308
3.35443305969, 0.114409179687,-2.76
3.35650515556, 0.0274951171875,0.652
3.35861897469, -0.0928662109375,1.084
3.36069703102, 0.0172412109375,1.54
3.36276197433, 0.134428710937,-1.22
3.364839077, -0.0977490234375,1.1
3.36690616608, -0.0928662109375,1.484
3.36898207664, 0.122954101562,-0.028
3.37106204033, 0.0768115234375,-1.464
3.37312793732, -0.0872509765625,1.264
3.37520098686, 0.144682617187,-3.732
3.37727713585, 0.0035693359375,1.024
3.37935495377, -0.0992138671875,0.432
3.38142800331, -0.0603955078125,1.26
3.38349604607, 0.198393554687,-1.86
3.38564515114, -0.128754882813,1.12
3.38773012161, -0.0831005859375,1.592
3.38980507851, 0.0824267578125,0.932
3.39187598228, 0.0682666015625,-1.588
3.39394807816, -0.0635693359375,0.484
3.39601016045, 0.0997607421875,-2.28
3.39812803268, 0.0255419921875,-0.576
3.40020298958, -0.0855419921875,0.552
3.40226793289, -0.101899414063,2.06
3.40434193611, 0.181547851562,-1.16
3.40641498566, -0.0498974609375,0.952
3.40848612785, -0.0962841796875,1.5
3.41055893898, 0.118559570312,1.004
3.41263198853, 0.101958007812,-2.252
3.41471099854, -0.103852539063,1.928
3.41678595543, 0.125395507812,-2.868
3.41886401176, 0.0335986328125,-0.584
3.42093706131, -0.0833447265625,0.116
3.42300605774, -0.102143554688,1.76
3.42508411407, 0.175200195312,-1.796
3.42715811729, -0.0098583984375,-0.36
3.42923307419, -0.0984814453125,1.284
3.43130707741, -0.0276806640625,0.576
3.43337798119, 0.121245117187,-0.968
3.4354569912, 0.0292041015625,0.2
3.4375269413, 0.100249023437,-0.98
3.43965315819, 0.0514208984375,-0.3
3.44172906876, -0.0955517578125,0.36
3.44380307198, -0.128754882813,1.572
3.44587802887, 0.178618164062,-0.056
3.44795513153, -0.0362255859375,0.716
3.45002603531, -0.0957958984375,0.24
3.45209503174, -0.0159619140625,1.848
3.45416092873, 0.151274414062,-2.068
3.45623612404, -0.0030224609375,1.636
3.45831108093, 0.0165087890625,-1.732
3.46037602425, 0.0721728515625,-1.06
3.46244812012, -0.0789501953125,0.104
3.46451497078, -0.108247070313,1.736
3.46659398079, 0.162504882812,-0.04
3.46867108345, -0.0298779296875,-0.648
3.4707429409, -0.0835888671875,1.32
3.47281599045, -0.0223095703125,0.804
3.47488594055, 0.113432617187,-1.052
3.47696208954, 0.0309130859375,0.384
3.47908306122, 0.0277392578125,-1.216
3.48115205765, 0.0480029296875,-1.644
3.48322296143, -0.0125439453125,0.06
3.4852950573, -0.143159179688,1.856
3.48737001419, 0.0089404296875,0.176
3.48944616318, -0.0359814453125,-0.736
3.49151110649, -0.0889599609375,1.208
3.49358296394, -0.0022900390625,1.948
3.4956510067, 0.160795898437,-1.072
3.49772715569, -0.0086376953125,0.12
3.49979901314, 0.0211474609375,-0.612
3.50186514854, 0.0575244140625,-1.12
3.50393605232, -0.0184033203125,0.38
3.50600409508, -0.0887158203125,0.128
3.50812005997, -0.0044873046875,-0.892
3.51019716263, 0.0885302734375,0.004
3.51226305962, -0.0926220703125,1.344
3.51433610916, -0.0894482421875,1.9
3.51640415192, 0.129057617187,-1.76
3.51848506927, -0.0267041015625,1.044
3.52055811882, 0.0472705078125,-0.896
3.52262496948, 0.0643603515625,-2.336
3.52469801903, -0.0184033203125,0.128
3.52676415443, -0.124116210938,0.2
3.52884507179, 0.0106494140625,0.836
3.53091406822, 0.117583007812,-1.632
3.53299212456, -0.0992138671875,1.336
3.53506612778, -0.105561523438,1.22
3.53714609146, 0.131743164062,-1.644
3.53922700882, 0.0921923828125,-0.336
3.54130101204, -0.108491210938,-0.588
3.54337096214, 0.0489794921875,-2.476
3.54544115067, -0.0201123046875,0.308
3.54750299454, -0.120942382813,0.112
3.54962897301, 0.0353076171875,0.924
3.5517001152, 0.100249023437,-1.776
3.55377316475, -0.100678710938,1.424
3.55584812164, -0.0975048828125,1.232
3.55791902542, 0.124663085937,-0.236
3.55999398232, 0.0919482421875,-0.444
3.56206512451, -0.128022460938,-0.136
3.56413793564, 0.115629882812,-2.668
3.56621694565, 0.0548388671875,0.3
3.56828904152, -0.124360351563,0.952
3.57036614418, 0.0460498046875,0.952
3.57243704796, 0.0680224609375,-1.724
3.57450413704, -0.0816357421875,1.364
3.57657694817, -0.0918896484375,1.264
3.5786459446, 0.143461914062,-0.264
3.58072400093, 0.0826708984375,-0.788
3.5827960968, -0.105805664063,0.424
3.58487010002, 0.114409179687,-2.004
3.58694815636, 0.0360400390625,0.508
3.58907294273, -0.0784619140625,0.956
3.59113812447, -0.0845654296875,1.744
3.59321093559, 0.194975585937,-1.104
3.59528899193, -0.101411132813,1.332
3.59736514091, -0.0813916015625,1.36
3.59943795204, 0.128569335937,-0.752
3.60150814056, 0.100249023437,-0.872
3.60358214378, -0.0877392578125,0.036
3.6056470871, 0.0880419921875,-2.912
3.60771894455, 0.0553271484375,-0.836
3.60979509354, -0.0933544921875,1.088
3.61186599731, -0.0984814453125,1.692
3.61400413513, 0.180571289062,-1.844
3.61608910561, -0.0813916015625,0.308
3.61816310883, -0.0867626953125,1.276
3.62023115158, 0.149809570312,-0.924
3.62231016159, 0.0765673828125,-1.112
3.62437796593, -0.0899365234375,0.792
3.62645101547, 0.106108398437,-2.144
3.62858295441, 0.0211474609375,0.58
3.6306540966, -0.0960400390625,-0.604
3.63272809982, -0.0662548828125,1.664
3.63480210304, 0.183500976562,-1.532
3.63687801361, -0.0989697265625,0.348
3.6389541626, -0.0762646484375,1.14
3.64102506638, 0.0509326171875,-0.552
3.6430990696, 0.0887744140625,-0.056
3.64517402649, -0.0660107421875,-0.776
3.64724111557, 0.0716845703125,-2.832
3.64931607246, 0.0411669921875,-0.04
3.65138101578, -0.108735351563,0.84
3.653455019, -0.0774853515625,1.452
3.6555211544, 0.162749023437,-1.148
3.65759706497, -0.0806591796875,0.232
3.6596660614, -0.110932617188,1.22
3.66173815727, 0.0843798828125,0.248
3.66380906105, 0.120756835937,-1.644
3.66589403152, -0.115815429688,1.508
3.66797614098, 0.111967773437,-2.392
3.67010712624, 0.0162646484375,0.42
3.67218494415, -0.0933544921875,-0.704
3.67425203323, -0.0418408203125,1.88
3.67632508278, 0.147124023437,-1.472
3.67840194702, -0.104340820313,0.408
3.68047904968, -0.0904248046875,2.032
3.6825530529, 0.0946337890625,0.728
3.68462300301, 0.103178710937,-1.556
3.68670201302, -0.105805664063,0.948
3.68878006935, 0.106108398437,-2.38
3.69085502625, 0.0404345703125,-0.704
3.69292902946, -0.0594189453125,-0.7
3.69499802589, -0.137299804688,1.848
3.6970770359, 0.117094726562,-1.316
3.69915604591, -0.0926220703125,0.492
3.70122814178, -0.0904248046875,1.196
3.70330095291, 0.116362304687,0.708
3.70537495613, 0.100004882812,-1.604
3.70745110512, -0.120209960938,1.664
3.70952796936, 0.126127929687,-2.68
3.71160316467, 0.0399462890625,-0.6
3.7136721611, -0.0713818359375,-0.788
3.71573996544, -0.115815429688,1.3
3.71781802177, 0.180571289062,-1.616
3.71989512444, -0.0440380859375,0.58
3.72196912766, -0.0767529296875,1.184
3.72404313087, 0.101958007812,0.164
3.72611808777, 0.0987841796875,-0.428
3.72819709778, -0.116791992188,0.996
3.73027300835, 0.107329101562,-2.112
3.73235106468, 0.0467822265625,-0.892
3.73442316055, -0.0867626953125,0.652
3.73649215698, -0.101655273438,2.016
3.73861813545, 0.175932617187,-1.044
3.74069809914, -0.0716259765625,1.56
3.7427649498, -0.0691845703125,1.316
3.74483895302, 0.0284716796875,0.16
3.74690794945, 0.119780273437,-1.012
3.7489900589, -0.119233398438,2.096
3.75107192993, 0.132963867187,-2.624
3.75314903259, 0.0218798828125,-0.488
3.75522303581, -0.0801708984375,0.284
3.75729703903, -0.0813916015625,1.676
3.75936794281, 0.181791992187,-1.408
3.76144599915, -0.0699169921875,0.388
3.76350903511, -0.0784619140625,1.472
3.76558113098, 0.0108935546875,0.54
3.76764512062, 0.0929248046875,-1.724
3.76971793175, -0.0154736328125,0.328
3.77179193497, 0.0604541015625,-0.96
3.77386498451, 0.0553271484375,-0.096
3.77593708038, -0.101166992188,0.6
3.77801609039, -0.0899365234375,1.468
3.78013801575, 0.176665039062,-1.068
3.78221797943, -0.0821240234375,0.216
3.78429293633, -0.0955517578125,1.428
3.78636407852, 0.0555712890625,1.728
3.78843808174, 0.102934570312,-1.368
3.79051494598, -0.0547802734375,1.884
3.79258799553, 0.102690429687,-2.396
3.79466414452, 0.0299365234375,-0.668
3.79673314095, -0.0242626953125,0.264
3.79880905151, -0.119965820313,1.508
3.80087995529, 0.117094726562,-0.184
3.80295705795, -0.0762646484375,1.092
3.80502796173, -0.107270507813,1.604
3.80710411072, 0.0765673828125,0.46
3.80918192863, 0.105620117187,-1.028
3.81125116348, -0.0699169921875,1.94
3.81332111359, 0.103911132812,-2.3
3.81539201736, 0.0250537109375,-0.892
3.81746697426, -0.0445263671875,0.344
3.81958508492, -0.124604492188,1.624
3.82165908813, 0.123686523437,-0.076
3.82373714447, -0.0025341796875,0.996
3.82581400871, -0.0928662109375,1.636
3.82788515091, 0.0841357421875,0.596
3.82996201515, 0.0924365234375,-1.828
3.83203196526, -0.0872509765625,0.596
3.83410406113, 0.110014648437,-1.192
3.83618402481, 0.0470263671875,-0.076
3.83825397491, -0.0713818359375,0.588
3.84032797813, -0.102387695313,1.408
3.84240293503, 0.152983398437,-1.492
3.8445520401, -0.0352490234375,0.1
3.84662508965, -0.0870068359375,1.496
3.84870195389, -0.0350048828125,0.312
3.85077095032, 0.113188476562,-0.96
3.85285115242, -0.0806591796875,0.408
3.85492396355, 0.123198242187,-2.416
3.85699915886, 0.0243212890625,-0.012
3.85912394524, -0.0809033203125,0.34
3.86119604111, -0.0843212890625,1.156
3.86325907707, 0.168608398437,-1.408
3.86533713341, -0.0542919921875,0.904
3.86740708351, -0.0945751953125,1.26
3.86947894096, 0.0145556640625,0.1
3.87154603004, 0.130034179687,-1.148
3.87361598015, -0.0181591796875,0.688
3.87568306923, 0.0431201171875,-2.596
3.87774801254, 0.0406787109375,0.092
3.87982416153, -0.0767529296875,0.988
3.88189196587, -0.0784619140625,1.496
3.88396310806, 0.173247070312,-1.708
3.88603901863, -0.0625927734375,-0.364
3.88811302185, -0.0794384765625,1.2
3.89018893242, 0.0221240234375,0.34
3.8922560215, 0.0980517578125,-1.06
3.89432907104, -0.0184033203125,0.436
3.89639616013, 0.0575244140625,-2.372
3.89847111702, 0.0296923828125,-0.08
3.90054512024, -0.0237744140625,0.144
3.90261507034, -0.109956054688,1.296
3.90469503403, 0.0856005859375,-0.38
3.90675997734, -0.0872509765625,-0.16
3.90883398056, -0.0860302734375,1.236
3.91090393066, 0.0594775390625,0.452
3.91297507286, 0.0978076171875,-1.436
3.91504502296, -0.0535595703125,0.828
3.91711211205, 0.102934570312,-1.432
3.91919112206, 0.0343310546875,-1.296
3.92125606537, -0.0525830078125,0.12
3.92333006859, -0.104584960938,0.252
3.92540502548, 0.0958544921875,-0.28
3.92747712135, 0.0189501953125,-0.172
3.92960500717, -0.0965283203125,1.44
3.93168115616, -0.0686962890625,0.54
3.93374705315, 0.105375976562,-1.404
3.93582606316, -0.0630810546875,0.86
3.93789505959, 0.115141601562,-2.696
3.93997502327, 0.0189501953125,-1.376
3.94204616547, -0.0513623046875,0.184
3.94411611557, -0.0992138671875,0.268
3.94618916512, 0.133696289062,0.064
3.94826292992, 0.0060107421875,-0.416
3.95033597946, -0.0867626953125,1.4
3.95240497589, -0.0530712890625,0.72
3.95447707176, 0.126127929687,-1.292
3.956553936, 0.0406787109375,0.616
3.95862412453, -0.0103466796875,-1.368
3.96069598198, 0.0274951171875,-1.584
3.96275901794, -0.0652783203125,0.112
3.96482610703, -0.104340820313,0.328
3.9668970108, 0.146391601562,0.004
3.96897411346, -0.0191357421875,-0.716
3.97104597092, -0.0975048828125,1.408
3.97311306, -0.0271923828125,1.996
3.9751830101, 0.128081054687,-1.64
3.97725296021, 0.0096728515625,1.048
3.97932696342, 0.0118701171875,-1.504
3.98139500618, 0.0582568359375,-1.636
3.9834690094, -0.0152294921875,0.132
3.9855401516, -0.110688476563,0.556
3.98761606216, 0.150541992187,0.156
3.9896941185, -0.0440380859375,0.084
3.99176216125, -0.0765087890625,1.296
3.99383616447, -0.0101025390625,1.976
3.9959051609, 0.102446289062,-1.168
3.99798202515, 0.0231005859375,0.552
